0 88.5 135.5 15.0 23.0
0 111.5 133.5 13.0 15.0
0 163.0 140.5 22.0 25.0
0 210.0 124.0 20.0 24.0
0 271.5 113.0 17.0 20.0
0 254.0 211.5 38.0 51.0
0 337.5 129.5 35.0 35.0
0 391.5 57.0 13.0 16.0
0 422.5 52.5 7.0 11.0
0 433.5 94.0 15.0 18.0
0 449.5 95.5 23.0 33.0
0 495.5 49.5 11.0 19.0
0 506.0 39.0 8.0 12.0
0 534.0 38.5 10.0 13.0
0 559.5 46.0 11.0 14.0
0 570.5 39.0 9.0 12.0
0 629.5 37.5 11.0 13.0
0 607.5 111.0 25.0 24.0
0 643.5 87.5 19.0 25.0
0 667.5 82.0 21.0 28.0
0 669.5 44.0 11.0 12.0
0 746.0 78.0 18.0 22.0
0 764.0 68.0 12.0 20.0
0 785.0 52.5 12.0 15.0
0 822.0 82.5 14.0 23.0
0 844.5 81.5 13.0 21.0
0 881.0 99.5 12.0 17.0
0 879.5 116.0 19.0 24.0
0 905.0 92.5 10.0 15.0
0 910.5 100.5 11.0 19.0
0 689.5 50.5 11.0 15.0
0 713.5 40.0 11.0 16.0
0 626.0 42.5 10.0 11.0
0 593.5 56.5 9.0 11.0
