0 153.0 351.0 38.0 42.0
0 101.5 267.5 27.0 43.0
0 103.5 240.5 31.0 31.0
0 234.5 244.0 29.0 40.0
0 294.5 200.5 29.0 37.0
0 311.5 166.0 25.0 22.0
0 220.0 152.0 24.0 24.0
0 204.0 126.5 22.0 29.0
0 159.0 136.0 20.0 26.0
0 156.5 122.0 15.0 20.0
0 221.5 107.5 19.0 21.0
0 193.0 88.0 16.0 18.0
0 68.0 166.5 20.0 23.0
0 59.0 141.5 18.0 23.0
0 58.0 126.0 14.0 14.0
0 57.5 113.0 15.0 18.0
0 258.0 75.0 14.0 16.0
0 274.5 75.0 13.0 20.0
0 313.0 72.0 16.0 26.0
0 361.0 90.5 22.0 21.0
0 372.5 77.0 15.0 16.0
0 363.5 119.0 21.0 24.0
0 391.0 135.0 20.0 22.0
0 433.0 130.0 24.0 24.0
0 474.5 99.5 25.0 21.0
0 517.5 97.5 19.0 25.0
0 602.5 164.5 25.0 31.0
0 671.5 262.0 31.0 38.0
0 451.0 50.0 18.0 20.0
0 470.0 52.0 18.0 22.0
0 502.0 48.5 16.0 19.0
0 532.5 48.5 15.0 19.0
0 575.5 73.5 15.0 17.0
0 598.0 50.5 12.0 19.0
0 601.0 38.5 14.0 15.0
0 614.0 72.5 16.0 19.0
0 586.5 95.0 17.0 20.0
0 623.0 100.5 16.0 19.0
0 621.0 130.0 26.0 28.0
0 696.5 179.5 27.0 29.0
0 656.5 50.0 13.0 14.0
0 634.5 64.0 17.0 18.0
0 701.5 103.5 19.0 23.0
0 716.0 119.0 20.0 24.0
0 715.0 77.5 18.0 19.0
0 737.5 74.0 13.0 18.0
0 734.5 57.5 13.0 17.0
0 774.0 69.5 20.0 21.0
0 802.0 88.5 16.0 19.0
0 787.0 138.5 24.0 25.0
0 850.5 191.0 25.0 32.0
0 883.5 156.5 21.0 25.0
0 874.0 128.0 14.0 22.0
0 906.0 121.0 18.0 22.0
0 917.0 93.0 18.0 22.0
0 964.0 112.0 18.0 22.0
0 989.0 121.0 16.0 24.0
0 1040.0 147.0 20.0 26.0
0 971.5 210.0 31.0 36.0
0 1139.5 195.0 27.0 32.0
