0 169.5 369.5 53.0 55.0
0 281.5 236.0 23.0 24.0
0 321.5 243.0 29.0 30.0
0 346.0 264.0 28.0 28.0
0 349.5 214.0 25.0 22.0
0 413.5 254.0 29.0 30.0
0 434.0 231.0 24.0 24.0
0 431.5 210.5 25.0 19.0
0 478.0 184.5 22.0 21.0
0 499.5 234.5 27.0 29.0
0 494.5 211.0 23.0 24.0
0 543.0 238.0 30.0 28.0
0 585.0 283.5 40.0 43.0
0 529.5 231.5 21.0 25.0
0 519.5 182.0 21.0 20.0
0 541.5 181.5 19.0 25.0
0 565.5 169.0 17.0 20.0
0 577.0 210.5 24.0 27.0
0 620.0 185.0 16.0 20.0
0 640.0 195.0 22.0 26.0
0 664.5 177.0 21.0 26.0
0 680.0 161.0 22.0 22.0
0 697.0 153.0 18.0 20.0
0 697.5 171.0 17.0 22.0
0 710.5 182.0 17.0 22.0
0 677.0 196.5 22.0 25.0
0 617.5 225.5 23.0 31.0
0 655.5 251.0 29.0 36.0
0 733.0 267.5 32.0 37.0
0 621.5 338.5 39.0 37.0
0 726.0 317.5 38.0 51.0
0 772.5 327.5 43.0 51.0
0 795.5 263.5 33.0 43.0
0 840.5 254.0 33.0 34.0
0 735.5 228.0 37.0 36.0
0 771.5 211.0 27.0 30.0
0 734.5 172.5 19.0 25.0
0 735.0 155.5 16.0 15.0
0 741.0 143.5 14.0 17.0
0 764.0 149.5 14.0 17.0
0 767.5 171.5 19.0 19.0
0 780.0 157.0 16.0 20.0
0 817.5 198.0 23.0 32.0
0 830.0 223.0 20.0 26.0
0 859.5 210.5 29.0 27.0
0 861.0 176.5 20.0 23.0
0 821.0 161.5 14.0 19.0
0 818.5 145.5 13.0 17.0
0 837.0 161.5 16.0 21.0
0 890.0 176.0 20.0 26.0
0 897.5 167.5 17.0 19.0
0 908.5 166.0 13.0 18.0
0 952.0 166.5 20.0 19.0
0 941.0 184.5 18.0 19.0
0 956.0 198.5 18.0 25.0
0 988.0 173.0 18.0 22.0
0 1002.5 189.0 23.0 26.0
0 985.5 207.5 19.0 25.0
0 992.0 252.5 30.0 33.0
0 962.0 304.0 34.0 40.0
0 879.5 283.5 39.0 39.0
0 856.5 383.5 45.0 55.0
0 998.5 359.0 49.0 52.0
0 1025.5 319.5 37.0 49.0
0 1046.5 279.5 31.0 41.0
0 1061.0 238.0 24.0 32.0
0 1029.5 223.0 25.0 30.0
0 1031.0 192.5 20.0 25.0
0 1029.0 179.5 22.0 21.0
0 1043.5 187.0 19.0 22.0
0 1073.0 181.0 22.0 24.0
0 1093.0 198.5 24.0 31.0
0 1078.0 222.5 18.0 25.0
0 1126.5 329.5 35.0 39.0
0 1106.0 311.5 24.0 23.0
0 1128.5 252.0 23.0 30.0
0 1120.5 222.0 23.0 32.0
0 1138.0 214.5 18.0 29.0
0 1140.5 192.5 21.0 21.0
