0 80.0 327.0 42.0 48.0
0 277.0 229.5 20.0 23.0
0 340.0 211.0 20.0 28.0
0 305.5 252.5 25.0 31.0
0 353.5 248.0 25.0 24.0
0 428.0 193.5 16.0 25.0
0 403.5 242.0 25.0 30.0
0 424.5 221.5 19.0 21.0
0 469.0 182.0 22.0 28.0
0 462.5 231.0 15.0 24.0
0 489.0 203.5 18.0 21.0
0 493.0 179.0 18.0 22.0
0 524.0 157.5 16.0 23.0
0 538.0 179.0 20.0 20.0
0 520.0 209.5 26.0 23.0
0 490.5 232.0 21.0 24.0
0 520.5 183.0 21.0 24.0
0 554.5 166.5 17.0 17.0
0 542.5 233.0 21.0 34.0
0 562.5 276.0 31.0 38.0
0 605.5 216.0 23.0 26.0
0 612.5 180.5 15.0 21.0
0 630.5 190.5 21.0 19.0
0 643.5 241.5 27.0 31.0
0 654.5 278.0 33.0 34.0
0 726.0 300.0 38.0 54.0
0 777.0 324.5 46.0 39.0
0 681.0 184.5 14.0 17.0
0 659.5 162.5 17.0 21.0
0 637.0 169.0 22.0 22.0
0 852.0 325.0 36.0 48.0
0 797.0 248.5 34.0 33.0
0 722.0 228.0 22.0 28.0
0 691.5 146.5 15.0 19.0
0 736.5 139.5 17.0 23.0
0 726.0 147.0 14.0 18.0
0 755.5 144.5 21.0 21.0
0 775.5 150.0 19.0 18.0
0 728.0 170.5 20.0 17.0
0 800.0 145.0 10.0 18.0
0 839.0 146.5 16.0 19.0
0 815.5 152.0 13.0 20.0
0 824.5 173.5 21.0 23.0
0 836.0 205.5 22.0 27.0
0 767.5 205.5 21.0 25.0
0 876.5 193.0 19.0 22.0
0 887.5 169.0 21.0 24.0
0 827.5 249.0 25.0 38.0
0 870.5 278.0 31.0 38.0
0 948.5 288.5 33.0 41.0
0 919.0 150.5 18.0 21.0
0 946.0 161.5 20.0 19.0
0 920.5 179.0 23.0 22.0
0 944.5 196.5 23.0 29.0
0 962.5 159.0 15.0 14.0
0 993.0 181.0 20.0 22.0
0 1023.0 167.5 18.0 19.0
0 983.5 243.0 25.0 34.0
0 996.5 346.0 33.0 42.0
0 1028.0 312.0 34.0 46.0
0 1010.0 234.0 30.0 40.0
0 1038.5 256.0 29.0 38.0
0 1098.5 321.5 33.0 39.0
0 1062.0 243.5 20.0 27.0
0 1143.5 243.0 27.0 28.0
0 1098.0 219.0 18.0 28.0
0 1057.5 172.0 17.0 16.0
0 1083.0 188.0 20.0 24.0
0 1029.0 193.5 16.0 23.0
0 1062.5 208.5 15.0 19.0
0 1133.0 211.0 12.0 20.0
0 1114.0 215.0 16.0 22.0
0 1132.5 190.0 15.0 16.0
0 778.5 165.0 23.0 22.0
0 849.0 164.5 18.0 19.0
0 987.5 207.5 21.0 23.0
0 702.5 173.0 21.0 18.0
0 674.5 150.0 17.0 16.0
0 685.5 275.0 33.0 34.0
0 782.5 233.5 29.0 33.0
0 1035.0 180.0 18.0 22.0
