0 87.5 134.0 15.0 16.0
0 187.0 191.5 34.0 39.0
0 211.5 180.0 41.0 46.0
0 200.0 139.5 34.0 33.0
0 220.0 106.5 22.0 25.0
0 265.0 84.5 22.0 25.0
0 331.0 107.5 18.0 23.0
0 348.5 111.5 21.0 23.0
0 375.5 105.0 19.0 22.0
0 418.5 128.5 31.0 35.0
0 418.5 96.5 25.0 31.0
0 406.0 78.0 18.0 22.0
0 382.5 75.0 21.0 20.0
0 365.5 82.0 17.0 20.0
0 437.0 81.0 18.0 22.0
0 456.0 108.5 24.0 33.0
0 469.0 72.5 18.0 25.0
0 453.5 66.5 13.0 17.0
0 488.5 67.0 13.0 16.0
0 506.5 82.5 15.0 23.0
0 526.5 95.0 17.0 22.0
0 532.0 84.5 18.0 19.0
0 519.0 73.5 16.0 15.0
0 511.5 34.5 13.0 13.0
0 525.5 33.0 13.0 12.0
0 545.0 35.0 16.0 14.0
0 558.5 82.5 17.0 19.0
0 603.0 79.0 22.0 26.0
0 604.5 60.5 19.0 17.0
0 637.0 60.5 18.0 21.0
0 655.5 61.5 15.0 19.0
0 667.5 52.5 17.0 17.0
0 702.5 46.5 17.0 17.0
0 670.0 84.5 14.0 19.0
0 681.5 95.5 19.0 21.0
0 595.0 142.5 26.0 31.0
0 400.0 194.5 50.0 51.0
0 666.5 165.0 31.0 38.0
0 700.0 159.0 22.0 26.0
0 723.0 139.5 22.0 27.0
0 718.5 107.5 21.0 27.0
0 708.0 84.0 16.0 18.0
0 720.0 69.0 18.0 20.0
0 734.0 89.5 16.0 21.0
0 751.5 69.0 19.0 20.0
0 774.5 82.5 17.0 19.0
0 768.0 112.5 16.0 19.0
0 707.5 200.5 33.0 43.0
0 787.0 202.0 30.0 38.0
0 831.0 236.0 38.0 48.0
0 819.0 164.0 24.0 34.0
0 777.0 137.0 24.0 26.0
0 840.5 99.5 27.0 33.0
0 888.5 159.5 27.0 35.0
0 901.0 92.5 24.0 31.0
