0 320.0 278.5 60.0 67.0
0 304.5 102.0 19.0 18.0
0 324.5 101.0 15.0 18.0
0 343.0 96.5 16.0 15.0
0 383.0 89.5 16.0 17.0
0 409.5 90.5 15.0 15.0
0 423.0 119.5 24.0 17.0
0 433.0 91.0 14.0 14.0
0 410.0 77.5 14.0 15.0
0 413.5 72.5 15.0 13.0
0 440.5 80.0 13.0 16.0
0 435.5 74.0 11.0 14.0
0 447.0 73.0 16.0 12.0
0 466.0 68.0 14.0 12.0
0 489.5 65.0 15.0 12.0
0 500.0 73.0 16.0 16.0
0 456.5 96.5 15.0 21.0
0 466.0 97.0 16.0 20.0
0 509.0 101.0 18.0 20.0
0 528.5 69.5 15.0 15.0
0 538.0 65.0 14.0 16.0
0 540.5 71.5 15.0 15.0
0 545.0 85.5 18.0 15.0
0 535.5 94.5 17.0 19.0
0 579.0 87.0 18.0 18.0
0 555.5 69.5 17.0 17.0
0 570.0 54.0 12.0 14.0
0 583.5 62.0 13.0 14.0
0 604.5 70.5 15.0 17.0
0 636.5 76.0 11.0 12.0
0 640.0 58.0 10.0 14.0
0 657.5 62.5 9.0 15.0
0 674.0 72.0 12.0 16.0
0 689.0 75.0 12.0 14.0
0 649.0 91.5 16.0 19.0
0 668.5 92.5 15.0 23.0
0 682.5 92.5 13.0 19.0
0 590.0 108.0 20.0 26.0
0 529.5 121.0 25.0 26.0
0 618.5 115.0 19.0 28.0
0 617.0 102.0 20.0 22.0
0 665.5 122.0 19.0 26.0
0 709.5 68.5 11.0 13.0
0 724.0 77.0 14.0 16.0
0 752.5 80.0 13.0 14.0
0 764.0 69.5 12.0 13.0
0 765.0 86.5 14.0 17.0
0 719.5 93.0 19.0 20.0
0 751.5 102.0 17.0 20.0
0 735.5 86.5 15.0 17.0
0 734.5 121.0 17.0 24.0
0 793.0 100.0 14.0 22.0
0 796.5 74.0 11.0 14.0
0 824.0 84.5 10.0 15.0
0 842.0 86.5 12.0 17.0
0 877.0 88.0 14.0 14.0
0 874.5 106.0 11.0 14.0
0 872.0 118.0 16.0 18.0
0 832.0 105.0 12.0 16.0
0 824.0 118.0 16.0 20.0
0 856.0 136.0 18.0 22.0
0 812.0 138.5 20.0 27.0
