0 113.5 319.0 61.0 72.0
0 273.0 145.5 22.0 29.0
0 291.0 147.0 24.0 32.0
0 315.0 140.5 22.0 31.0
0 386.0 134.0 24.0 30.0
0 383.0 113.5 22.0 23.0
0 415.0 129.0 26.0 30.0
0 433.0 114.0 20.0 24.0
0 461.0 143.5 26.0 31.0
0 493.0 135.5 24.0 29.0
0 533.5 180.5 29.0 35.0
0 453.0 107.0 22.0 26.0
0 513.0 94.5 22.0 21.0
0 537.0 103.0 20.0 26.0
0 538.5 88.5 21.0 19.0
0 584.5 132.0 27.0 32.0
0 617.0 115.5 20.0 23.0
0 563.5 88.0 23.0 26.0
0 588.0 88.5 24.0 27.0
0 615.0 77.0 20.0 20.0
0 635.5 91.0 21.0 28.0
0 682.5 120.5 21.0 23.0
0 662.0 89.5 18.0 23.0
0 683.0 83.0 18.0 22.0
0 688.0 69.5 18.0 21.0
0 715.0 70.0 22.0 22.0
0 728.0 101.5 20.0 25.0
0 709.5 106.0 23.0 26.0
0 720.0 88.0 16.0 22.0
0 751.0 113.0 20.0 26.0
0 758.0 95.0 16.0 22.0
0 752.5 79.5 19.0 19.0
0 743.0 63.5 18.0 19.0
0 784.5 63.5 19.0 23.0
0 811.5 80.0 21.0 22.0
0 815.5 98.5 21.0 25.0
0 819.0 69.0 18.0 24.0
0 858.0 69.5 18.0 23.0
0 851.0 85.0 20.0 24.0
0 887.5 79.0 19.0 28.0
0 860.5 114.0 27.0 34.0
0 819.5 128.0 27.0 34.0
0 751.5 166.5 29.0 37.0
0 712.5 190.5 31.0 37.0
0 740.0 208.5 34.0 41.0
0 815.5 226.0 33.0 46.0
0 891.0 238.0 36.0 42.0
0 898.0 147.0 26.0 34.0
0 919.5 132.5 23.0 29.0
0 907.5 118.0 23.0 22.0
0 943.5 105.5 25.0 31.0
0 966.5 109.5 21.0 29.0
0 977.5 93.5 21.0 29.0
0 951.5 160.0 23.0 36.0
0 989.5 262.5 39.0 61.0
0 1063.5 288.5 39.0 57.0
0 1088.0 240.5 34.0 49.0
0 1174.0 255.0 32.0 48.0
0 1184.5 207.0 27.0 36.0
0 1215.5 207.5 23.0 39.0
0 1205.5 173.5 25.0 31.0
0 1222.0 146.5 24.0 31.0
0 1174.0 134.0 16.0 30.0
0 1156.5 150.0 17.0 26.0
0 1148.5 196.5 25.0 29.0
0 1072.0 193.5 30.0 33.0
0 1105.5 155.0 23.0 30.0
0 1120.5 144.0 19.0 26.0
0 1122.0 126.5 18.0 21.0
0 1082.5 128.5 21.0 29.0
0 1020.0 125.0 24.0 30.0
0 985.0 144.5 24.0 35.0
0 1014.5 176.0 27.0 36.0
0 1007.0 102.0 20.0 28.0
