0 527.5 168.0 41.0 42.0
0 377.0 86.0 14.0 18.0
0 402.5 86.0 11.0 18.0
0 413.0 90.0 14.0 14.0
0 430.5 95.0 15.0 16.0
0 417.0 74.5 12.0 15.0
0 438.0 76.0 12.0 16.0
0 457.0 84.0 14.0 16.0
0 462.5 100.5 15.0 15.0
0 489.0 95.5 16.0 19.0
0 468.0 75.0 12.0 14.0
0 449.0 72.0 10.0 14.0
0 480.5 67.5 11.0 13.0
0 512.5 66.5 13.0 17.0
0 529.0 74.5 12.0 19.0
0 560.5 73.0 13.0 18.0
0 585.0 80.0 12.0 14.0
0 615.5 61.5 11.0 15.0
0 646.0 61.0 14.0 14.0
0 612.5 109.0 19.0 24.0
0 650.5 100.0 13.0 20.0
0 689.5 115.5 17.0 25.0
0 840.0 150.0 16.0 24.0
0 903.5 122.5 13.0 19.0
0 911.5 106.5 13.0 19.0
0 884.5 86.5 15.0 21.0
0 907.5 88.0 13.0 14.0
0 801.0 92.0 14.0 18.0
0 773.5 86.0 11.0 18.0
0 783.0 76.0 14.0 18.0
0 771.5 110.0 15.0 20.0
0 748.0 91.5 14.0 19.0
0 750.5 72.5 13.0 17.0
0 738.0 67.0 10.0 14.0
0 712.0 94.0 16.0 18.0
0 708.5 75.5 13.0 15.0
0 681.5 95.0 15.0 14.0
0 677.0 82.5 12.0 11.0
