0 202.0 289.5 46.0 51.0
0 345.5 158.5 27.0 25.0
0 457.0 165.0 24.0 24.0
0 508.0 201.0 36.0 38.0
0 475.0 118.5 18.0 23.0
0 447.0 130.0 20.0 20.0
0 504.0 109.5 26.0 21.0
0 488.0 90.0 16.0 16.0
0 512.0 85.0 14.0 18.0
0 563.5 82.0 17.0 18.0
0 592.0 87.0 16.0 16.0
0 554.5 128.0 17.0 20.0
0 611.0 95.0 18.0 18.0
0 702.0 150.0 22.0 26.0
0 764.5 158.0 29.0 30.0
0 829.0 164.0 30.0 32.0
0 732.5 90.5 13.0 19.0
0 758.0 94.5 16.0 21.0
0 796.5 69.0 17.0 18.0
0 850.5 78.0 13.0 18.0
0 853.0 103.0 18.0 22.0
0 928.0 129.5 24.0 25.0
0 915.5 298.5 57.0 73.0
0 387.0 158.5 22.0 25.0
0 480.5 141.0 33.0 32.0
