0 181.5 285.5 45.0 51.0
0 285.0 153.0 18.0 18.0
0 403.5 159.5 19.0 23.0
0 415.0 131.5 16.0 17.0
0 465.5 128.0 17.0 18.0
0 386.5 123.0 17.0 20.0
0 373.0 109.5 14.0 17.0
0 427.0 92.5 14.0 15.0
0 522.0 71.0 12.0 12.0
0 541.5 77.5 13.0 13.0
0 563.5 74.0 11.0 14.0
0 575.5 60.5 13.0 13.0
0 599.0 68.5 12.0 15.0
0 574.0 107.5 16.0 17.0
0 629.5 89.0 15.0 16.0
0 492.5 183.5 27.0 25.0
0 551.5 193.0 21.0 24.0
0 593.0 142.5 20.0 21.0
0 624.5 155.5 21.0 25.0
0 678.0 122.0 16.0 18.0
0 676.0 97.5 18.0 19.0
0 706.0 83.0 18.0 24.0
0 758.0 71.5 22.0 27.0
0 742.0 145.0 26.0 28.0
0 703.5 182.5 27.0 41.0
0 748.5 200.0 31.0 40.0
0 802.0 157.0 22.0 28.0
0 778.0 129.0 16.0 24.0
0 803.0 106.5 16.0 21.0
0 818.0 143.5 18.0 21.0
0 831.5 199.0 27.0 34.0
0 857.5 172.5 27.0 29.0
0 897.5 223.0 35.0 42.0
0 913.5 179.0 27.0 40.0
0 823.5 76.0 13.0 18.0
0 852.0 80.5 12.0 17.0
0 876.0 83.0 12.0 16.0
0 867.0 66.5 12.0 15.0
0 887.5 69.5 13.0 17.0
0 919.5 79.0 11.0 18.0
0 954.5 88.5 11.0 15.0
