0 149.0 333.0 52.0 62.0
0 277.0 161.5 16.0 27.0
0 361.5 146.0 23.0 22.0
0 402.5 145.5 17.0 21.0
0 418.0 122.0 20.0 24.0
0 430.5 137.0 21.0 30.0
0 488.5 159.0 25.0 34.0
0 518.5 115.0 17.0 24.0
0 525.5 141.5 17.0 21.0
0 567.0 179.5 26.0 33.0
0 555.5 103.5 21.0 21.0
0 560.0 121.0 18.0 26.0
0 580.5 103.0 15.0 26.0
0 619.0 103.5 20.0 23.0
0 607.5 155.0 19.0 30.0
0 645.5 124.5 19.0 23.0
0 638.0 92.5 14.0 17.0
0 655.0 54.5 18.0 25.0
0 713.5 134.5 17.0 23.0
0 710.0 100.0 18.0 26.0
0 738.5 129.0 19.0 26.0
0 750.5 84.0 19.0 22.0
0 750.0 100.0 18.0 22.0
0 770.0 78.0 20.0 20.0
0 814.5 77.0 19.0 20.0
0 789.0 98.5 18.0 21.0
0 828.0 95.0 20.0 22.0
0 853.0 80.5 16.0 19.0
0 909.0 94.0 20.0 20.0
0 804.5 125.0 19.0 28.0
0 847.0 110.5 16.0 21.0
0 790.0 178.0 24.0 34.0
0 724.5 210.0 33.0 36.0
0 773.0 225.0 30.0 38.0
0 842.5 248.5 35.0 41.0
0 844.5 150.0 27.0 34.0
0 911.0 130.0 18.0 26.0
0 922.0 158.5 24.0 29.0
0 966.5 139.5 19.0 29.0
0 978.5 176.5 27.0 31.0
0 952.5 128.5 15.0 23.0
0 996.5 106.5 19.0 25.0
0 1034.5 119.0 17.0 24.0
0 1014.5 145.5 21.0 33.0
0 1041.0 145.0 20.0 24.0
0 1043.0 184.0 26.0 34.0
0 928.0 240.0 32.0 44.0
0 1022.5 278.0 35.0 48.0
0 1093.0 313.0 28.0 46.0
0 1099.0 212.0 24.0 34.0
0 1112.0 252.5 28.0 39.0
0 1117.0 129.5 18.0 21.0
0 1109.0 145.5 20.0 23.0
0 1133.0 168.5 20.0 29.0
0 1148.5 154.0 17.0 24.0
0 1155.0 138.5 18.0 23.0
0 1174.0 197.5 22.0 27.0
0 1193.5 166.5 17.0 29.0
0 1207.0 153.5 16.0 21.0
0 1248.5 157.0 17.0 22.0
0 1209.5 281.0 27.0 34.0
0 1205.5 233.5 21.0 29.0
0 1243.0 223.0 22.0 28.0
0 1243.0 185.5 22.0 27.0
0 1234.0 205.0 18.0 26.0
0 1002.0 128.5 22.0 29.0
0 882.5 101.5 15.0 23.0
0 716.0 85.0 16.0 22.0
0 596.5 97.5 17.0 21.0
0 456.5 129.5 19.0 21.0
