0 213.0 281.0 52.0 52.0
0 268.0 242.5 42.0 61.0
0 392.0 155.5 20.0 25.0
0 336.0 179.0 22.0 28.0
0 511.5 196.5 33.0 37.0
0 439.5 144.5 19.0 23.0
0 465.5 181.0 27.0 26.0
0 479.0 136.5 20.0 25.0
0 482.0 113.0 18.0 24.0
0 506.5 119.5 19.0 21.0
0 574.5 120.0 17.0 22.0
0 705.0 155.0 24.0 32.0
0 765.5 172.5 23.0 33.0
0 818.5 180.0 23.0 32.0
0 938.5 133.0 19.0 26.0
0 736.5 91.5 17.0 21.0
0 766.0 87.0 16.0 18.0
0 780.0 92.0 14.0 22.0
0 801.0 88.0 18.0 18.0
0 825.0 94.0 18.0 24.0
0 855.0 104.0 20.0 22.0
0 871.0 76.5 12.0 17.0
0 616.5 92.0 13.0 20.0
0 590.5 89.5 15.0 19.0
0 568.0 84.0 16.0 20.0
0 547.0 97.5 18.0 23.0
0 514.5 96.0 15.0 20.0
0 501.0 93.5 16.0 19.0
