0 86.0 164.0 26.0 30.0
0 285.5 135.0 19.0 22.0
0 300.5 133.0 17.0 20.0
0 339.5 112.0 17.0 22.0
0 361.5 112.5 19.0 21.0
0 366.0 132.0 20.0 22.0
0 343.5 135.0 19.0 22.0
0 386.0 137.5 18.0 25.0
0 386.5 118.5 15.0 19.0
0 392.5 101.0 13.0 16.0
0 399.5 118.0 17.0 26.0
0 418.5 140.0 21.0 26.0
0 431.5 121.0 19.0 24.0
0 456.0 146.5 22.0 25.0
0 467.0 125.0 20.0 24.0
0 458.0 113.5 14.0 17.0
0 452.0 96.5 16.0 19.0
0 431.0 101.0 14.0 16.0
0 413.5 101.5 17.0 21.0
0 498.0 89.5 16.0 19.0
0 508.5 92.5 15.0 17.0
0 513.5 106.5 21.0 19.0
0 537.0 107.5 18.0 21.0
0 550.0 94.0 18.0 18.0
0 570.5 111.0 15.0 20.0
0 581.0 96.5 16.0 19.0
0 564.0 83.5 14.0 15.0
0 561.0 77.0 16.0 16.0
0 531.5 79.5 13.0 17.0
0 511.5 76.5 13.0 15.0
0 587.5 82.0 13.0 16.0
0 607.5 85.0 13.0 16.0
0 620.0 96.0 14.0 18.0
0 610.5 93.5 11.0 15.0
0 620.5 76.5 11.0 15.0
0 627.5 74.0 11.0 16.0
0 638.0 82.5 16.0 19.0
0 656.0 91.0 16.0 20.0
0 656.0 72.5 16.0 17.0
0 670.5 66.0 11.0 14.0
0 678.0 74.5 12.0 15.0
0 685.5 108.0 19.0 22.0
0 670.5 86.0 13.0 18.0
0 695.5 80.5 15.0 17.0
0 698.5 67.0 15.0 18.0
0 721.5 69.0 17.0 20.0
0 605.5 133.5 25.0 29.0
0 638.0 124.0 22.0 28.0
0 654.0 146.0 26.0 28.0
0 696.0 130.5 20.0 25.0
0 708.0 150.5 28.0 29.0
0 711.0 184.0 34.0 42.0
0 763.5 221.5 35.0 41.0
0 806.0 179.0 30.0 36.0
0 839.0 156.5 22.0 31.0
0 937.0 194.0 30.0 34.0
0 941.0 152.0 20.0 24.0
0 957.0 136.0 16.0 28.0
0 954.5 122.5 15.0 19.0
0 972.0 116.0 16.0 20.0
0 932.5 94.0 13.0 22.0
0 925.5 107.5 15.0 23.0
0 918.0 110.0 16.0 22.0
0 911.5 120.5 15.0 19.0
0 907.5 138.0 21.0 28.0
0 858.0 131.5 18.0 25.0
0 874.0 130.5 14.0 23.0
0 885.5 113.5 19.0 23.0
0 894.0 99.0 14.0 22.0
0 872.5 92.5 15.0 21.0
0 857.0 99.5 14.0 19.0
0 849.5 104.5 15.0 17.0
0 836.5 122.5 21.0 23.0
0 809.0 126.0 20.0 26.0
0 812.5 101.0 19.0 20.0
0 816.5 83.5 15.0 17.0
0 802.0 88.5 14.0 15.0
0 852.0 84.0 14.0 18.0
0 797.5 78.5 15.0 17.0
0 775.0 81.0 16.0 18.0
0 770.5 117.0 19.0 22.0
0 784.5 143.5 23.0 31.0
0 749.5 141.0 21.0 28.0
0 731.5 110.0 21.0 24.0
0 715.5 108.5 15.0 17.0
0 752.0 102.0 16.0 22.0
0 750.0 88.0 16.0 20.0
