0 226.5 263.5 55.0 57.0
0 261.5 223.0 45.0 56.0
0 314.5 143.5 25.0 27.0
0 360.0 167.0 24.0 28.0
0 376.0 153.5 18.0 21.0
0 413.0 111.5 22.0 25.0
0 442.5 75.0 15.0 16.0
0 473.5 110.0 19.0 24.0
0 454.0 127.5 22.0 23.0
0 474.5 130.0 23.0 22.0
0 460.5 167.5 23.0 29.0
0 511.5 188.0 29.0 32.0
0 500.0 118.0 18.0 22.0
0 481.5 85.5 15.0 19.0
0 509.5 97.5 17.0 19.0
0 516.0 77.0 14.0 14.0
0 542.0 101.0 18.0 20.0
0 555.0 123.0 20.0 22.0
0 566.0 82.0 16.0 24.0
0 587.0 85.5 14.0 19.0
0 599.0 65.0 12.0 14.0
0 615.0 92.5 18.0 21.0
0 631.0 54.5 16.0 21.0
0 647.0 143.5 22.0 25.0
0 700.0 153.5 24.0 31.0
0 761.0 165.5 28.0 33.0
0 820.0 182.0 26.0 32.0
0 725.5 91.0 17.0 24.0
0 737.5 55.0 17.0 22.0
0 748.5 105.5 19.0 21.0
0 754.0 86.5 18.0 23.0
0 771.5 99.5 15.0 17.0
0 789.5 85.5 13.0 19.0
0 802.5 98.5 15.0 21.0
0 795.5 65.5 11.0 15.0
0 859.5 76.0 13.0 16.0
0 845.5 107.0 17.0 24.0
0 901.0 114.5 18.0 23.0
0 924.5 132.5 21.0 21.0
