0 160.0 341.5 56.0 67.0
0 278.0 162.5 20.0 25.0
0 300.0 165.5 18.0 25.0
0 322.0 157.5 22.0 27.0
0 386.5 146.0 21.0 24.0
0 390.0 128.5 24.0 23.0
0 427.5 140.0 23.0 22.0
0 459.5 122.0 25.0 18.0
0 438.5 126.0 19.0 22.0
0 514.0 114.5 18.0 21.0
0 548.0 103.0 18.0 24.0
0 572.5 102.5 19.0 21.0
0 589.5 101.0 19.0 28.0
0 596.0 105.5 22.0 31.0
0 625.5 93.0 19.0 22.0
0 466.5 161.5 19.0 29.0
0 500.5 151.0 17.0 18.0
0 546.5 120.5 19.0 21.0
0 591.0 152.0 24.0 28.0
0 545.0 190.5 32.0 29.0
0 625.0 129.0 20.0 20.0
0 648.0 105.0 24.0 28.0
0 697.5 86.0 17.0 22.0
0 752.0 81.0 20.0 20.0
0 795.5 79.5 19.0 21.0
0 668.0 106.0 20.0 26.0
0 693.5 134.5 19.0 25.0
0 829.5 84.5 15.0 19.0
0 826.5 113.5 25.0 15.0
0 731.0 104.5 22.0 21.0
0 732.5 90.0 29.0 18.0
0 865.0 87.0 16.0 20.0
0 731.5 126.0 19.0 22.0
0 757.0 126.0 18.0 22.0
0 768.5 112.0 21.0 26.0
0 863.5 102.0 21.0 26.0
0 892.0 96.5 16.0 27.0
0 723.0 203.5 26.0 29.0
0 757.0 186.0 24.0 40.0
0 824.5 151.0 25.0 32.0
0 885.5 133.5 23.0 25.0
0 976.5 103.0 19.0 24.0
0 950.0 122.0 22.0 26.0
0 924.0 141.0 28.0 26.0
0 746.5 231.0 21.0 30.0
0 826.0 243.5 30.0 37.0
0 894.5 171.0 27.0 30.0
0 903.5 242.0 29.0 36.0
0 946.0 184.5 28.0 33.0
0 981.5 132.5 25.0 29.0
0 1012.5 118.5 15.0 25.0
0 1031.5 134.0 23.0 26.0
0 1031.5 144.0 29.0 30.0
0 994.0 162.0 20.0 22.0
0 1023.5 190.0 25.0 28.0
0 995.0 270.0 32.0 46.0
0 1070.5 291.5 37.0 49.0
0 1083.5 207.5 23.0 33.0
0 1097.0 259.0 26.0 44.0
0 1091.0 144.0 18.0 26.0
0 1132.0 138.5 18.0 29.0
0 1113.0 173.0 22.0 28.0
0 1181.5 149.0 17.0 26.0
0 1164.0 165.5 20.0 23.0
0 1228.5 155.5 15.0 25.0
0 1219.5 188.0 19.0 24.0
0 1159.5 212.5 21.0 33.0
0 1222.5 221.0 23.0 36.0
0 1196.0 261.0 34.0 30.0
0 760.0 95.0 24.0 22.0
0 821.0 93.5 18.0 19.0
0 1183.0 226.5 18.0 31.0
