0 60.5 132.0 19.0 22.0
0 46.5 142.5 23.0 25.0
0 96.5 248.5 29.0 35.0
0 104.5 286.0 23.0 34.0
0 169.0 352.0 42.0 42.0
0 258.5 263.0 33.0 32.0
0 304.0 216.5 32.0 27.0
0 310.0 177.0 28.0 28.0
0 217.5 155.5 21.0 23.0
0 235.5 121.5 25.0 21.0
0 154.5 131.0 23.0 28.0
0 186.0 94.5 18.0 21.0
0 209.0 111.5 20.0 17.0
0 271.0 78.5 18.0 15.0
0 284.0 88.0 16.0 14.0
0 310.0 77.0 16.0 18.0
0 377.5 95.5 19.0 19.0
0 365.0 119.0 20.0 24.0
0 390.0 127.5 18.0 25.0
0 440.5 124.5 23.0 23.0
0 477.0 109.5 22.0 19.0
0 454.5 57.0 17.0 18.0
0 506.0 58.0 18.0 20.0
0 524.0 55.5 14.0 17.0
0 570.0 78.5 16.0 21.0
0 586.0 73.5 16.0 23.0
0 520.5 99.5 21.0 23.0
0 585.0 97.5 20.0 17.0
0 634.0 107.0 18.0 18.0
0 597.5 127.0 19.0 28.0
0 586.0 162.0 26.0 24.0
0 675.5 176.5 25.0 27.0
0 693.0 280.0 38.0 34.0
0 815.5 195.5 23.0 29.0
0 768.0 142.5 22.0 21.0
0 721.5 121.5 19.0 23.0
0 692.5 104.5 19.0 21.0
0 600.5 47.0 13.0 14.0
0 621.5 66.0 15.0 16.0
0 665.5 47.5 15.0 15.0
0 711.0 80.5 16.0 17.0
0 722.5 62.5 15.0 15.0
0 743.5 83.5 15.0 15.0
0 772.5 69.5 17.0 15.0
0 808.5 89.5 17.0 17.0
0 879.0 120.5 18.0 23.0
0 905.0 129.5 16.0 19.0
0 876.0 147.0 24.0 28.0
0 968.5 124.0 19.0 18.0
0 1014.5 141.0 21.0 22.0
0 1060.0 162.0 16.0 22.0
0 1085.0 183.0 22.0 24.0
0 980.0 217.0 24.0 32.0
0 1153.5 213.0 21.0 26.0
