0 216.0 203.5 40.0 45.0
0 318.5 135.5 19.0 25.0
0 330.0 112.0 20.0 22.0
0 360.5 114.5 17.0 21.0
0 422.5 117.0 17.0 18.0
0 423.5 103.5 13.0 13.0
0 425.0 94.5 14.0 15.0
0 452.0 101.5 18.0 21.0
0 453.0 121.0 20.0 22.0
0 483.0 132.0 22.0 28.0
0 482.0 107.0 18.0 22.0
0 478.5 89.5 15.0 17.0
0 466.5 83.0 13.0 18.0
0 506.5 88.5 15.0 21.0
0 512.0 79.5 12.0 13.0
0 506.5 73.0 11.0 14.0
0 526.5 89.0 15.0 22.0
0 545.5 107.0 21.0 22.0
0 561.5 91.0 15.0 24.0
0 544.5 83.5 15.0 19.0
0 534.0 70.5 12.0 17.0
0 556.5 73.5 13.0 11.0
0 570.0 85.0 14.0 16.0
0 593.0 97.0 18.0 24.0
0 596.5 84.5 15.0 19.0
0 635.5 85.5 13.0 19.0
0 656.0 86.5 16.0 19.0
0 644.0 72.5 12.0 15.0
0 636.0 60.5 12.0 17.0
0 619.0 59.0 12.0 12.0
0 600.5 65.0 11.0 14.0
0 669.0 69.0 14.0 14.0
0 681.0 100.5 22.0 25.0
0 707.5 69.5 13.0 19.0
0 695.5 74.0 13.0 14.0
0 663.5 65.0 9.0 12.0
0 525.5 168.5 31.0 35.0
0 594.5 165.5 27.0 35.0
0 616.5 172.5 31.0 39.0
0 591.5 135.5 21.0 25.0
0 640.5 131.0 25.0 26.0
0 686.0 124.0 20.0 26.0
0 715.0 111.0 16.0 20.0
0 725.0 132.5 22.0 29.0
0 718.0 97.5 16.0 19.0
0 751.0 101.5 16.0 19.0
0 771.5 88.5 17.0 21.0
0 762.5 74.0 17.0 16.0
0 792.0 81.0 16.0 18.0
0 790.5 104.0 17.0 22.0
0 808.5 99.0 15.0 22.0
0 821.0 108.5 18.0 21.0
0 802.5 121.0 21.0 26.0
0 801.0 165.5 26.0 33.0
0 767.0 197.0 30.0 34.0
0 685.0 179.5 32.0 43.0
0 666.0 170.0 22.0 30.0
0 819.5 206.5 35.0 41.0
0 859.0 176.5 26.0 35.0
0 815.0 155.5 20.0 31.0
0 839.5 131.5 23.0 27.0
0 839.0 101.5 16.0 21.0
0 851.0 89.5 14.0 19.0
0 867.0 109.5 18.0 23.0
0 876.5 108.0 15.0 22.0
0 887.0 91.0 14.0 22.0
0 900.5 112.5 19.0 21.0
0 911.0 100.0 16.0 22.0
0 919.0 94.0 14.0 18.0
0 895.5 130.5 17.0 27.0
0 878.5 167.0 21.0 28.0
0 919.0 222.5 36.0 41.0
0 925.0 185.5 30.0 35.0
0 952.5 164.0 27.0 32.0
0 934.5 139.5 21.0 27.0
0 943.0 131.5 20.0 23.0
0 954.0 115.0 16.0 20.0
0 949.5 101.0 11.0 14.0
