0 201.5 200.5 41.0 43.0
0 281.5 247.0 49.0 50.0
0 329.0 281.5 52.0 49.0
0 302.0 146.0 22.0 28.0
0 335.5 143.0 19.0 22.0
0 367.5 141.5 27.0 27.0
0 381.5 108.0 19.0 24.0
0 401.0 117.5 16.0 23.0
0 413.0 139.5 26.0 25.0
0 446.5 155.0 27.0 34.0
0 417.0 105.0 18.0 22.0
0 455.0 127.0 26.0 26.0
0 496.0 126.0 22.0 28.0
0 479.5 103.5 15.0 19.0
0 463.5 98.5 15.0 23.0
0 513.0 94.0 18.0 22.0
0 515.5 71.0 17.0 18.0
0 533.5 88.0 17.0 20.0
0 526.5 94.0 15.0 16.0
0 526.0 111.5 20.0 21.0
0 547.5 76.5 13.0 17.0
0 561.0 96.5 18.0 25.0
0 571.5 79.5 17.0 25.0
0 586.0 81.5 14.0 19.0
0 604.0 79.5 16.0 19.0
0 606.0 42.0 12.0 16.0
0 653.0 100.5 18.0 23.0
0 660.0 79.5 18.0 21.0
0 679.0 75.0 14.0 18.0
0 690.5 109.5 21.0 21.0
0 717.5 85.0 17.0 22.0
0 734.5 78.5 13.0 15.0
0 777.0 70.5 16.0 19.0
0 706.5 64.0 13.0 18.0
0 684.5 38.0 19.0 18.0
0 604.5 114.0 23.0 30.0
0 582.5 111.5 21.0 27.0
0 601.5 144.5 29.0 35.0
0 674.5 155.5 27.0 33.0
0 669.5 137.5 27.0 21.0
0 743.5 140.0 21.0 28.0
0 772.0 167.5 30.0 33.0
0 779.0 198.0 38.0 46.0
0 785.5 139.0 25.0 24.0
0 790.5 115.5 17.0 25.0
0 773.5 105.0 21.0 26.0
0 819.0 117.0 22.0 28.0
0 798.0 103.0 18.0 24.0
0 831.5 150.0 29.0 36.0
0 859.0 190.0 34.0 38.0
0 904.0 167.0 24.0 34.0
0 1038.5 232.0 51.0 60.0
0 992.5 243.0 27.0 36.0
0 966.0 169.0 22.0 24.0
0 1022.5 164.5 25.0 29.0
0 1023.5 128.5 23.0 29.0
0 1034.0 108.5 16.0 23.0
0 996.0 114.0 14.0 22.0
0 984.0 115.5 20.0 19.0
0 987.0 127.5 16.0 23.0
0 945.5 143.5 21.0 23.0
0 943.0 115.5 18.0 23.0
0 909.0 119.5 20.0 21.0
0 921.0 99.5 24.0 25.0
0 936.5 94.0 17.0 24.0
0 901.0 46.5 20.0 21.0
0 872.0 86.0 16.0 18.0
0 869.5 104.0 19.0 24.0
0 847.0 99.5 18.0 19.0
0 864.5 147.0 27.0 26.0
