0 170.5 213.0 35.0 40.0
0 265.5 172.5 19.0 23.0
0 298.0 155.5 22.0 27.0
0 311.5 174.5 23.0 21.0
0 371.5 168.5 23.0 25.0
0 404.5 171.5 19.0 25.0
0 395.0 154.5 14.0 23.0
0 409.0 143.0 16.0 24.0
0 410.0 111.5 14.0 17.0
0 385.5 141.0 15.0 18.0
0 435.0 111.0 16.0 18.0
0 450.0 107.0 16.0 24.0
0 477.5 139.0 21.0 24.0
0 483.5 112.5 13.0 19.0
0 500.5 116.0 19.0 24.0
0 505.5 138.5 23.0 25.0
0 479.0 98.5 12.0 15.0
0 517.5 89.0 13.0 14.0
0 516.0 105.5 18.0 23.0
0 549.5 111.5 17.0 21.0
0 551.5 91.5 19.0 19.0
0 536.0 86.5 12.0 17.0
0 564.0 85.0 14.0 16.0
0 588.0 115.5 20.0 29.0
0 605.5 109.0 21.0 24.0
0 602.5 82.0 17.0 18.0
0 592.5 78.0 19.0 18.0
0 631.0 83.5 16.0 19.0
0 638.5 70.0 17.0 16.0
0 662.5 85.0 21.0 20.0
0 661.5 66.0 17.0 18.0
0 689.0 63.0 14.0 16.0
0 705.0 80.0 16.0 18.0
0 695.0 82.0 14.0 16.0
0 715.0 68.5 14.0 19.0
0 755.0 64.0 16.0 18.0
0 746.0 86.0 22.0 22.0
0 706.0 104.5 20.0 27.0
0 671.5 123.0 21.0 26.0
0 659.5 158.0 25.0 30.0
0 601.0 152.5 30.0 35.0
0 568.5 198.0 37.0 36.0
0 524.0 186.5 28.0 37.0
0 658.5 195.5 35.0 37.0
0 766.0 190.5 32.0 39.0
0 803.0 215.0 38.0 46.0
0 867.0 241.5 36.0 41.0
0 971.5 257.5 41.0 51.0
0 970.5 200.0 33.0 36.0
0 896.0 186.5 30.0 35.0
0 830.0 164.5 28.0 29.0
0 782.0 150.0 26.0 30.0
0 762.0 138.0 24.0 26.0
0 709.5 132.0 25.0 28.0
0 760.0 108.0 22.0 28.0
0 781.0 119.5 26.0 29.0
0 805.5 139.5 25.0 31.0
0 788.0 84.5 16.0 19.0
0 788.0 71.5 18.0 19.0
0 821.5 82.0 13.0 18.0
0 834.0 87.5 18.0 23.0
0 870.5 94.5 19.0 23.0
0 840.5 126.5 19.0 29.0
0 871.5 149.0 25.0 30.0
0 887.5 128.0 21.0 28.0
0 888.0 86.5 16.0 21.0
0 893.0 72.5 16.0 19.0
0 920.0 86.5 14.0 19.0
0 927.0 81.5 12.0 17.0
0 920.0 105.5 18.0 21.0
0 944.0 128.0 22.0 26.0
0 932.0 161.5 20.0 29.0
0 984.5 159.0 27.0 28.0
0 991.0 118.0 22.0 24.0
0 954.5 94.5 15.0 21.0
0 967.5 84.0 13.0 16.0
