0 241.5 300.0 47.0 52.0
0 330.5 156.5 19.0 21.0
0 352.5 166.5 21.0 25.0
0 409.5 120.5 21.0 21.0
0 453.5 167.5 23.0 29.0
0 447.5 134.0 17.0 22.0
0 467.5 140.0 23.0 22.0
0 470.0 117.0 18.0 22.0
0 461.5 101.5 17.0 21.0
0 478.0 94.5 14.0 17.0
0 500.0 90.5 14.0 19.0
0 515.0 83.0 12.0 16.0
0 499.5 125.5 17.0 19.0
0 502.5 114.0 15.0 20.0
0 509.5 102.0 15.0 18.0
0 526.0 104.5 14.0 19.0
0 554.5 129.0 19.0 24.0
0 556.0 93.0 16.0 20.0
0 571.0 50.5 12.0 17.0
0 600.5 65.5 13.0 15.0
0 635.0 59.0 14.0 18.0
0 651.5 70.0 13.0 14.0
0 651.0 81.5 14.0 17.0
0 590.5 89.5 17.0 21.0
0 614.0 96.5 16.0 17.0
0 644.0 108.0 22.0 26.0
0 609.5 81.0 13.0 20.0
0 724.5 37.5 11.0 19.0
0 830.5 33.5 15.0 15.0
0 730.5 61.0 15.0 18.0
0 797.5 65.0 15.0 18.0
0 858.5 78.0 15.0 20.0
0 743.0 81.0 20.0 20.0
0 723.5 94.0 19.0 24.0
0 740.5 112.5 19.0 23.0
0 701.5 122.5 23.0 31.0
0 793.0 89.5 18.0 23.0
0 764.5 106.0 21.0 24.0
0 798.5 107.0 21.0 22.0
0 845.5 118.0 19.0 28.0
0 902.0 110.0 18.0 26.0
0 922.0 137.0 18.0 30.0
0 643.5 152.0 25.0 30.0
0 581.5 177.5 29.0 37.0
0 510.5 195.0 35.0 32.0
0 699.5 158.0 25.0 34.0
0 761.5 168.5 29.0 35.0
0 820.0 187.5 28.0 33.0
0 1029.5 226.0 47.0 58.0
