0 101.0 296.0 56.0 62.0
0 292.0 129.0 18.0 22.0
0 314.5 133.5 19.0 21.0
0 340.5 139.5 17.0 21.0
0 359.0 113.0 18.0 20.0
0 365.5 104.5 19.0 19.0
0 391.0 112.5 16.0 21.0
0 406.0 113.0 22.0 26.0
0 394.0 140.5 22.0 25.0
0 441.0 135.0 24.0 30.0
0 429.0 109.5 20.0 25.0
0 468.0 129.0 22.0 26.0
0 497.0 127.0 26.0 30.0
0 503.5 109.0 21.0 18.0
0 525.5 108.5 17.0 23.0
0 460.5 99.5 21.0 25.0
0 438.5 83.0 13.0 20.0
0 477.5 88.0 17.0 20.0
0 487.5 92.5 15.0 19.0
0 488.5 76.0 17.0 14.0
0 510.0 77.0 12.0 16.0
0 522.0 71.5 14.0 15.0
0 530.5 80.5 15.0 21.0
0 546.0 70.5 12.0 17.0
0 547.0 93.5 16.0 19.0
0 573.5 91.0 17.0 18.0
0 568.0 82.5 16.0 15.0
0 574.5 69.5 13.0 15.0
0 581.5 80.5 17.0 13.0
0 607.0 98.5 20.0 23.0
0 580.5 106.5 19.0 21.0
0 600.5 65.5 13.0 17.0
0 611.5 64.5 15.0 17.0
0 623.0 74.5 14.0 17.0
0 640.5 64.0 15.0 16.0
0 648.0 84.0 14.0 20.0
0 653.0 71.5 16.0 15.0
0 666.5 63.5 15.0 17.0
0 689.5 77.5 17.0 19.0
0 684.5 66.5 13.0 13.0
0 694.0 58.0 12.0 16.0
0 720.0 60.0 10.0 14.0
0 717.5 73.0 15.0 14.0
0 730.5 89.5 17.0 19.0
0 747.0 64.0 12.0 18.0
0 591.5 139.0 23.0 28.0
0 573.0 166.0 36.0 42.0
0 514.0 163.0 28.0 32.0
0 637.5 183.0 31.0 40.0
0 648.0 145.0 26.0 30.0
0 658.0 118.0 16.0 22.0
0 695.0 105.5 20.0 21.0
0 750.5 107.5 19.0 29.0
0 763.0 85.5 16.0 23.0
0 780.5 77.5 17.0 21.0
0 792.0 89.5 16.0 19.0
0 773.0 98.0 16.0 22.0
0 764.0 127.0 22.0 26.0
0 696.5 160.0 27.0 32.0
0 726.0 180.5 30.0 37.0
0 763.0 172.0 24.0 32.0
0 776.0 216.0 38.0 42.0
0 856.5 232.0 39.0 42.0
0 940.5 249.0 41.0 52.0
0 877.0 180.0 34.0 40.0
0 812.0 183.0 28.0 34.0
0 801.5 138.0 23.0 30.0
0 789.5 116.0 19.0 28.0
0 826.5 91.0 17.0 22.0
0 831.5 78.5 15.0 15.0
0 847.0 91.0 18.0 24.0
0 836.5 115.5 25.0 23.0
0 850.0 136.5 22.0 29.0
0 908.0 156.5 26.0 31.0
0 923.5 134.0 21.0 28.0
0 962.5 123.5 21.0 25.0
0 959.5 163.5 25.0 31.0
0 952.0 200.5 28.0 37.0
