0 226.5 335.0 63.0 74.0
0 747.0 143.5 20.0 23.0
0 764.0 149.5 22.0 21.0
0 781.5 158.0 27.0 22.0
0 809.5 151.0 11.0 18.0
0 823.0 159.0 22.0 22.0
0 832.0 163.5 18.0 21.0
0 919.0 165.5 20.0 21.0
0 676.5 154.0 21.0 24.0
0 693.0 183.0 18.0 22.0
0 729.0 168.5 28.0 23.0
0 673.0 201.0 22.0 32.0
0 482.0 178.0 20.0 16.0
0 557.5 172.5 19.0 17.0
0 632.0 205.5 26.0 27.0
0 614.5 191.5 27.0 21.0
0 524.0 201.5 22.0 31.0
0 503.0 209.0 20.0 26.0
0 436.0 208.0 16.0 28.0
0 352.5 213.0 19.0 24.0
0 276.5 241.0 15.0 22.0
0 319.0 243.5 20.0 31.0
0 364.5 254.5 21.0 31.0
0 391.5 275.0 25.0 34.0
0 436.5 231.0 21.0 22.0
0 469.5 237.0 17.0 22.0
0 501.0 236.0 20.0 22.0
0 549.0 239.5 26.0 29.0
0 574.0 217.5 20.0 25.0
0 622.5 228.5 31.0 29.0
0 729.0 229.0 34.0 30.0
0 775.5 204.5 39.0 31.0
0 613.5 271.5 31.0 41.0
0 665.0 280.0 32.0 40.0
0 747.5 301.0 45.0 44.0
0 792.5 235.0 29.0 24.0
0 805.0 262.5 34.0 35.0
0 846.5 244.0 27.0 30.0
0 815.0 310.5 44.0 49.0
0 870.0 333.0 46.0 56.0
0 913.0 286.5 44.0 31.0
0 939.0 314.0 40.0 38.0
0 954.0 174.5 22.0 23.0
0 864.5 181.0 17.0 22.0
0 825.5 189.5 21.0 25.0
0 885.0 201.0 18.0 30.0
0 913.5 197.5 23.0 19.0
0 939.5 203.0 23.0 30.0
0 986.0 172.5 20.0 21.0
0 1022.0 184.0 26.0 24.0
0 995.0 208.5 28.0 23.0
0 1035.5 218.0 23.0 28.0
0 1053.5 187.5 19.0 29.0
0 1063.0 180.0 18.0 34.0
0 1001.0 240.0 22.0 30.0
0 977.5 256.0 27.0 30.0
0 1052.5 260.5 31.0 39.0
0 995.5 342.0 37.0 50.0
0 1089.5 201.0 21.0 26.0
0 1077.0 228.0 22.0 28.0
0 1137.5 188.5 25.0 27.0
0 1085.5 279.5 29.0 33.0
0 1120.0 256.0 20.0 36.0
0 1137.0 221.0 20.0 16.0
0 1109.5 325.5 39.0 49.0
0 630.0 176.0 26.0 16.0
0 901.5 179.5 23.0 27.0
0 999.0 193.0 20.0 26.0
0 1135.5 232.0 23.0 46.0
0 1033.0 316.5 34.0 45.0
0 700.5 172.0 15.0 22.0
0 576.0 190.5 24.0 25.0
0 541.0 216.0 24.0 28.0
