0 237.0 302.5 54.0 59.0
0 349.5 180.0 17.0 20.0
0 364.0 182.0 22.0 28.0
0 386.0 196.0 22.0 28.0
0 395.5 173.0 23.0 28.0
0 418.5 199.5 31.0 31.0
0 422.0 180.0 24.0 28.0
0 415.0 154.0 24.0 24.0
0 499.5 187.5 27.0 33.0
0 520.5 189.0 27.0 36.0
0 495.0 160.0 26.0 32.0
0 510.0 136.5 22.0 23.0
0 499.5 127.5 19.0 21.0
0 529.5 129.5 23.0 27.0
0 543.5 163.0 27.0 32.0
0 582.0 162.5 28.0 31.0
0 583.5 111.5 25.0 25.0
0 602.0 147.0 24.0 28.0
0 628.5 135.0 23.0 26.0
0 553.5 117.5 19.0 19.0
0 557.0 107.0 16.0 16.0
0 621.0 92.5 18.0 21.0
0 643.5 109.5 19.0 21.0
0 653.0 92.0 18.0 20.0
0 685.5 103.5 19.0 19.0
0 705.5 117.5 27.0 31.0
0 685.0 144.5 24.0 33.0
0 735.0 108.0 20.0 22.0
0 778.5 104.5 19.0 23.0
0 739.5 78.5 15.0 21.0
0 753.0 78.0 18.0 20.0
0 779.5 91.0 15.0 16.0
0 808.0 85.0 22.0 24.0
0 832.5 88.5 19.0 23.0
0 821.5 121.5 25.0 31.0
0 782.0 144.0 26.0 34.0
0 753.5 179.5 35.0 43.0
0 695.0 187.0 32.0 34.0
0 676.0 226.5 42.0 41.0
0 614.5 215.0 43.0 38.0
0 831.5 172.0 29.0 36.0
0 839.5 147.0 25.0 32.0
0 861.0 115.5 22.0 27.0
0 902.0 111.0 24.0 28.0
0 925.0 134.5 26.0 31.0
0 926.5 167.0 27.0 34.0
0 893.5 190.0 37.0 42.0
0 891.5 156.5 29.0 29.0
0 884.5 225.5 41.0 47.0
0 948.0 267.0 48.0 50.0
0 979.0 211.5 46.0 43.0
0 961.0 112.5 24.0 25.0
0 939.0 100.0 22.0 26.0
0 984.5 101.5 21.0 21.0
0 1006.5 124.5 19.0 27.0
0 1015.0 171.0 28.0 38.0
0 981.0 152.5 26.0 29.0
0 1035.0 154.5 24.0 29.0
0 1051.5 131.0 21.0 26.0
0 1096.5 107.0 21.0 24.0
0 1107.0 133.5 20.0 25.0
0 1105.0 157.5 26.0 27.0
0 1105.5 188.5 31.0 35.0
0 1072.0 226.0 36.0 46.0
0 1153.0 189.5 30.0 45.0
