0 40.5 287.5 25.0 29.0
0 288.5 242.0 21.0 24.0
0 319.5 263.5 25.0 31.0
0 358.0 267.5 26.0 31.0
0 366.0 216.5 20.0 23.0
0 411.5 257.5 29.0 33.0
0 440.5 209.0 21.0 24.0
0 441.0 239.0 22.0 24.0
0 472.0 235.5 22.0 23.0
0 502.0 240.0 28.0 30.0
0 483.5 183.5 17.0 23.0
0 502.5 193.0 19.0 20.0
0 505.0 214.5 24.0 23.0
0 546.0 243.5 26.0 31.0
0 529.5 181.5 17.0 21.0
0 549.0 194.0 20.0 24.0
0 583.0 216.5 24.0 25.0
0 574.0 175.5 22.0 27.0
0 587.0 191.5 20.0 23.0
0 617.0 231.0 26.0 28.0
0 627.5 189.0 19.0 22.0
0 645.5 198.0 25.0 24.0
0 636.0 174.5 20.0 19.0
0 663.0 177.0 20.0 22.0
0 680.0 214.0 22.0 24.0
0 687.0 164.0 20.0 20.0
0 716.5 183.5 19.0 23.0
0 706.5 159.0 21.0 16.0
0 737.0 177.5 20.0 23.0
0 741.0 159.0 16.0 22.0
0 749.5 148.5 15.0 19.0
0 771.0 157.0 16.0 24.0
0 787.5 176.5 17.0 17.0
0 788.0 162.5 18.0 21.0
0 807.0 153.5 14.0 17.0
0 830.0 164.5 16.0 25.0
0 856.5 162.5 17.0 21.0
0 866.0 183.5 20.0 25.0
0 831.0 193.5 22.0 25.0
0 776.5 215.0 25.0 30.0
0 740.0 236.0 28.0 28.0
0 748.5 256.0 27.0 32.0
0 658.5 251.0 33.0 34.0
0 571.5 292.5 41.0 41.0
0 671.5 287.5 33.0 37.0
0 751.5 298.0 35.0 40.0
0 802.0 319.5 48.0 47.0
0 801.5 265.5 33.0 43.0
0 843.5 254.0 33.0 32.0
0 836.0 229.5 28.0 29.0
0 878.5 335.0 45.0 52.0
0 897.5 284.5 33.0 35.0
0 958.5 301.5 37.0 39.0
0 1029.0 374.0 44.0 48.0
0 1036.0 308.5 40.0 37.0
0 995.5 259.5 29.0 37.0
0 1000.5 239.5 27.0 31.0
0 891.5 205.5 23.0 25.0
0 909.0 185.5 20.0 29.0
0 916.5 171.5 15.0 19.0
0 929.5 167.5 19.0 23.0
0 946.0 204.0 18.0 24.0
0 931.5 187.5 21.0 19.0
0 954.5 170.5 17.0 21.0
0 965.5 179.5 17.0 21.0
0 1006.0 213.0 20.0 22.0
0 999.0 191.0 20.0 22.0
0 1033.0 217.0 22.0 28.0
0 1042.5 201.0 19.0 24.0
0 1032.5 182.0 15.0 20.0
0 1056.0 193.0 16.0 24.0
0 1069.5 179.0 17.0 24.0
0 1098.5 204.0 19.0 26.0
0 1087.0 232.0 18.0 20.0
0 1078.0 248.0 20.0 26.0
0 1056.5 264.0 29.0 38.0
0 1118.5 331.0 45.0 46.0
0 1122.5 232.5 19.0 29.0
0 1143.5 212.0 17.0 20.0
0 1140.5 198.5 21.0 25.0
0 1145.5 257.0 23.0 38.0
