0 102.5 326.5 55.0 73.0
0 237.5 172.5 21.0 25.0
0 275.5 172.5 31.0 27.0
0 327.5 141.0 23.0 24.0
0 428.0 122.5 16.0 27.0
0 450.5 159.5 25.0 31.0
0 443.0 117.5 18.0 21.0
0 480.5 111.0 21.0 22.0
0 485.0 144.5 22.0 23.0
0 538.5 181.0 31.0 32.0
0 530.0 116.0 16.0 24.0
0 547.0 99.5 22.0 23.0
0 579.0 147.0 24.0 32.0
0 610.5 120.5 21.0 29.0
0 642.0 98.5 20.0 29.0
0 677.5 132.0 21.0 32.0
0 680.5 79.0 15.0 18.0
0 685.0 97.0 20.0 22.0
0 714.5 117.5 23.0 23.0
0 714.5 102.0 21.0 26.0
0 711.0 79.5 18.0 25.0
0 738.5 71.0 17.0 24.0
0 767.0 120.0 18.0 28.0
0 778.0 75.5 16.0 21.0
0 812.0 106.0 18.0 26.0
0 849.0 97.5 20.0 21.0
0 709.5 198.5 29.0 35.0
0 755.0 166.5 32.0 35.0
0 748.5 220.0 29.0 44.0
0 811.0 252.5 36.0 41.0
0 891.5 240.0 25.0 40.0
0 985.0 276.0 34.0 50.0
0 1071.5 288.5 29.0 49.0
0 1096.0 244.0 22.0 38.0
0 1182.0 282.0 26.0 36.0
0 819.0 146.0 28.0 28.0
0 870.0 126.0 20.0 30.0
0 886.5 158.5 25.0 35.0
0 917.0 133.5 22.0 29.0
0 928.5 111.0 21.0 28.0
0 928.0 178.5 20.0 31.0
0 950.0 110.0 16.0 24.0
0 975.0 122.5 20.0 27.0
0 1001.0 115.5 20.0 25.0
0 977.0 154.0 22.0 32.0
0 1005.0 177.0 22.0 34.0
0 1013.5 134.0 21.0 24.0
0 1026.5 126.5 21.0 25.0
0 1073.0 137.5 14.0 23.0
0 1073.5 211.0 25.0 32.0
0 1119.0 137.0 16.0 24.0
0 1110.5 154.5 19.0 19.0
0 1095.0 171.0 20.0 24.0
0 1145.0 204.5 20.0 29.0
0 1176.5 225.5 25.0 37.0
0 1205.5 216.0 21.0 26.0
0 1149.5 159.5 21.0 25.0
0 1174.5 144.0 15.0 18.0
0 1214.5 151.0 13.0 20.0
0 1206.0 181.5 18.0 23.0
0 1203.5 197.0 19.0 24.0
0 1077.0 189.0 20.0 28.0
0 823.5 80.0 17.0 22.0
0 808.5 85.0 17.0 28.0
0 851.5 82.0 15.0 24.0
0 749.0 92.0 16.0 22.0
0 753.0 106.5 18.0 25.0
0 607.5 94.5 19.0 25.0
0 374.5 144.0 19.0 24.0
0 385.0 135.0 18.0 24.0
