0 862.5 84.5 11.0 17.0
0 893.0 93.0 12.0 16.0
0 919.5 108.5 13.0 19.0
0 880.0 97.0 14.0 20.0
0 864.0 122.5 16.0 23.0
0 903.5 146.0 17.0 26.0
0 895.5 177.5 19.0 31.0
0 853.0 165.5 18.0 27.0
0 826.0 82.5 12.0 17.0
0 832.5 101.5 15.0 21.0
0 845.0 95.0 14.0 20.0
0 908.0 132.0 16.0 24.0
0 810.0 92.5 14.0 19.0
0 823.0 115.0 16.0 22.0
0 815.5 195.0 27.0 38.0
0 832.5 178.0 21.0 34.0
0 740.0 69.5 12.0 15.0
0 767.0 74.5 12.0 15.0
0 732.5 94.5 13.0 17.0
0 749.0 82.5 10.0 17.0
0 767.5 98.5 13.0 21.0
0 776.5 108.5 15.0 25.0
0 785.5 86.5 11.0 17.0
0 794.5 103.5 15.0 25.0
0 775.0 146.0 18.0 30.0
0 791.0 139.5 18.0 29.0
0 736.0 182.5 26.0 39.0
0 707.0 129.5 18.0 27.0
0 685.5 115.0 17.0 18.0
0 690.5 91.5 13.0 21.0
0 704.0 77.5 12.0 19.0
0 675.0 66.5 12.0 15.0
0 656.5 64.0 9.0 14.0
0 631.5 55.0 9.0 12.0
0 602.5 53.0 9.0 12.0
0 617.5 66.0 11.0 14.0
0 642.5 72.5 9.0 13.0
0 644.5 101.5 13.0 19.0
0 658.0 116.5 16.0 23.0
0 657.0 143.0 20.0 24.0
0 664.0 182.5 28.0 39.0
0 620.5 160.5 27.0 35.0
0 545.0 66.5 8.0 13.0
0 565.0 75.0 10.0 18.0
0 583.5 74.0 15.0 16.0
0 595.0 66.0 10.0 16.0
0 607.5 83.5 13.0 17.0
0 595.0 90.5 12.0 19.0
0 620.0 108.5 16.0 23.0
0 624.5 134.5 19.0 27.0
0 581.5 129.5 19.0 23.0
0 571.5 155.0 23.0 30.0
0 517.5 146.0 21.0 28.0
0 495.0 115.0 18.0 24.0
0 510.0 70.0 10.0 14.0
0 527.0 81.0 14.0 20.0
0 537.5 92.0 15.0 20.0
0 523.5 97.5 17.0 21.0
0 411.0 82.5 10.0 13.0
0 432.5 93.0 13.0 16.0
0 450.0 98.0 14.0 16.0
0 468.0 102.0 14.0 22.0
0 466.0 70.0 8.0 12.0
0 490.0 74.0 10.0 14.0
0 488.5 83.0 13.0 16.0
0 439.0 114.0 16.0 24.0
0 399.5 119.0 15.0 22.0
0 314.0 104.5 12.0 17.0
0 309.0 126.5 14.0 17.0
0 344.5 108.5 13.0 17.0
0 181.5 206.5 39.0 49.0
0 688.5 65.0 9.0 10.0
