0 128.0 334.5 52.0 63.0
0 296.0 159.5 20.0 25.0
0 299.0 173.0 28.0 26.0
0 363.0 145.0 22.0 22.0
0 402.5 126.0 21.0 20.0
0 397.0 147.0 26.0 24.0
0 429.5 142.0 21.0 26.0
0 457.5 127.0 21.0 22.0
0 484.5 113.5 19.0 23.0
0 478.0 159.0 26.0 30.0
0 525.5 137.5 19.0 23.0
0 530.0 108.0 18.0 20.0
0 547.5 96.0 17.0 18.0
0 557.0 114.5 18.0 23.0
0 600.0 87.5 16.0 19.0
0 606.5 103.5 23.0 25.0
0 630.5 93.0 15.0 20.0
0 676.5 96.5 19.0 21.0
0 655.5 104.0 23.0 26.0
0 638.5 126.5 23.0 21.0
0 611.0 153.0 26.0 26.0
0 554.0 190.0 28.0 30.0
0 708.0 84.0 16.0 16.0
0 710.5 99.5 17.0 17.0
0 709.0 134.5 20.0 23.0
0 738.0 120.0 20.0 20.0
0 737.5 84.5 17.0 19.0
0 762.0 79.5 16.0 17.0
0 771.5 93.0 17.0 16.0
0 779.5 109.0 17.0 20.0
0 786.0 122.0 20.0 24.0
0 778.0 46.5 16.0 19.0
0 810.5 78.5 15.0 19.0
0 831.0 77.5 18.0 17.0
0 830.0 93.5 16.0 17.0
0 840.0 108.5 16.0 19.0
0 873.5 94.0 17.0 22.0
0 880.0 84.5 16.0 19.0
0 909.5 94.5 17.0 19.0
0 887.0 131.5 22.0 23.0
0 834.5 156.5 23.0 25.0
0 906.0 167.5 26.0 29.0
0 938.5 146.5 21.0 23.0
0 963.5 124.5 17.0 19.0
0 985.5 112.5 19.0 21.0
0 987.0 130.5 18.0 21.0
0 1025.5 117.0 17.0 20.0
0 1036.0 134.0 22.0 22.0
0 1008.5 155.5 21.0 27.0
0 959.0 177.0 26.0 24.0
0 1015.5 187.5 25.0 31.0
0 914.5 246.5 31.0 39.0
0 1006.0 279.5 36.0 47.0
0 837.5 245.5 31.0 35.0
0 1105.0 141.5 16.0 19.0
0 1143.0 138.5 20.0 23.0
0 1141.0 157.0 20.0 24.0
0 1125.0 174.0 22.0 28.0
0 1096.0 206.0 22.0 26.0
0 1103.0 235.5 28.0 43.0
0 1089.5 295.5 37.0 49.0
0 1200.5 267.0 25.0 38.0
0 1198.0 227.5 24.0 31.0
0 1170.0 213.0 18.0 28.0
0 1178.5 160.5 17.0 21.0
0 1200.0 149.0 16.0 22.0
0 1239.0 156.0 14.0 22.0
0 1229.0 191.5 16.0 25.0
0 1238.0 184.0 14.0 20.0
0 1235.5 218.5 19.0 29.0
0 784.0 170.0 28.0 32.0
0 735.0 201.0 26.0 32.0
0 757.5 226.5 31.0 37.0
