0 332.5 135.5 17.0 19.0
0 348.5 131.5 19.0 23.0
0 362.5 143.5 21.0 25.0
0 395.0 141.0 22.0 24.0
0 416.0 164.5 30.0 35.0
0 383.0 178.5 24.0 27.0
0 374.0 127.5 20.0 23.0
0 386.0 113.0 22.0 18.0
0 406.0 114.0 20.0 22.0
0 430.0 115.0 20.0 22.0
0 422.5 129.5 21.0 23.0
0 491.0 139.0 26.0 32.0
0 478.5 105.5 23.0 29.0
0 521.0 114.5 18.0 23.0
0 501.5 115.5 17.0 21.0
0 519.5 92.5 19.0 21.0
0 537.5 98.5 25.0 25.0
0 580.0 95.5 20.0 27.0
0 594.5 71.0 17.0 22.0
0 622.5 95.0 19.0 22.0
0 681.0 64.5 14.0 19.0
0 710.0 66.0 18.0 22.0
0 760.5 46.0 25.0 24.0
0 533.0 173.0 34.0 36.0
0 606.0 175.5 34.0 41.0
0 636.0 151.0 32.0 38.0
0 663.0 123.0 26.0 24.0
0 692.5 109.0 25.0 32.0
0 704.5 118.5 21.0 27.0
0 731.5 92.0 19.0 20.0
0 708.5 155.5 31.0 41.0
0 681.5 191.0 35.0 42.0
0 756.5 161.5 27.0 35.0
0 747.0 130.5 22.0 27.0
0 793.0 107.0 26.0 26.0
0 819.0 125.0 26.0 34.0
0 820.0 95.0 20.0 28.0
0 826.0 163.5 32.0 35.0
0 897.0 192.5 26.0 35.0
0 916.0 151.0 28.0 34.0
0 972.5 169.5 29.0 35.0
0 980.0 136.5 26.0 29.0
