0 165.0 333.5 64.0 75.0
0 304.5 165.0 21.0 26.0
0 314.0 175.0 26.0 28.0
0 371.0 150.0 24.0 26.0
0 395.5 152.5 25.0 27.0
0 410.5 132.5 23.0 25.0
0 436.5 138.0 25.0 26.0
0 463.0 132.5 22.0 23.0
0 480.5 125.0 19.0 20.0
0 482.5 164.5 27.0 31.0
0 511.5 120.0 19.0 24.0
0 528.0 143.0 22.0 24.0
0 575.5 187.5 29.0 35.0
0 567.0 107.0 22.0 20.0
0 566.5 121.5 21.0 25.0
0 606.0 103.0 20.0 22.0
0 623.5 110.0 21.0 26.0
0 647.0 96.5 16.0 21.0
0 672.0 107.0 22.0 26.0
0 682.5 101.5 19.0 25.0
0 645.0 130.0 26.0 24.0
0 615.0 153.0 28.0 32.0
0 713.0 134.5 22.0 23.0
0 717.5 89.0 21.0 22.0
0 723.0 102.0 20.0 24.0
0 747.5 123.5 21.0 23.0
0 754.0 108.5 22.0 23.0
0 747.5 88.5 21.0 21.0
0 776.0 76.5 20.0 19.0
0 784.0 98.0 20.0 20.0
0 790.0 111.5 18.0 25.0
0 802.5 124.0 19.0 24.0
0 794.5 182.5 31.0 39.0
0 746.5 207.0 35.0 30.0
0 778.5 231.5 37.0 39.0
0 815.5 84.5 17.0 23.0
0 854.0 89.5 20.0 19.0
0 846.0 97.0 20.0 22.0
0 850.5 114.0 17.0 20.0
0 871.5 116.0 17.0 22.0
0 888.5 86.5 19.0 21.0
0 913.0 98.5 20.0 23.0
0 899.5 134.0 23.0 28.0
0 853.0 154.0 28.0 36.0
0 848.0 250.5 32.0 39.0
0 929.5 242.0 33.0 40.0
0 959.5 122.0 19.0 20.0
0 946.5 129.5 19.0 25.0
0 952.5 144.0 23.0 26.0
0 931.5 163.0 25.0 36.0
0 966.0 180.5 28.0 31.0
0 990.5 112.5 21.0 17.0
0 996.5 134.0 21.0 26.0
0 1034.5 121.5 19.0 25.0
0 1045.5 140.5 21.0 27.0
0 1020.0 151.5 22.0 29.0
0 1029.0 192.5 28.0 37.0
0 1080.0 136.0 22.0 24.0
0 1104.5 146.0 23.0 22.0
0 1122.5 144.0 21.0 26.0
0 1158.5 145.0 21.0 26.0
0 1149.5 161.5 19.0 23.0
0 1188.0 168.5 20.0 25.0
0 1210.0 154.5 18.0 27.0
0 1180.5 203.0 19.0 32.0
0 1132.5 181.0 23.0 26.0
0 1114.5 195.0 23.0 28.0
0 1097.0 209.5 24.0 35.0
0 1127.0 243.5 28.0 43.0
0 1111.0 302.5 34.0 53.0
0 1017.0 275.5 38.0 59.0
0 1224.5 277.5 33.0 39.0
0 1210.5 236.5 27.0 37.0
0 1240.0 226.0 22.0 28.0
0 1258.0 175.5 18.0 23.0
0 1244.0 191.5 16.0 23.0
0 1242.0 206.5 20.0 29.0
