0 1046.0 122.5 18.0 23.0
0 1105.0 130.5 16.0 27.0
0 1094.5 139.5 17.0 25.0
0 1096.5 240.5 23.0 41.0
0 1084.0 202.0 18.0 36.0
0 1188.5 223.0 25.0 36.0
0 1210.5 261.5 23.0 39.0
0 1159.5 189.5 17.0 31.0
0 1223.5 197.5 13.0 25.0
0 1226.0 216.0 16.0 26.0
0 1178.0 159.0 16.0 26.0
0 1192.0 142.5 14.0 23.0
0 1237.0 156.5 12.0 21.0
0 1232.5 181.0 15.0 24.0
0 1142.5 135.0 17.0 24.0
0 1114.5 158.5 19.0 29.0
0 1131.5 145.5 15.0 23.0
0 1028.0 175.0 24.0 32.0
0 897.0 89.0 14.0 18.0
0 898.5 124.0 15.0 26.0
0 909.5 160.5 21.0 29.0
0 924.5 126.0 15.0 24.0
0 953.0 137.0 20.0 28.0
0 964.5 167.0 23.0 28.0
0 983.0 99.0 16.0 24.0
0 978.5 123.0 21.0 30.0
0 1021.5 111.0 17.0 26.0
0 1024.0 141.0 16.0 30.0
0 997.5 149.0 21.0 26.0
0 919.0 230.5 32.0 39.0
0 1011.0 272.5 36.0 49.0
0 1081.0 306.0 32.0 48.0
0 766.0 220.0 26.0 34.0
0 829.0 240.5 30.0 43.0
0 776.0 170.5 26.0 33.0
0 792.0 114.0 16.0 26.0
0 837.0 145.5 24.0 35.0
0 837.0 106.5 16.0 21.0
0 828.5 87.0 13.0 22.0
0 875.0 81.5 14.0 19.0
0 865.0 95.0 16.0 24.0
0 810.0 80.0 16.0 22.0
0 754.5 72.5 15.0 21.0
0 730.5 80.5 17.0 21.0
0 781.0 74.5 14.0 19.0
0 776.5 91.0 17.0 18.0
0 663.0 93.5 14.0 21.0
0 698.5 81.5 15.0 23.0
0 694.5 95.0 17.0 22.0
0 721.5 115.0 17.0 24.0
0 697.0 127.0 20.0 24.0
0 622.0 88.0 14.0 18.0
0 564.0 94.0 16.0 22.0
0 547.5 111.5 17.0 23.0
0 523.5 101.5 15.0 15.0
0 505.0 109.5 16.0 21.0
0 507.5 138.0 15.0 24.0
0 592.0 146.5 20.0 29.0
0 602.5 96.5 19.0 25.0
0 630.0 121.0 18.0 26.0
0 450.0 122.5 20.0 23.0
0 466.0 156.5 20.0 31.0
0 553.0 180.0 24.0 36.0
0 398.5 120.0 19.0 26.0
0 414.5 137.0 21.0 28.0
0 388.0 137.5 20.0 23.0
0 348.0 140.0 22.0 22.0
0 259.5 158.0 19.0 26.0
0 274.5 168.0 23.0 28.0
0 459.5 114.5 21.0 17.0
0 708.5 202.0 27.0 34.0
0 129.0 337.0 48.0 68.0
