0 291.0 152.5 16.0 17.0
0 307.0 159.0 18.0 18.0
0 388.5 157.0 15.0 22.0
0 376.5 132.0 15.0 18.0
0 382.5 118.5 17.0 17.0
0 425.5 136.0 25.0 34.0
0 460.5 136.0 19.0 24.0
0 487.0 137.0 18.0 22.0
0 465.0 112.5 12.0 19.0
0 427.5 103.0 13.0 12.0
0 415.0 117.0 14.0 20.0
0 483.0 93.5 14.0 15.0
0 486.0 115.0 16.0 14.0
0 541.5 118.5 21.0 19.0
0 507.5 121.0 15.0 20.0
0 510.0 100.5 16.0 17.0
0 526.0 78.5 10.0 15.0
0 564.5 79.5 13.0 13.0
0 576.0 75.0 12.0 14.0
0 587.0 81.0 12.0 16.0
0 611.5 101.5 15.0 17.0
0 563.0 113.5 16.0 13.0
0 548.0 101.5 12.0 13.0
0 626.0 95.0 14.0 16.0
0 605.5 84.0 13.0 16.0
0 610.0 74.0 14.0 16.0
0 619.0 61.5 12.0 13.0
0 633.5 68.0 13.0 14.0
0 666.5 63.5 11.0 13.0
0 667.0 81.0 12.0 14.0
0 677.5 81.0 13.0 14.0
0 694.5 69.0 13.0 16.0
0 727.0 63.5 12.0 17.0
0 641.0 130.0 20.0 22.0
0 545.5 166.5 21.0 27.0
0 583.5 153.5 19.0 21.0
0 586.0 178.5 22.0 25.0
0 628.5 196.5 25.0 31.0
0 636.5 156.5 21.0 27.0
0 700.5 125.0 17.0 22.0
0 683.0 104.0 16.0 20.0
0 701.5 99.0 13.0 18.0
0 716.5 109.0 15.0 18.0
0 724.0 136.5 20.0 21.0
0 708.0 182.5 30.0 27.0
0 776.5 210.5 33.0 37.0
0 821.0 233.5 30.0 45.0
0 927.5 214.0 29.0 42.0
0 947.5 178.5 23.0 35.0
0 947.5 154.5 19.0 19.0
0 958.0 138.5 18.0 27.0
0 954.0 121.0 18.0 24.0
0 958.5 94.0 13.0 16.0
0 847.5 186.0 27.0 30.0
0 796.5 162.0 25.0 30.0
0 756.5 151.0 25.0 28.0
0 754.5 118.5 21.0 21.0
0 794.5 128.0 19.0 26.0
0 810.5 120.5 15.0 19.0
0 834.0 143.5 24.0 23.0
0 852.5 124.0 17.0 20.0
0 906.5 124.0 15.0 22.0
0 900.5 151.0 19.0 28.0
0 928.5 110.0 15.0 20.0
0 921.0 100.0 14.0 16.0
0 928.5 87.5 17.0 19.0
0 886.5 99.0 13.0 16.0
0 891.5 81.0 13.0 14.0
0 858.0 85.0 14.0 14.0
0 863.0 75.5 12.0 13.0
0 827.5 94.0 15.0 18.0
0 807.5 99.0 15.0 18.0
0 776.5 91.5 15.0 17.0
0 793.5 78.0 13.0 16.0
0 768.5 72.0 15.0 16.0
