0 220.0 209.5 40.0 47.0
0 317.5 138.0 19.0 22.0
0 326.5 126.0 19.0 18.0
0 343.5 138.5 19.0 23.0
0 356.0 118.0 16.0 18.0
0 362.0 103.5 14.0 17.0
0 384.5 116.5 19.0 21.0
0 387.5 142.5 19.0 23.0
0 422.5 141.0 21.0 24.0
0 411.0 113.0 18.0 18.0
0 423.0 118.5 20.0 17.0
0 425.5 98.5 17.0 17.0
0 446.5 82.0 13.0 16.0
0 463.5 127.5 21.0 23.0
0 454.5 103.5 21.0 21.0
0 475.0 87.0 16.0 18.0
0 486.5 77.5 17.0 13.0
0 494.5 90.0 15.0 20.0
0 501.0 107.5 16.0 21.0
0 498.5 129.5 23.0 23.0
0 506.0 159.0 30.0 34.0
0 508.0 81.5 16.0 17.0
0 519.5 73.0 11.0 14.0
0 525.5 87.0 17.0 18.0
0 532.5 78.0 15.0 12.0
0 542.5 74.0 13.0 16.0
0 534.0 100.0 16.0 20.0
0 572.5 104.5 15.0 21.0
0 567.5 91.5 15.0 17.0
0 571.5 80.5 11.0 13.0
0 571.5 73.0 15.0 16.0
0 595.0 68.5 14.0 17.0
0 607.0 65.5 14.0 17.0
0 605.0 83.0 18.0 18.0
0 604.5 100.5 15.0 19.0
0 645.5 88.0 15.0 18.0
0 636.0 74.0 12.0 14.0
0 627.0 68.0 12.0 18.0
0 636.0 62.5 10.0 13.0
0 656.0 68.0 16.0 14.0
0 674.0 70.0 12.0 16.0
0 681.5 85.5 13.0 19.0
0 689.0 59.5 12.0 15.0
0 708.0 68.5 14.0 17.0
0 716.0 58.0 12.0 14.0
0 744.0 65.0 12.0 14.0
0 725.0 86.5 16.0 17.0
0 728.0 104.5 18.0 25.0
0 690.0 109.0 22.0 22.0
0 651.0 137.0 22.0 28.0
0 642.0 130.0 18.0 20.0
0 584.5 147.5 23.0 23.0
0 569.5 161.0 25.0 28.0
0 625.5 196.0 29.0 38.0
0 712.5 176.0 25.0 32.0
0 705.0 157.5 24.0 29.0
0 742.5 135.0 19.0 26.0
0 752.5 174.0 29.0 32.0
0 795.0 146.0 26.0 28.0
0 785.0 113.5 22.0 23.0
0 775.0 100.0 18.0 18.0
0 759.0 81.0 16.0 20.0
0 776.5 75.0 13.0 18.0
0 799.5 91.5 17.0 17.0
0 807.5 80.5 13.0 15.0
0 824.0 94.5 14.0 17.0
0 835.5 88.5 15.0 17.0
0 831.0 119.0 16.0 20.0
0 847.0 141.5 22.0 29.0
0 800.5 200.5 25.0 27.0
0 766.5 235.0 33.0 44.0
0 841.0 234.0 38.0 36.0
0 860.0 207.5 28.0 29.0
0 932.5 247.0 33.0 42.0
0 942.5 199.0 29.0 36.0
0 953.0 165.5 22.0 25.0
0 920.0 134.5 18.0 23.0
0 896.5 155.5 23.0 31.0
0 965.5 122.5 17.0 25.0
