0 88.0 261.5 46.0 53.0
0 272.5 170.0 19.0 16.0
0 318.5 152.5 21.0 23.0
0 344.5 135.0 15.0 20.0
0 318.0 167.5 18.0 15.0
0 326.5 185.0 17.0 14.0
0 359.5 147.0 15.0 18.0
0 375.5 133.0 21.0 20.0
0 392.5 129.0 13.0 16.0
0 403.0 158.5 18.0 17.0
0 419.0 117.0 14.0 20.0
0 474.5 137.0 21.0 20.0
0 439.5 106.0 17.0 12.0
0 480.5 89.5 11.0 15.0
0 476.0 117.0 18.0 20.0
0 501.5 117.5 17.0 19.0
0 506.0 91.5 14.0 17.0
0 520.0 85.5 12.0 15.0
0 531.5 111.5 27.0 23.0
0 551.0 84.0 16.0 18.0
0 566.0 84.5 18.0 19.0
0 600.5 66.0 11.0 12.0
0 631.0 75.5 12.0 19.0
0 611.5 105.0 25.0 24.0
0 591.0 92.5 18.0 15.0
0 561.5 129.0 27.0 22.0
0 463.5 162.0 17.0 24.0
0 532.0 170.5 28.0 27.0
0 575.5 185.5 27.0 31.0
0 665.5 85.0 21.0 28.0
0 682.0 62.0 14.0 14.0
0 723.5 68.5 15.0 19.0
0 746.0 61.5 14.0 19.0
0 673.0 115.0 20.0 22.0
0 653.0 153.0 26.0 24.0
0 649.5 196.5 31.0 25.0
0 725.5 195.5 25.0 31.0
0 705.5 156.0 21.0 26.0
0 705.0 121.5 24.0 27.0
0 707.0 96.0 18.0 22.0
0 741.0 108.0 18.0 18.0
0 739.0 83.5 14.0 21.0
0 752.0 134.5 16.0 25.0
0 785.5 77.5 15.0 19.0
0 805.0 66.5 18.0 19.0
0 785.5 100.0 17.0 18.0
0 806.0 135.0 24.0 28.0
0 796.0 113.0 16.0 22.0
0 807.5 107.0 21.0 24.0
0 823.0 79.0 16.0 18.0
0 840.0 177.0 24.0 34.0
0 865.0 154.0 20.0 32.0
0 853.0 112.0 16.0 24.0
0 852.5 76.0 15.0 20.0
0 833.0 70.0 12.0 18.0
0 874.0 79.5 14.0 19.0
0 926.5 77.0 15.0 18.0
0 890.0 88.5 14.0 21.0
0 903.0 116.0 16.0 18.0
0 874.0 102.5 24.0 17.0
0 914.0 101.5 18.0 19.0
0 958.0 80.5 16.0 25.0
0 946.5 115.5 17.0 19.0
0 957.0 103.0 18.0 18.0
0 933.5 136.5 15.0 21.0
0 979.5 169.0 21.0 30.0
0 990.5 125.0 17.0 18.0
0 981.5 104.5 15.0 19.0
0 989.5 92.5 11.0 15.0
0 778.0 186.5 32.0 33.0
0 537.5 136.5 27.0 25.0
0 546.0 105.0 28.0 24.0
0 447.5 138.5 27.0 19.0
0 393.5 139.5 19.0 21.0
0 601.0 149.0 24.0 30.0
0 447.0 115.5 14.0 17.0
0 659.5 65.0 13.0 16.0
0 667.5 66.0 11.0 16.0
0 638.5 62.5 13.0 15.0
0 756.5 84.5 19.0 25.0
