0 918.5 126.0 15.0 22.0
0 878.0 126.5 14.0 23.0
0 916.5 161.0 17.0 28.0
0 907.0 189.0 24.0 32.0
0 901.5 228.5 29.0 39.0
0 864.5 147.0 19.0 26.0
0 828.0 173.0 22.0 32.0
0 817.5 142.5 17.0 29.0
0 800.5 123.0 17.0 26.0
0 771.5 135.0 19.0 28.0
0 773.5 168.5 19.0 29.0
0 807.5 221.5 29.0 41.0
0 753.5 204.0 29.0 40.0
0 697.0 175.0 26.0 34.0
0 722.0 169.5 22.0 25.0
0 679.5 139.0 21.0 28.0
0 725.0 130.5 18.0 25.0
0 745.5 96.5 15.0 23.0
0 752.0 103.0 14.0 22.0
0 744.0 75.5 12.0 19.0
0 778.5 77.5 11.0 17.0
0 795.0 95.0 12.0 20.0
0 705.0 92.5 14.0 23.0
0 710.5 101.0 15.0 22.0
0 671.0 100.5 16.0 23.0
0 717.5 67.0 11.0 16.0
0 682.5 70.0 11.0 16.0
0 690.0 60.0 10.0 14.0
0 663.0 79.5 12.0 17.0
0 660.0 58.5 10.0 15.0
0 624.5 64.0 11.0 14.0
0 614.5 58.5 11.0 15.0
0 618.0 141.5 20.0 29.0
0 588.5 130.0 17.0 26.0
0 624.0 127.5 18.0 23.0
0 598.0 180.5 24.0 33.0
0 554.0 150.0 22.0 30.0
0 489.0 158.5 22.0 29.0
0 579.0 67.5 8.0 13.0
0 594.5 75.0 11.0 16.0
0 614.0 83.5 12.0 19.0
0 551.5 70.5 11.0 15.0
0 547.0 82.5 10.0 17.0
0 557.0 86.5 10.0 17.0
0 549.5 91.0 13.0 18.0
0 583.0 97.0 12.0 20.0
0 520.0 73.5 12.0 15.0
0 520.5 100.0 13.0 20.0
0 510.0 79.0 10.0 16.0
0 490.0 89.0 14.0 18.0
0 492.0 125.5 18.0 25.0
0 475.5 101.5 15.0 21.0
0 416.0 83.5 12.0 15.0
0 443.5 96.5 15.0 21.0
0 433.5 127.5 21.0 25.0
0 450.0 128.0 20.0 24.0
0 413.5 101.0 15.0 22.0
0 416.0 107.5 16.0 21.0
0 410.5 118.0 17.0 24.0
0 494.5 75.5 13.0 17.0
0 350.0 101.5 12.0 17.0
0 344.5 115.0 13.0 22.0
0 372.5 112.5 15.0 23.0
0 379.0 131.0 16.0 24.0
0 368.5 141.5 15.0 23.0
0 357.5 127.0 17.0 22.0
0 286.5 124.5 15.0 19.0
0 302.5 135.0 17.0 20.0
0 196.0 203.0 40.0 44.0
