0 79.0 261.0 48.0 50.0
0 275.5 172.5 23.0 21.0
0 311.5 162.0 19.0 20.0
0 341.0 158.0 26.0 22.0
0 336.5 136.5 19.0 19.0
0 377.5 158.5 25.0 27.0
0 397.5 132.0 19.0 28.0
0 414.0 135.5 18.0 21.0
0 406.5 122.0 17.0 20.0
0 437.0 107.5 16.0 19.0
0 455.5 134.5 21.0 25.0
0 457.0 168.0 30.0 32.0
0 477.5 132.0 23.0 28.0
0 495.5 122.0 19.0 18.0
0 492.0 106.0 14.0 16.0
0 483.0 87.5 14.0 15.0
0 512.5 103.0 17.0 20.0
0 502.5 94.0 15.0 16.0
0 520.0 124.0 20.0 22.0
0 510.0 140.0 30.0 28.0
0 567.5 116.0 25.0 24.0
0 526.5 179.0 31.0 38.0
0 597.0 176.5 30.0 31.0
0 603.5 150.0 25.0 28.0
0 652.5 155.0 33.0 34.0
0 654.5 198.5 33.0 37.0
0 520.5 82.0 15.0 12.0
0 554.0 90.0 18.0 18.0
0 586.0 95.0 18.0 18.0
0 578.5 79.5 15.0 15.0
0 592.0 69.5 16.0 15.0
0 604.5 107.0 21.0 18.0
0 637.0 91.0 16.0 18.0
0 628.0 76.0 18.0 22.0
0 638.0 64.5 18.0 21.0
0 656.5 63.5 15.0 15.0
0 653.5 75.0 17.0 16.0
0 654.0 93.0 18.0 22.0
0 674.0 85.5 20.0 21.0
0 682.5 74.5 13.0 17.0
0 688.5 63.5 15.0 17.0
0 664.0 115.5 22.0 25.0
0 694.5 109.0 23.0 26.0
0 705.5 125.5 23.0 25.0
0 710.0 159.0 30.0 34.0
0 751.5 135.5 25.0 35.0
0 746.5 108.0 23.0 24.0
0 741.0 85.5 20.0 23.0
0 722.5 74.5 19.0 19.0
0 733.0 62.5 14.0 19.0
0 778.5 72.5 19.0 21.0
0 762.0 92.0 16.0 18.0
0 779.0 126.5 24.0 29.0
0 778.0 171.0 36.0 34.0
0 831.0 175.0 32.0 40.0
0 810.0 128.0 24.0 30.0
0 787.5 103.5 17.0 21.0
0 800.0 86.0 16.0 24.0
0 803.0 70.0 12.0 14.0
0 815.5 81.0 15.0 22.0
0 833.5 74.5 15.0 23.0
0 853.5 81.0 13.0 20.0
0 869.5 78.0 13.0 22.0
0 860.5 106.5 19.0 27.0
0 875.0 153.0 28.0 32.0
0 812.5 112.0 15.0 20.0
0 881.5 103.0 19.0 24.0
0 892.0 87.5 18.0 21.0
0 906.5 113.0 19.0 24.0
0 918.5 95.5 17.0 21.0
0 928.0 85.5 12.0 15.0
0 953.0 79.5 16.0 17.0
0 957.5 101.5 15.0 19.0
0 950.5 117.0 15.0 22.0
0 935.0 107.5 18.0 23.0
0 927.5 134.5 23.0 27.0
0 977.5 174.5 23.0 33.0
0 983.0 122.5 18.0 23.0
0 991.0 105.5 12.0 19.0
0 992.0 93.5 10.0 15.0
