0 122.0 391.0 50.0 50.0
0 279.0 236.5 22.0 27.0
0 314.5 241.0 25.0 32.0
0 338.5 260.0 21.0 28.0
0 349.0 214.5 20.0 25.0
0 405.5 249.5 33.0 33.0
0 429.0 231.0 22.0 24.0
0 429.5 208.0 19.0 20.0
0 466.0 233.0 24.0 26.0
0 475.5 183.0 21.0 24.0
0 494.5 206.5 23.0 25.0
0 500.5 229.0 25.0 28.0
0 515.5 207.0 17.0 18.0
0 518.5 180.0 23.0 20.0
0 540.5 226.0 27.0 28.0
0 577.5 214.5 25.0 23.0
0 615.0 220.5 24.0 25.0
0 573.0 182.5 20.0 21.0
0 569.0 168.0 18.0 20.0
0 617.5 183.0 19.0 22.0
0 634.0 192.5 20.0 25.0
0 583.5 280.5 35.0 43.0
0 634.5 173.5 17.0 19.0
0 658.0 176.0 18.0 22.0
0 675.5 195.5 19.0 19.0
0 707.0 185.0 22.0 24.0
0 711.0 165.0 16.0 18.0
0 675.0 158.0 18.0 18.0
0 694.0 152.5 16.0 17.0
0 735.5 154.5 17.0 19.0
0 730.0 144.5 18.0 17.0
0 734.5 172.5 13.0 19.0
0 763.0 150.0 18.0 22.0
0 777.5 152.5 17.0 21.0
0 781.0 172.0 18.0 22.0
0 818.5 159.5 15.0 19.0
0 815.5 144.0 15.0 18.0
0 831.5 157.5 15.0 23.0
0 654.0 248.5 32.0 35.0
0 666.0 286.0 50.0 44.0
0 707.0 288.0 30.0 36.0
0 735.0 228.0 30.0 34.0
0 773.5 210.5 27.0 29.0
0 817.0 194.5 22.0 27.0
0 847.5 209.5 23.0 27.0
0 860.0 208.0 22.0 34.0
0 724.5 317.5 39.0 37.0
0 772.0 324.0 40.0 48.0
0 803.5 252.5 29.0 35.0
0 789.5 237.5 23.0 27.0
0 836.5 253.0 27.0 32.0
0 877.5 280.0 35.0 34.0
0 855.5 379.5 41.0 49.0
0 995.0 354.5 38.0 47.0
0 954.0 294.5 34.0 41.0
0 987.0 252.5 28.0 31.0
0 1044.5 277.5 23.0 39.0
0 1027.0 311.5 34.0 45.0
0 1121.0 322.0 36.0 54.0
0 1108.0 278.5 24.0 35.0
0 1135.0 246.0 24.0 32.0
0 1110.5 226.5 21.0 25.0
0 1109.0 209.0 18.0 20.0
0 1132.0 213.0 20.0 24.0
0 1141.5 190.5 17.0 23.0
0 1089.0 194.0 18.0 22.0
0 1079.0 221.0 24.0 26.0
0 1056.0 235.0 26.0 30.0
0 1020.5 208.5 23.0 27.0
0 988.5 209.5 21.0 27.0
0 989.5 193.0 17.0 18.0
0 986.5 172.0 19.0 20.0
0 1024.5 177.5 17.0 25.0
0 1040.5 189.0 19.0 28.0
0 942.5 191.5 21.0 23.0
0 957.0 183.0 18.0 20.0
0 949.0 165.0 20.0 20.0
0 888.5 175.0 19.0 26.0
0 857.5 173.5 17.0 21.0
0 899.5 167.5 17.0 23.0
0 908.0 163.0 18.0 20.0
