0 199.0 247.0 46.0 48.0
0 298.5 156.0 23.0 18.0
0 309.5 167.5 23.0 25.0
0 384.5 159.0 17.0 20.0
0 400.0 171.0 20.0 22.0
0 406.0 140.5 18.0 17.0
0 398.0 120.0 18.0 20.0
0 426.5 120.5 15.0 17.0
0 434.0 98.0 16.0 16.0
0 459.0 108.5 18.0 19.0
0 488.5 94.0 15.0 16.0
0 505.5 96.0 15.0 16.0
0 519.0 104.0 18.0 16.0
0 488.5 111.5 21.0 21.0
0 480.0 140.0 20.0 26.0
0 515.5 140.5 23.0 25.0
0 544.5 107.5 19.0 21.0
0 554.5 122.5 19.0 21.0
0 554.0 93.5 16.0 15.0
0 554.5 76.0 13.0 16.0
0 575.0 80.0 16.0 14.0
0 596.0 76.5 14.0 15.0
0 610.5 80.5 15.0 15.0
0 603.5 110.0 17.0 18.0
0 596.0 101.0 14.0 14.0
0 632.5 80.5 15.0 19.0
0 643.0 59.5 12.0 15.0
0 666.5 64.0 11.0 12.0
0 678.0 65.0 12.0 12.0
0 655.5 81.5 15.0 15.0
0 696.0 70.5 14.0 13.0
0 695.0 84.0 16.0 16.0
0 728.5 65.0 13.0 16.0
0 753.5 62.5 13.0 15.0
0 738.0 92.5 16.0 15.0
0 713.5 106.0 19.0 18.0
0 669.0 125.5 18.0 21.0
0 657.5 97.5 19.0 15.0
0 613.0 99.0 16.0 14.0
0 674.0 150.5 22.0 23.0
0 598.0 156.0 20.0 22.0
0 541.0 181.5 30.0 33.0
0 583.5 195.0 27.0 26.0
0 666.5 194.5 31.0 31.0
0 722.5 130.0 23.0 24.0
0 751.5 112.0 23.0 24.0
0 781.0 99.5 16.0 17.0
0 783.5 74.0 17.0 18.0
0 799.5 80.5 15.0 19.0
0 827.5 78.5 13.0 15.0
0 846.5 86.0 15.0 18.0
0 782.5 120.0 23.0 24.0
0 758.0 145.5 22.0 23.0
0 737.0 209.5 32.0 35.0
0 771.5 164.0 23.0 28.0
0 815.5 131.5 21.0 25.0
0 833.5 124.0 19.0 26.0
0 876.5 92.5 17.0 19.0
0 898.5 83.5 17.0 19.0
0 932.0 72.0 12.0 16.0
0 926.5 89.0 15.0 16.0
0 918.0 104.0 20.0 24.0
0 892.0 119.0 22.0 28.0
0 874.0 156.5 24.0 29.0
0 835.5 172.5 27.0 33.0
0 799.0 231.5 32.0 43.0
0 865.5 249.0 33.0 38.0
0 960.5 213.0 31.0 32.0
0 909.5 184.5 27.0 33.0
0 931.5 150.5 21.0 23.0
0 943.5 125.5 19.0 21.0
0 992.0 162.0 20.0 24.0
0 990.5 131.0 15.0 28.0
0 962.5 105.5 19.0 19.0
0 999.0 97.0 14.0 16.0
