0 356.5 127.5 21.0 23.0
0 358.5 156.0 27.0 40.0
0 418.5 149.0 27.0 26.0
0 434.5 135.0 19.0 18.0
0 460.0 132.5 24.0 27.0
0 511.0 131.5 18.0 27.0
0 502.5 76.0 15.0 14.0
0 529.5 76.0 13.0 14.0
0 544.0 82.0 16.0 20.0
0 534.5 103.5 19.0 23.0
0 565.0 124.0 20.0 22.0
0 612.0 103.5 22.0 19.0
0 604.0 73.0 14.0 14.0
0 630.5 77.5 17.0 19.0
0 654.5 84.5 15.0 19.0
0 603.5 148.5 21.0 31.0
0 670.5 147.5 25.0 25.0
0 664.0 137.0 22.0 24.0
0 702.5 166.0 25.0 26.0
0 762.5 173.5 27.0 37.0
0 702.5 114.0 19.0 22.0
0 726.0 109.0 18.0 20.0
0 766.0 109.5 20.0 19.0
0 763.0 45.5 16.0 19.0
0 773.5 45.5 15.0 15.0
0 795.5 159.5 27.0 27.0
0 845.5 165.5 25.0 35.0
0 886.0 114.5 18.0 17.0
0 878.5 138.5 17.0 27.0
0 905.5 169.5 23.0 29.0
0 892.0 189.5 28.0 31.0
0 959.0 211.0 22.0 40.0
0 976.5 164.5 19.0 31.0
0 975.5 143.5 15.0 21.0
0 928.5 130.0 21.0 24.0
