0 213.0 248.0 42.0 42.0
0 270.0 157.0 16.0 16.0
0 300.5 146.5 15.0 17.0
0 326.5 150.0 13.0 18.0
0 337.0 161.5 18.0 17.0
0 359.0 165.0 22.0 18.0
0 321.5 134.0 17.0 18.0
0 347.5 132.0 17.0 20.0
0 390.5 162.0 21.0 26.0
0 421.5 169.0 19.0 26.0
0 446.5 148.0 23.0 16.0
0 482.5 136.0 19.0 22.0
0 396.5 119.5 17.0 17.0
0 440.0 109.5 18.0 15.0
0 423.0 104.0 12.0 14.0
0 468.5 91.5 15.0 19.0
0 487.5 96.0 15.0 18.0
0 528.5 109.5 13.0 17.0
0 500.0 119.0 16.0 18.0
0 563.0 113.5 14.0 21.0
0 558.0 104.0 18.0 22.0
0 541.5 90.5 13.0 17.0
0 534.0 81.0 12.0 18.0
0 523.0 75.0 10.0 12.0
0 573.5 87.0 13.0 16.0
0 439.0 131.0 20.0 16.0
0 616.0 96.5 16.0 19.0
0 629.0 90.0 12.0 20.0
0 601.5 77.0 15.0 14.0
0 622.5 64.0 11.0 16.0
0 647.5 82.5 15.0 17.0
0 637.0 76.0 10.0 12.0
0 669.0 65.5 12.0 15.0
0 688.5 73.5 15.0 17.0
0 543.5 168.5 21.0 25.0
0 577.5 177.5 23.0 31.0
0 594.5 146.0 19.0 24.0
0 650.0 125.0 24.0 20.0
0 658.5 148.0 17.0 24.0
0 678.0 157.5 20.0 23.0
0 684.0 132.5 16.0 23.0
0 670.5 103.5 17.0 19.0
0 708.5 99.5 15.0 19.0
0 694.0 196.5 28.0 39.0
0 736.5 169.5 25.0 31.0
0 812.5 205.5 31.0 35.0
0 810.5 171.0 21.0 28.0
0 773.0 145.5 22.0 23.0
0 731.5 137.0 19.0 22.0
0 743.0 114.0 16.0 22.0
0 770.0 117.5 18.0 17.0
0 755.0 93.5 14.0 17.0
0 771.5 89.0 15.0 18.0
0 790.0 105.5 14.0 17.0
0 814.5 112.5 17.0 23.0
0 811.5 87.5 11.0 17.0
0 794.0 72.5 14.0 17.0
0 827.5 76.5 11.0 17.0
0 835.0 101.5 14.0 21.0
0 854.0 136.5 20.0 29.0
0 872.5 126.5 15.0 23.0
0 883.5 108.5 15.0 19.0
0 855.5 101.5 13.0 23.0
0 862.5 82.5 15.0 21.0
0 911.0 90.5 12.0 19.0
0 920.0 112.5 14.0 21.0
0 913.0 129.5 18.0 21.0
0 898.5 140.5 21.0 29.0
0 889.0 171.5 20.0 27.0
0 946.0 161.5 18.0 25.0
