0 97.0 332.5 56.0 63.0
0 292.0 161.0 24.0 30.0
0 312.0 161.5 26.0 29.0
0 336.5 153.5 17.0 27.0
0 409.0 147.0 20.0 26.0
0 404.0 130.0 24.0 20.0
0 437.0 142.5 26.0 31.0
0 453.5 129.5 21.0 29.0
0 473.5 121.0 25.0 22.0
0 486.0 156.5 26.0 29.0
0 528.0 113.5 22.0 21.0
0 560.5 116.5 17.0 23.0
0 554.5 193.0 25.0 34.0
0 610.5 145.0 29.0 30.0
0 587.0 103.5 20.0 25.0
0 600.0 91.0 20.0 20.0
0 615.0 108.5 28.0 27.0
0 633.0 91.5 14.0 21.0
0 663.5 99.0 21.0 18.0
0 638.0 126.5 20.0 21.0
0 711.5 133.5 25.0 27.0
0 682.5 97.0 15.0 22.0
0 708.0 96.5 14.0 17.0
0 710.5 84.0 19.0 18.0
0 737.5 84.0 21.0 20.0
0 765.5 77.0 17.0 18.0
0 806.5 78.5 15.0 23.0
0 743.5 124.5 17.0 21.0
0 836.0 93.5 20.0 23.0
0 841.0 86.0 24.0 20.0
0 882.5 84.5 19.0 23.0
0 906.5 93.0 15.0 20.0
0 779.5 109.5 19.0 25.0
0 791.5 121.5 23.0 27.0
0 846.5 141.5 29.0 33.0
0 893.5 127.5 21.0 23.0
0 777.0 183.0 30.0 30.0
0 734.5 203.0 29.0 32.0
0 771.5 222.5 31.0 37.0
0 839.0 240.5 34.0 33.0
0 928.0 236.0 34.0 38.0
0 922.5 157.0 27.0 28.0
0 945.5 138.5 21.0 27.0
0 969.0 119.5 20.0 23.0
0 989.0 122.0 18.0 28.0
0 1011.5 116.5 27.0 23.0
0 1030.5 118.0 17.0 28.0
0 1013.0 156.5 22.0 25.0
0 974.0 173.0 20.0 28.0
0 1034.0 186.5 24.0 35.0
0 1005.5 273.0 37.0 54.0
0 1085.5 300.5 35.0 57.0
0 1108.5 256.0 27.0 38.0
0 1098.0 204.5 28.0 29.0
0 1107.5 143.0 19.0 22.0
0 1143.0 145.0 18.0 26.0
0 1194.0 146.0 22.0 24.0
0 1206.0 269.5 28.0 41.0
0 1249.5 161.0 17.0 24.0
0 1225.5 188.0 23.0 26.0
0 1236.5 217.5 23.0 31.0
0 1172.0 210.0 24.0 34.0
0 1132.5 171.5 23.0 33.0
0 1180.0 163.0 14.0 24.0
0 1044.5 135.5 23.0 23.0
0 514.5 152.5 21.0 25.0
0 540.0 105.0 18.0 16.0
0 873.5 96.5 25.0 21.0
0 1197.5 230.0 25.0 38.0
