0 407.0 245.0 52.0 56.0
0 276.0 129.5 18.0 23.0
0 321.5 122.5 15.0 17.0
0 335.0 106.5 16.0 19.0
0 347.5 123.0 19.0 24.0
0 364.0 141.5 18.0 23.0
0 376.0 107.0 16.0 20.0
0 385.0 111.5 18.0 23.0
0 413.0 87.0 12.0 18.0
0 434.0 84.5 10.0 17.0
0 416.5 130.0 15.0 24.0
0 427.5 140.0 19.0 28.0
0 452.0 108.0 18.0 20.0
0 472.0 109.5 20.0 21.0
0 453.0 83.5 14.0 17.0
0 477.5 72.0 11.0 16.0
0 495.0 79.5 12.0 15.0
0 510.5 65.5 15.0 11.0
0 512.5 98.5 17.0 17.0
0 514.5 80.5 15.0 17.0
0 532.5 71.0 15.0 12.0
0 532.5 98.5 17.0 23.0
0 544.0 86.5 16.0 19.0
0 547.5 72.5 15.0 13.0
0 574.5 63.5 11.0 15.0
0 566.0 87.0 18.0 16.0
0 562.0 106.0 26.0 28.0
0 587.0 75.0 24.0 22.0
0 597.0 96.5 22.0 21.0
0 581.5 133.0 25.0 32.0
0 631.5 139.0 19.0 26.0
0 609.0 74.0 14.0 14.0
0 621.5 58.5 11.0 13.0
0 633.5 66.0 11.0 14.0
0 642.0 57.0 14.0 16.0
0 643.0 84.5 16.0 19.0
0 665.5 102.5 15.0 21.0
0 669.0 58.0 12.0 18.0
0 691.0 58.5 12.0 17.0
0 723.0 56.5 12.0 17.0
0 717.5 98.5 19.0 23.0
0 708.0 143.0 20.0 28.0
0 685.5 192.5 25.0 41.0
0 761.5 215.5 29.0 33.0
0 737.0 134.5 20.0 25.0
0 736.5 99.5 19.0 21.0
0 751.5 79.0 13.0 20.0
0 770.0 67.0 12.0 20.0
0 758.5 95.0 21.0 24.0
0 777.0 107.0 26.0 30.0
0 782.0 141.0 22.0 22.0
0 800.0 84.0 34.0 16.0
0 800.0 71.0 10.0 12.0
0 841.0 70.5 14.0 17.0
0 820.0 113.5 20.0 19.0
0 809.0 95.0 18.0 24.0
0 850.5 92.5 17.0 21.0
0 835.5 144.5 23.0 25.0
0 816.5 161.0 21.0 32.0
0 866.0 120.0 20.0 24.0
0 890.0 100.0 18.0 24.0
0 898.0 91.0 8.0 18.0
0 912.5 130.0 19.0 20.0
0 929.5 109.5 15.0 23.0
0 975.0 106.5 12.0 23.0
0 958.0 122.0 20.0 24.0
0 952.5 139.5 17.0 25.0
0 942.5 188.0 23.0 32.0
0 677.5 128.0 25.0 26.0
0 640.0 120.0 20.0 24.0
0 695.5 74.5 23.0 19.0
0 660.5 80.5 15.0 17.0
0 425.5 103.0 15.0 16.0
0 932.0 88.0 12.0 18.0
0 401.0 120.5 18.0 33.0
0 827.0 77.5 10.0 15.0
0 960.5 108.5 19.0 19.0
0 834.5 111.5 11.0 21.0
0 863.0 88.0 14.0 18.0
