0 68.0 269.0 46.0 48.0
0 265.5 173.0 15.0 16.0
0 306.0 164.0 16.0 22.0
0 324.5 157.5 17.0 23.0
0 351.5 158.0 17.0 18.0
0 367.0 177.5 18.0 19.0
0 353.0 132.5 16.0 19.0
0 369.0 131.0 10.0 16.0
0 379.5 130.5 13.0 17.0
0 397.0 123.5 14.0 15.0
0 423.5 127.0 19.0 18.0
0 456.5 162.5 21.0 25.0
0 456.0 130.5 14.0 17.0
0 451.5 112.0 13.0 14.0
0 435.0 108.0 14.0 16.0
0 487.5 133.0 17.0 22.0
0 467.0 122.5 14.0 17.0
0 495.0 116.5 16.0 17.0
0 488.5 104.0 13.0 16.0
0 481.5 87.5 13.0 13.0
0 500.5 95.5 9.0 15.0
0 512.0 99.0 12.0 14.0
0 516.5 82.0 9.0 12.0
0 549.0 97.0 14.0 16.0
0 551.0 127.0 20.0 20.0
0 521.5 134.5 19.0 19.0
0 535.5 118.0 13.0 16.0
0 587.0 94.5 12.0 15.0
0 567.5 82.0 13.0 14.0
0 594.0 71.0 14.0 16.0
0 606.5 108.5 17.0 17.0
0 616.0 92.0 14.0 14.0
0 626.5 76.5 11.0 13.0
0 626.0 63.5 12.0 13.0
0 659.5 84.5 17.0 19.0
0 663.0 60.5 12.0 15.0
0 680.5 70.5 15.0 15.0
0 680.5 61.0 11.0 12.0
0 717.5 71.5 15.0 15.0
0 738.5 60.0 15.0 18.0
0 518.5 179.5 21.0 27.0
0 576.5 187.0 23.0 28.0
0 600.0 154.0 16.0 22.0
0 647.5 132.0 17.0 20.0
0 650.5 159.0 21.0 22.0
0 642.5 203.0 25.0 30.0
0 714.5 203.5 25.0 29.0
0 701.5 153.0 23.0 30.0
0 693.5 122.5 21.0 25.0
0 701.0 106.5 16.0 23.0
0 733.5 107.5 19.0 21.0
0 736.0 87.5 16.0 17.0
0 752.5 87.5 13.0 19.0
0 783.5 73.0 15.0 18.0
0 792.0 82.5 14.0 17.0
0 755.0 168.5 24.0 25.0
0 743.0 138.5 22.0 23.0
0 791.5 119.5 15.0 19.0
0 802.0 104.5 14.0 19.0
0 817.5 82.0 15.0 14.0
0 798.5 74.0 15.0 14.0
0 833.0 74.5 12.0 17.0
0 848.0 85.5 14.0 17.0
0 867.0 75.0 14.0 18.0
0 873.5 99.0 15.0 20.0
0 849.0 108.0 20.0 20.0
0 883.5 83.5 13.0 13.0
0 902.0 92.5 14.0 17.0
0 923.0 81.5 14.0 17.0
0 913.0 112.0 16.0 20.0
0 924.5 141.5 15.0 23.0
0 942.0 119.5 14.0 19.0
0 950.0 104.0 12.0 16.0
0 953.5 87.0 11.0 12.0
0 989.5 96.5 11.0 15.0
0 986.5 122.0 17.0 18.0
0 958.0 101.5 8.0 13.0
0 860.5 149.5 19.0 27.0
0 836.0 176.5 22.0 31.0
0 817.5 137.5 23.0 29.0
