0 176.0 333.5 52.0 59.0
0 273.5 246.0 19.0 22.0
0 360.5 216.0 19.0 24.0
0 323.5 255.0 29.0 24.0
0 362.0 258.5 24.0 29.0
0 440.5 211.0 19.0 24.0
0 485.5 186.0 23.0 20.0
0 532.0 185.0 24.0 22.0
0 554.0 181.5 26.0 21.0
0 418.5 258.0 25.0 32.0
0 442.5 237.5 21.0 27.0
0 482.5 236.0 23.0 30.0
0 514.0 232.5 24.0 27.0
0 536.5 203.5 21.0 25.0
0 543.5 220.5 27.0 27.0
0 586.5 190.0 19.0 26.0
0 579.0 226.5 24.0 25.0
0 552.5 241.0 23.0 22.0
0 622.0 187.5 20.0 27.0
0 647.0 176.0 18.0 24.0
0 627.0 225.5 22.0 25.0
0 653.0 196.5 18.0 21.0
0 661.5 175.5 19.0 25.0
0 689.0 162.0 14.0 14.0
0 709.0 149.5 18.0 17.0
0 714.0 182.0 16.0 22.0
0 743.0 162.0 14.0 20.0
0 759.0 145.5 18.0 21.0
0 715.5 198.5 21.0 17.0
0 577.5 294.0 37.0 44.0
0 691.5 255.5 29.0 43.0
0 784.0 177.5 22.0 25.0
0 804.5 154.0 17.0 18.0
0 810.0 168.5 18.0 25.0
0 668.5 288.0 31.0 32.0
0 713.0 311.5 32.0 33.0
0 737.5 228.0 25.0 28.0
0 783.0 216.0 24.0 26.0
0 830.0 168.5 14.0 23.0
0 839.0 167.0 16.0 22.0
0 834.5 187.5 17.0 19.0
0 810.0 234.0 20.0 26.0
0 821.0 263.5 32.0 45.0
0 849.5 246.0 23.0 32.0
0 728.5 280.0 31.0 32.0
0 786.0 321.5 42.0 45.0
0 871.5 185.0 17.0 22.0
0 926.0 166.5 14.0 23.0
0 914.0 173.0 16.0 16.0
0 903.0 187.5 18.0 29.0
0 889.5 202.5 19.0 21.0
0 962.5 168.0 21.0 24.0
0 947.5 189.5 27.0 29.0
0 938.0 207.5 22.0 25.0
0 913.0 282.0 32.0 32.0
0 867.0 354.5 42.0 57.0
0 949.5 304.5 35.0 37.0
0 987.5 217.0 23.0 24.0
0 999.5 194.5 15.0 23.0
0 1031.5 190.5 23.0 23.0
0 1056.5 188.5 21.0 25.0
0 1072.5 181.5 13.0 19.0
0 1047.0 223.0 18.0 24.0
0 1017.5 240.5 21.0 29.0
0 989.5 265.0 29.0 34.0
0 1007.5 358.5 47.0 45.0
0 1036.0 310.5 34.0 31.0
0 1053.5 268.5 21.0 35.0
0 1081.0 251.5 20.0 35.0
0 1103.5 229.0 23.0 26.0
0 1140.0 191.0 14.0 22.0
0 1146.0 221.5 18.0 19.0
0 1134.5 249.0 21.0 28.0
0 1119.5 286.5 31.0 29.0
0 1118.5 324.0 37.0 40.0
0 773.0 152.5 20.0 17.0
0 511.0 202.5 22.0 21.0
