0 959.0 132.0 14.0 20.0
0 925.0 131.5 16.0 27.0
0 907.5 151.5 17.0 29.0
0 960.0 162.0 18.0 30.0
0 951.5 195.0 21.0 40.0
0 869.0 177.5 24.0 37.0
0 926.5 265.5 33.0 47.0
0 851.0 235.0 32.0 44.0
0 825.0 73.5 10.0 17.0
0 828.5 87.0 13.0 22.0
0 844.0 86.5 14.0 19.0
0 837.0 123.5 16.0 25.0
0 830.0 142.5 22.0 29.0
0 812.5 181.0 23.0 32.0
0 783.0 213.0 32.0 42.0
0 799.0 134.0 18.0 24.0
0 759.5 168.5 21.0 33.0
0 727.5 177.5 25.0 33.0
0 717.5 134.0 21.0 30.0
0 752.0 132.5 20.0 29.0
0 791.0 113.5 18.0 23.0
0 775.0 97.5 16.0 21.0
0 780.5 74.5 13.0 21.0
0 757.0 84.5 12.0 19.0
0 731.5 90.0 15.0 20.0
0 750.5 103.0 17.0 22.0
0 743.0 61.0 10.0 14.0
0 723.0 57.5 10.0 15.0
0 689.5 59.0 11.0 14.0
0 708.5 68.0 11.0 16.0
0 700.5 99.5 19.0 25.0
0 655.0 69.5 12.0 15.0
0 665.0 64.5 10.0 15.0
0 639.0 64.0 12.0 16.0
0 657.5 131.5 21.0 29.0
0 644.0 93.5 12.0 19.0
0 615.0 60.5 8.0 11.0
0 624.0 74.5 12.0 15.0
0 601.0 70.0 12.0 14.0
0 532.5 69.0 11.0 14.0
0 550.0 71.5 10.0 15.0
0 570.0 72.0 10.0 14.0
0 588.5 85.0 13.0 16.0
0 609.0 96.5 14.0 21.0
0 508.5 78.5 11.0 13.0
0 531.5 84.5 11.0 17.0
0 545.5 92.5 13.0 19.0
0 563.0 82.0 12.0 14.0
0 573.0 95.5 14.0 21.0
0 582.5 105.5 15.0 23.0
0 513.5 101.5 15.0 23.0
0 519.0 107.0 14.0 22.0
0 482.5 81.5 11.0 15.0
0 438.5 82.5 11.0 15.0
0 467.0 94.0 14.0 20.0
0 431.5 98.0 15.0 20.0
0 407.5 114.0 17.0 22.0
0 435.5 133.5 19.0 25.0
0 437.5 117.5 17.0 23.0
0 463.0 128.5 18.0 27.0
0 498.0 134.0 22.0 26.0
0 514.0 159.0 24.0 32.0
0 358.5 99.5 11.0 15.0
0 384.0 115.0 14.0 22.0
0 356.5 118.5 17.0 17.0
0 317.0 123.0 16.0 20.0
0 318.0 136.0 20.0 22.0
0 346.0 135.5 16.0 21.0
0 384.5 143.5 21.0 27.0
0 558.5 170.0 25.0 34.0
0 600.0 144.0 22.0 32.0
0 624.5 190.5 27.0 39.0
0 216.5 209.5 43.0 49.0
