0 227.5 275.0 45.0 56.0
0 264.0 231.0 44.0 56.0
0 240.0 135.0 16.0 16.0
0 307.5 151.0 17.0 16.0
0 357.0 171.5 22.0 21.0
0 379.0 155.5 16.0 21.0
0 460.5 172.0 23.0 24.0
0 481.0 135.5 16.0 19.0
0 457.0 132.0 16.0 16.0
0 414.0 115.0 16.0 18.0
0 482.0 113.5 18.0 19.0
0 507.5 122.0 15.0 14.0
0 490.0 86.0 12.0 14.0
0 503.5 93.5 15.0 13.0
0 515.0 100.5 16.0 11.0
0 545.5 105.5 11.0 15.0
0 561.0 124.0 20.0 18.0
0 520.0 81.5 12.0 11.0
0 568.5 85.0 17.0 18.0
0 601.5 89.5 15.0 17.0
0 622.5 97.0 13.0 18.0
0 615.0 68.0 14.0 12.0
0 709.0 31.5 16.0 19.0
0 741.5 57.5 13.0 15.0
0 517.5 196.0 27.0 28.0
0 660.0 149.5 26.0 29.0
0 711.0 156.5 20.0 29.0
0 771.0 172.5 24.0 27.0
0 829.0 191.0 24.0 36.0
0 761.5 111.5 21.0 25.0
0 735.5 94.0 19.0 24.0
0 765.5 91.0 17.0 18.0
0 781.5 98.5 17.0 21.0
0 813.5 105.0 21.0 24.0
0 804.0 87.5 18.0 17.0
0 803.0 70.0 14.0 16.0
0 871.5 77.5 11.0 17.0
0 855.5 112.0 17.0 20.0
0 910.5 119.5 19.0 21.0
0 937.5 141.0 17.0 24.0
