0 116.5 161.0 27.0 34.0
0 315.5 144.5 17.0 23.0
0 320.0 129.5 18.0 21.0
0 341.0 140.5 20.0 23.0
0 358.5 143.5 21.0 25.0
0 374.0 110.0 16.0 22.0
0 385.5 124.0 19.0 24.0
0 409.5 124.0 17.0 22.0
0 413.0 145.0 20.0 28.0
0 427.5 128.5 17.0 23.0
0 443.5 161.0 21.0 28.0
0 448.0 144.5 22.0 25.0
0 485.0 122.0 18.0 24.0
0 509.5 125.0 21.0 30.0
0 437.5 100.5 13.0 15.0
0 462.5 101.5 17.0 21.0
0 482.5 100.0 15.0 20.0
0 530.5 85.5 15.0 17.0
0 538.0 95.0 16.0 16.0
0 543.5 110.0 19.0 20.0
0 571.5 107.0 17.0 22.0
0 607.0 113.0 20.0 24.0
0 619.5 98.5 17.0 21.0
0 620.5 87.0 19.0 18.0
0 600.5 87.0 13.0 16.0
0 601.0 76.5 14.0 11.0
0 587.0 94.0 16.0 20.0
0 577.0 81.5 16.0 17.0
0 546.0 76.0 12.0 14.0
0 650.5 95.5 15.0 19.0
0 669.5 72.5 13.0 17.0
0 680.0 82.5 16.0 19.0
0 671.0 99.0 16.0 18.0
0 698.0 97.5 16.0 19.0
0 717.0 89.0 14.0 22.0
0 706.0 71.0 14.0 16.0
0 718.0 69.0 10.0 18.0
0 748.5 68.5 11.0 15.0
0 741.0 82.0 18.0 18.0
0 773.5 73.0 15.0 18.0
0 722.5 111.5 21.0 21.0
0 684.5 131.5 19.0 25.0
0 648.5 141.5 29.0 27.0
0 654.5 76.5 11.0 11.0
0 699.5 154.0 29.0 30.0
0 745.5 139.0 23.0 26.0
0 756.5 156.5 25.0 29.0
0 762.0 196.0 38.0 44.0
0 809.5 230.0 31.0 44.0
0 765.5 111.0 17.0 20.0
0 783.5 113.0 17.0 24.0
0 804.5 108.5 17.0 25.0
0 802.0 91.5 16.0 25.0
0 826.0 122.5 20.0 25.0
0 800.5 148.0 27.0 32.0
0 834.5 153.5 25.0 33.0
0 829.5 83.0 15.0 22.0
0 856.5 82.0 11.0 18.0
0 858.5 94.0 15.0 20.0
0 869.0 103.5 18.0 21.0
0 879.0 88.0 12.0 18.0
0 872.5 176.5 29.0 33.0
0 912.5 158.5 25.0 31.0
0 874.0 126.0 20.0 24.0
0 895.0 126.5 16.0 21.0
0 908.5 107.5 15.0 21.0
0 918.0 100.0 14.0 18.0
0 911.5 84.5 13.0 17.0
0 933.5 94.5 13.0 19.0
0 951.0 115.0 20.0 26.0
0 954.5 101.5 17.0 17.0
0 962.0 142.5 20.0 25.0
0 919.0 134.5 16.0 19.0
0 977.5 133.5 19.0 27.0
0 994.0 116.5 14.0 19.0
0 999.0 99.0 16.0 18.0
0 1021.0 129.0 16.0 24.0
0 1012.0 155.5 20.0 27.0
0 984.0 218.0 30.0 38.0
0 1037.0 119.5 14.0 23.0
