0 213.5 207.0 41.0 46.0
0 336.0 110.5 16.0 19.0
0 334.5 130.5 19.0 21.0
0 357.5 120.0 15.0 18.0
0 419.5 121.0 13.0 16.0
0 428.0 104.0 16.0 20.0
0 450.5 91.5 11.0 15.0
0 472.0 85.5 10.0 17.0
0 480.0 79.0 12.0 16.0
0 522.0 70.0 10.0 14.0
0 510.5 84.0 11.0 14.0
0 562.0 73.0 10.0 14.0
0 602.5 70.0 11.0 20.0
0 621.0 61.5 12.0 15.0
0 615.0 77.5 26.0 25.0
0 575.0 87.0 14.0 18.0
0 557.5 111.5 17.0 23.0
0 464.0 119.5 22.0 21.0
0 496.0 127.5 18.0 19.0
0 588.0 137.5 22.0 25.0
0 642.5 88.0 13.0 20.0
0 652.0 72.0 12.0 14.0
0 655.5 65.0 13.0 16.0
0 675.5 68.0 9.0 14.0
0 698.5 73.5 19.0 17.0
0 711.0 77.0 16.0 24.0
0 636.0 121.5 22.0 27.0
0 528.0 161.5 26.0 29.0
0 602.0 181.5 34.0 37.0
0 675.5 192.0 37.0 38.0
0 647.5 144.5 21.0 23.0
0 668.5 168.0 23.0 20.0
0 676.5 131.5 19.0 23.0
0 682.0 105.0 20.0 20.0
0 716.0 117.0 20.0 22.0
0 721.5 94.0 29.0 32.0
0 753.5 104.0 17.0 24.0
0 768.5 76.0 17.0 20.0
0 780.0 89.0 18.0 22.0
0 792.5 82.5 21.0 23.0
0 734.5 141.5 23.0 31.0
0 736.5 215.0 35.0 40.0
0 833.5 207.5 27.0 27.0
0 814.0 161.5 22.0 27.0
0 805.5 123.0 19.0 20.0
0 812.0 98.0 14.0 22.0
0 844.5 105.0 15.0 14.0
0 858.0 92.0 12.0 16.0
0 891.5 93.5 17.0 21.0
0 929.5 99.5 13.0 19.0
0 937.0 100.5 12.0 17.0
0 962.5 105.5 11.0 19.0
0 858.5 127.0 15.0 20.0
0 849.0 176.0 24.0 30.0
0 893.0 152.0 24.0 26.0
0 897.5 129.5 17.0 19.0
0 933.5 143.0 17.0 24.0
0 950.5 139.5 17.0 27.0
0 967.5 129.5 17.0 23.0
0 943.5 167.0 25.0 24.0
0 927.5 196.5 23.0 33.0
0 912.5 250.0 29.0 44.0
0 883.0 112.0 14.0 20.0
0 827.0 114.0 14.0 20.0
0 522.5 93.5 13.0 15.0
0 543.0 91.0 16.0 16.0
0 597.5 100.0 19.0 22.0
0 610.0 86.0 16.0 20.0
0 518.0 80.5 12.0 11.0
0 533.5 74.5 13.0 17.0
0 792.0 109.0 18.0 22.0
0 863.5 110.0 19.0 22.0
