0 42.0 282.0 30.0 32.0
0 304.0 238.5 20.0 23.0
0 327.0 247.0 26.0 28.0
0 360.5 217.0 21.0 22.0
0 364.5 255.5 25.0 29.0
0 414.0 259.5 28.0 31.0
0 443.0 229.0 22.0 24.0
0 446.0 210.0 20.0 22.0
0 478.5 236.0 19.0 20.0
0 510.5 239.5 23.0 23.0
0 511.0 213.5 18.0 19.0
0 485.0 186.5 16.0 23.0
0 511.5 186.5 15.0 19.0
0 546.0 214.5 18.0 23.0
0 548.0 189.0 18.0 22.0
0 529.5 180.5 15.0 21.0
0 534.0 192.5 12.0 17.0
0 584.0 219.0 20.0 22.0
0 533.5 216.0 13.0 20.0
0 580.0 166.0 16.0 16.0
0 562.5 180.0 13.0 18.0
0 634.5 192.0 19.0 20.0
0 627.0 180.5 14.0 19.0
0 636.5 174.0 17.0 20.0
0 664.0 178.0 20.0 24.0
0 699.5 158.0 15.0 16.0
0 710.0 145.5 18.0 21.0
0 711.0 183.5 16.0 21.0
0 716.0 198.0 20.0 22.0
0 653.0 211.5 22.0 23.0
0 625.5 227.0 23.0 28.0
0 619.0 278.0 32.0 36.0
0 673.0 289.5 30.0 37.0
0 663.5 260.0 31.0 36.0
0 740.0 228.5 26.0 31.0
0 752.0 255.5 26.0 31.0
0 752.5 305.0 37.0 46.0
0 830.5 315.5 35.0 47.0
0 814.0 263.5 36.0 39.0
0 801.0 236.0 22.0 26.0
0 785.0 211.0 24.0 30.0
0 748.5 172.5 17.0 17.0
0 752.5 158.0 13.0 16.0
0 758.0 148.0 14.0 16.0
0 776.5 152.0 15.0 18.0
0 787.5 163.5 15.0 19.0
0 795.5 174.0 13.0 18.0
0 811.5 155.0 15.0 18.0
0 824.0 163.5 14.0 19.0
0 839.5 162.5 15.0 25.0
0 867.0 176.5 20.0 25.0
0 834.5 191.0 19.0 24.0
0 864.5 206.5 25.0 31.0
0 893.5 203.5 23.0 23.0
0 899.5 184.5 21.0 25.0
0 920.5 177.0 17.0 16.0
0 918.5 159.5 17.0 19.0
0 961.5 172.5 21.0 21.0
0 955.0 187.0 18.0 20.0
0 944.0 205.0 18.0 22.0
0 852.5 250.5 25.0 37.0
0 903.5 281.0 33.0 34.0
0 883.0 336.5 42.0 53.0
0 977.5 291.0 35.0 38.0
0 1007.5 364.5 41.0 45.0
0 1037.5 310.5 37.0 45.0
0 997.0 254.5 24.0 37.0
0 1003.5 214.0 23.0 26.0
0 1004.0 199.5 20.0 19.0
0 996.0 178.5 22.0 25.0
0 1030.0 185.0 16.0 24.0
0 1051.0 189.5 16.0 23.0
0 1057.0 206.0 18.0 22.0
0 1074.0 183.0 16.0 20.0
0 1039.0 222.0 24.0 24.0
0 1027.0 238.5 22.0 27.0
0 1058.0 263.5 30.0 37.0
0 1070.5 242.5 21.0 31.0
0 1093.5 228.0 19.0 26.0
0 1101.0 199.0 18.0 24.0
0 1144.5 206.5 23.0 21.0
0 1123.0 225.5 20.0 23.0
0 1132.5 249.0 21.0 28.0
0 1117.0 277.0 26.0 32.0
0 1121.5 313.5 39.0 45.0
