0 147.5 371.0 47.0 54.0
0 268.5 239.0 21.0 26.0
0 300.5 259.0 23.0 26.0
0 334.5 222.5 21.0 23.0
0 397.5 261.5 29.0 35.0
0 338.0 266.0 28.0 32.0
0 420.5 231.0 23.0 26.0
0 419.0 210.0 22.0 24.0
0 489.5 232.0 21.0 26.0
0 516.5 220.0 23.0 26.0
0 484.5 208.0 19.0 22.0
0 465.0 185.0 18.0 22.0
0 495.0 181.0 18.0 24.0
0 510.0 181.0 20.0 18.0
0 534.0 182.5 16.0 21.0
0 550.0 187.5 18.0 19.0
0 530.0 244.5 28.0 33.0
0 558.5 219.5 29.0 29.0
0 602.0 232.5 26.0 27.0
0 553.0 170.5 16.0 19.0
0 601.5 192.0 23.0 26.0
0 624.5 193.0 19.0 26.0
0 626.0 172.0 18.0 22.0
0 662.0 194.5 20.0 25.0
0 664.5 160.5 15.0 21.0
0 671.5 173.0 15.0 18.0
0 687.5 177.0 19.0 20.0
0 684.5 154.0 17.0 16.0
0 717.5 177.5 15.0 19.0
0 725.5 161.0 15.0 18.0
0 733.5 149.0 15.0 20.0
0 757.5 145.0 15.0 16.0
0 574.0 287.5 36.0 41.0
0 644.5 251.0 29.0 36.0
0 652.5 283.0 35.0 38.0
0 711.5 314.5 37.0 45.0
0 732.5 254.0 27.0 30.0
0 720.0 232.0 26.0 32.0
0 759.5 208.0 25.0 28.0
0 751.0 179.5 20.0 23.0
0 770.5 156.5 17.0 23.0
0 800.0 146.5 18.0 21.0
0 789.0 263.5 38.0 43.0
0 771.5 329.0 45.0 50.0
0 776.5 241.0 25.0 28.0
0 807.0 195.5 20.0 25.0
0 836.5 213.0 21.0 26.0
0 850.5 209.0 21.0 26.0
0 851.0 176.0 20.0 22.0
0 811.0 163.0 16.0 18.0
0 820.5 154.5 15.0 19.0
0 885.0 167.0 18.0 20.0
0 895.0 182.5 18.0 21.0
0 901.5 161.0 15.0 20.0
0 921.0 179.5 18.0 23.0
0 940.0 199.5 20.0 27.0
0 942.5 169.5 19.0 25.0
0 976.0 171.0 18.0 26.0
0 982.0 211.0 24.0 26.0
0 987.5 189.5 17.0 21.0
0 1013.5 182.0 19.0 24.0
0 1036.0 192.5 18.0 23.0
0 1023.5 225.5 23.0 33.0
0 993.5 237.0 27.0 30.0
0 830.5 253.0 27.0 36.0
0 869.0 282.0 38.0 38.0
0 846.5 375.5 53.0 53.0
0 931.0 302.0 40.0 48.0
0 997.5 350.0 35.0 48.0
0 1014.5 320.5 33.0 41.0
0 979.5 253.5 23.0 33.0
0 1033.5 272.0 31.0 38.0
0 1058.5 244.5 27.0 31.0
0 1075.0 224.5 20.0 25.0
0 1081.5 198.0 19.0 22.0
0 1059.0 182.0 18.0 22.0
0 1110.5 231.0 27.0 30.0
0 1117.5 258.5 27.0 33.0
0 1099.5 317.0 39.0 46.0
0 1124.0 211.0 18.0 18.0
0 1132.0 197.0 18.0 20.0
