0 210.5 199.5 39.0 39.0
0 315.0 126.0 14.0 18.0
0 322.5 114.5 15.0 15.0
0 346.5 111.5 15.0 17.0
0 410.0 110.0 14.0 18.0
0 418.0 97.5 14.0 15.0
0 412.0 88.0 14.0 14.0
0 448.0 85.0 12.0 12.0
0 455.0 95.5 16.0 17.0
0 442.5 113.5 17.0 21.0
0 486.0 129.0 22.0 22.0
0 519.5 149.0 23.0 30.0
0 473.0 101.0 18.0 18.0
0 475.0 83.5 14.0 15.0
0 467.5 72.5 13.0 11.0
0 498.0 73.0 10.0 12.0
0 507.5 81.5 15.0 15.0
0 522.5 84.5 15.0 19.0
0 512.0 64.5 14.0 13.0
0 526.5 68.5 11.0 11.0
0 537.5 74.5 11.0 13.0
0 559.5 83.0 13.0 16.0
0 554.5 98.0 17.0 18.0
0 587.0 60.0 12.0 14.0
0 598.5 66.5 13.0 13.0
0 596.0 75.5 14.0 15.0
0 598.0 92.5 16.0 15.0
0 591.5 129.5 19.0 19.0
0 584.5 148.0 23.0 28.0
0 619.0 162.5 26.0 31.0
0 632.0 137.0 20.0 20.0
0 657.5 149.5 21.0 23.0
0 674.5 179.5 29.0 37.0
0 663.5 117.0 21.0 20.0
0 633.0 83.0 12.0 14.0
0 608.5 56.0 11.0 12.0
0 630.5 54.5 11.0 13.0
0 619.5 77.0 13.0 16.0
0 643.0 67.0 12.0 12.0
0 654.5 58.5 11.0 15.0
0 683.0 67.0 10.0 14.0
0 694.0 68.0 12.0 16.0
0 704.0 67.0 10.0 12.0
0 705.0 88.5 12.0 17.0
0 698.5 115.0 15.0 18.0
0 718.0 127.5 20.0 27.0
0 737.0 92.5 12.0 17.0
0 724.0 77.0 14.0 18.0
0 750.0 69.5 14.0 15.0
0 761.5 77.0 15.0 18.0
0 778.0 76.0 14.0 16.0
0 785.5 90.0 15.0 18.0
0 767.5 101.0 17.0 20.0
0 787.5 111.5 17.0 19.0
0 787.0 145.0 24.0 30.0
0 736.5 197.0 27.0 32.0
0 826.5 193.5 25.0 31.0
0 842.0 167.5 20.0 25.0
0 901.0 175.5 22.0 31.0
0 811.5 134.5 19.0 23.0
0 838.0 119.0 16.0 24.0
0 849.5 105.5 15.0 21.0
0 859.5 99.0 13.0 16.0
0 870.0 92.0 12.0 16.0
0 877.0 82.5 12.0 15.0
0 836.5 84.5 13.0 17.0
0 823.0 94.5 14.0 19.0
0 889.0 97.0 14.0 16.0
0 887.0 112.0 16.0 20.0
0 877.5 132.5 19.0 27.0
0 925.0 155.5 20.0 23.0
0 923.0 132.5 20.0 27.0
0 932.5 117.0 17.0 20.0
0 933.0 97.0 16.0 18.0
0 910.5 98.0 15.0 18.0
0 906.5 91.5 13.0 15.0
