0 106.5 322.5 53.0 67.0
0 315.5 142.5 21.0 27.0
0 368.5 141.5 21.0 23.0
0 382.0 124.5 24.0 27.0
0 411.5 140.5 23.0 33.0
0 436.5 123.0 21.0 26.0
0 450.5 159.5 27.0 31.0
0 477.0 112.5 16.0 19.0
0 487.0 139.5 18.0 23.0
0 530.0 183.0 26.0 34.0
0 527.5 111.5 19.0 25.0
0 538.5 95.5 19.0 23.0
0 581.0 103.0 20.0 26.0
0 586.0 147.0 24.0 28.0
0 609.5 122.5 17.0 27.0
0 607.5 87.5 15.0 23.0
0 650.5 95.0 19.0 22.0
0 672.0 122.5 24.0 27.0
0 671.0 98.5 16.0 21.0
0 681.0 82.0 18.0 22.0
0 710.0 81.0 18.0 22.0
0 733.0 77.0 18.0 22.0
0 681.5 203.5 27.0 31.0
0 712.0 119.5 18.0 27.0
0 745.5 107.0 15.0 24.0
0 756.0 92.5 18.0 19.0
0 804.5 43.0 19.0 22.0
0 777.0 72.5 16.0 17.0
0 796.0 82.5 16.0 21.0
0 757.0 119.5 20.0 27.0
0 801.5 108.5 15.0 19.0
0 843.5 91.5 17.0 23.0
0 852.5 80.5 15.0 19.0
0 878.0 92.5 18.0 21.0
0 759.5 174.5 23.0 31.0
0 747.5 222.0 25.0 30.0
0 808.5 243.0 31.0 38.0
0 814.0 151.5 24.0 27.0
0 880.0 126.0 18.0 28.0
0 877.0 164.0 22.0 30.0
0 887.0 247.5 28.0 41.0
0 909.0 120.0 18.0 26.0
0 925.0 112.0 14.0 20.0
0 920.0 138.0 20.0 26.0
0 963.0 101.5 20.0 23.0
0 962.0 122.0 18.0 24.0
0 945.0 169.0 22.0 30.0
0 973.0 153.5 24.0 27.0
0 997.0 113.0 16.0 22.0
0 1014.5 127.5 19.0 25.0
0 999.0 141.0 16.0 26.0
0 1003.5 176.0 23.0 36.0
0 968.0 262.0 32.0 48.0
0 1065.5 203.5 23.0 31.0
0 1075.5 138.5 21.0 23.0
0 1118.5 129.5 21.0 21.0
0 1107.5 155.0 19.0 28.0
0 1176.0 142.0 12.0 20.0
0 1162.5 165.0 21.0 26.0
0 1137.5 189.0 17.0 28.0
0 1156.5 207.5 21.0 29.0
0 1102.5 243.0 29.0 36.0
0 1074.0 306.5 28.0 49.0
0 1178.5 255.0 29.0 34.0
0 1208.0 221.5 20.0 29.0
0 1202.5 201.5 15.0 23.0
0 1206.0 178.5 16.0 19.0
0 1210.0 153.5 16.0 25.0
