0 105.0 327.0 56.0 60.0
0 224.5 172.0 23.0 30.0
0 261.0 168.0 28.0 30.0
0 313.0 144.0 26.0 22.0
0 362.5 131.5 25.0 27.0
0 364.0 145.5 26.0 25.0
0 390.0 136.0 22.0 26.0
0 414.5 127.0 19.0 20.0
0 432.5 119.5 25.0 19.0
0 465.0 113.5 22.0 23.0
0 462.0 145.0 22.0 20.0
0 437.0 158.5 28.0 27.0
0 526.0 185.0 30.0 32.0
0 520.5 116.0 19.0 22.0
0 528.0 99.5 16.0 25.0
0 546.5 100.5 19.0 17.0
0 567.0 93.5 20.0 23.0
0 592.5 94.0 17.0 24.0
0 591.0 123.5 20.0 23.0
0 563.5 150.5 25.0 27.0
0 625.5 101.5 21.0 27.0
0 669.0 83.5 16.0 23.0
0 697.5 82.0 17.0 20.0
0 720.5 77.0 17.0 20.0
0 733.5 92.5 19.0 19.0
0 700.0 118.5 20.0 23.0
0 668.5 130.0 19.0 22.0
0 762.5 76.5 19.0 17.0
0 753.5 118.5 17.0 23.0
0 731.0 115.0 20.0 24.0
0 794.5 84.0 17.0 20.0
0 810.0 80.5 18.0 17.0
0 796.0 108.0 18.0 20.0
0 837.0 83.5 18.0 17.0
0 836.5 99.0 17.0 24.0
0 860.5 96.5 19.0 21.0
0 843.0 126.5 20.0 21.0
0 816.0 139.0 26.0 28.0
0 755.0 175.5 28.0 27.0
0 693.0 204.5 34.0 35.0
0 736.0 216.5 30.0 33.0
0 799.5 234.0 33.0 34.0
0 876.0 237.0 30.0 40.0
0 964.5 263.5 33.0 45.0
0 1055.5 291.5 31.0 45.0
0 1083.5 242.5 25.0 31.0
0 1164.5 287.5 27.0 39.0
0 1154.5 225.0 25.0 32.0
0 1191.0 216.0 20.0 28.0
0 1203.0 157.5 16.0 25.0
0 1156.5 145.5 17.0 19.0
0 1193.0 192.5 22.0 27.0
0 1137.5 162.5 19.0 25.0
0 1103.5 137.0 19.0 20.0
0 1100.0 157.0 18.0 20.0
0 1085.0 170.0 18.0 26.0
0 1063.5 139.0 15.0 22.0
0 1027.0 133.0 22.0 24.0
0 1002.5 139.5 19.0 21.0
0 975.0 135.5 18.0 19.0
0 987.0 115.0 20.0 22.0
0 940.0 113.0 18.0 24.0
0 911.5 117.0 21.0 22.0
0 904.0 139.0 20.0 24.0
0 890.5 133.0 19.0 18.0
0 915.5 172.0 19.0 30.0
0 993.5 178.5 25.0 29.0
0 961.5 160.5 21.0 27.0
0 1054.0 203.0 22.0 28.0
0 1057.5 185.5 23.0 29.0
0 1127.5 201.0 21.0 30.0
