0 224.5 217.5 53.0 61.0
0 302.5 156.5 21.0 23.0
0 352.0 168.0 20.0 26.0
0 368.0 162.0 20.0 22.0
0 381.0 130.5 18.0 23.0
0 407.0 128.0 22.0 26.0
0 450.0 130.0 22.0 22.0
0 471.5 141.0 19.0 22.0
0 457.5 171.0 25.0 28.0
0 453.5 107.0 19.0 20.0
0 473.0 116.0 18.0 22.0
0 499.5 119.5 19.0 19.0
0 476.0 95.0 16.0 18.0
0 488.5 100.0 21.0 18.0
0 533.0 102.0 18.0 22.0
0 517.5 82.0 15.0 14.0
0 539.5 120.5 21.0 19.0
0 562.0 117.5 20.0 21.0
0 554.5 84.0 19.0 20.0
0 572.5 80.0 17.0 16.0
0 593.0 95.5 20.0 23.0
0 593.5 72.5 13.0 15.0
0 612.0 95.5 16.0 17.0
0 632.0 66.0 14.0 18.0
0 653.0 73.5 16.0 19.0
0 735.0 64.0 16.0 22.0
0 595.0 154.0 24.0 28.0
0 513.0 201.0 34.0 38.0
0 580.0 194.0 30.0 32.0
0 648.5 194.5 29.0 33.0
0 647.0 152.0 24.0 30.0
0 658.0 123.0 22.0 26.0
0 711.5 122.5 23.0 27.0
0 726.5 97.0 21.0 26.0
0 748.5 106.0 21.0 24.0
0 762.0 122.0 26.0 30.0
0 761.5 168.0 31.0 38.0
0 721.5 192.5 31.0 37.0
0 706.0 158.5 26.0 27.0
0 828.0 191.5 26.0 35.0
0 799.0 112.0 24.0 30.0
0 756.0 85.5 16.0 19.0
0 784.0 77.5 16.0 21.0
0 800.5 88.5 17.0 19.0
0 819.0 77.5 20.0 17.0
0 807.0 66.5 14.0 19.0
0 853.0 77.5 16.0 19.0
0 865.5 76.5 15.0 17.0
0 855.0 111.0 20.0 24.0
0 875.0 102.0 18.0 20.0
0 904.0 115.0 22.0 28.0
0 931.5 78.5 15.0 21.0
0 946.0 113.5 18.0 23.0
0 934.5 138.0 19.0 30.0
0 980.0 112.0 22.0 28.0
0 976.5 60.5 19.0 19.0
