0 74.0 261.0 48.0 64.0
0 273.0 167.5 20.0 21.0
0 302.0 158.5 20.0 21.0
0 321.0 153.0 20.0 24.0
0 345.0 158.5 20.0 27.0
0 365.5 165.0 19.0 26.0
0 421.0 183.0 26.0 30.0
0 342.0 132.5 18.0 21.0
0 369.0 128.0 18.0 22.0
0 375.0 143.0 20.0 20.0
0 397.5 135.5 23.0 19.0
0 446.0 131.5 18.0 23.0
0 527.0 171.0 28.0 36.0
0 411.0 125.5 20.0 19.0
0 434.0 104.5 16.0 19.0
0 453.5 108.5 15.0 21.0
0 487.0 100.0 18.0 22.0
0 481.5 84.5 15.0 17.0
0 476.0 131.5 20.0 25.0
0 509.0 97.0 14.0 18.0
0 502.5 88.0 13.0 16.0
0 516.5 81.5 11.0 13.0
0 527.5 137.0 21.0 24.0
0 492.0 119.0 16.0 20.0
0 472.0 117.0 16.0 20.0
0 508.5 118.5 17.0 23.0
0 535.0 121.5 18.0 23.0
0 538.0 99.0 16.0 20.0
0 531.5 90.5 13.0 19.0
0 561.0 80.0 16.0 18.0
0 567.5 102.5 21.0 25.0
0 584.0 92.0 14.0 18.0
0 572.5 77.0 13.0 16.0
0 596.0 79.5 16.0 17.0
0 606.0 67.5 14.0 15.0
0 621.0 82.0 12.0 18.0
0 608.0 97.0 18.0 20.0
0 624.0 75.5 12.0 15.0
0 635.0 60.0 14.0 16.0
0 656.5 60.5 13.0 17.0
0 660.0 84.5 16.0 23.0
0 674.0 72.0 14.0 16.0
0 679.0 62.5 12.0 17.0
0 713.5 73.0 15.0 16.0
0 732.0 63.0 14.0 20.0
0 602.5 143.0 21.0 22.0
0 597.0 175.5 26.0 35.0
0 640.5 198.0 29.0 38.0
0 646.5 152.0 29.0 34.0
0 664.0 113.0 20.0 26.0
0 690.0 105.0 20.0 28.0
0 704.5 122.5 21.0 31.0
0 722.5 145.0 21.0 30.0
0 740.0 128.5 22.0 29.0
0 730.0 84.0 14.0 18.0
0 759.0 82.0 14.0 26.0
0 787.0 70.0 14.0 20.0
0 797.0 66.0 14.0 20.0
0 778.5 91.5 17.0 25.0
0 719.0 200.0 30.0 40.0
0 756.0 171.0 30.0 34.0
0 788.5 121.5 17.0 25.0
0 809.5 137.0 21.0 32.0
0 820.5 166.0 27.0 34.0
0 805.0 93.0 14.0 20.0
0 794.0 87.5 14.0 19.0
0 816.0 81.5 16.0 21.0
0 837.5 71.5 13.0 19.0
0 844.0 78.5 10.0 19.0
0 859.0 71.5 12.0 19.0
0 847.0 110.0 16.0 24.0
0 874.0 93.5 16.0 23.0
0 883.5 80.0 15.0 22.0
0 908.0 89.5 12.0 17.0
0 905.5 108.0 15.0 20.0
0 922.5 89.5 13.0 19.0
0 925.5 74.5 13.0 17.0
0 931.0 130.0 16.0 24.0
0 954.5 75.5 11.0 17.0
0 993.0 98.5 14.0 21.0
0 940.0 115.0 14.0 24.0
0 989.5 163.5 25.0 29.0
0 946.5 106.0 15.0 22.0
0 951.0 97.0 16.0 22.0
