0 429.0 125.5 30.0 33.0
0 385.0 136.5 20.0 25.0
0 391.5 120.0 17.0 18.0
0 381.5 107.0 17.0 22.0
0 378.5 97.5 19.0 17.0
0 345.5 109.5 19.0 23.0
0 422.0 101.5 18.0 19.0
0 422.5 88.5 15.0 13.0
0 453.5 88.0 13.0 14.0
0 459.0 94.0 16.0 18.0
0 470.5 102.5 17.0 23.0
0 468.0 128.5 18.0 27.0
0 478.0 90.0 14.0 16.0
0 467.0 76.0 12.0 12.0
0 479.0 79.0 12.0 14.0
0 489.0 72.5 12.0 15.0
0 502.0 110.0 18.0 26.0
0 518.0 94.0 16.0 20.0
0 540.5 98.5 17.0 25.0
0 536.5 109.5 15.0 23.0
0 557.5 140.0 25.0 26.0
0 538.5 82.0 15.0 14.0
0 570.5 66.0 15.0 12.0
0 579.5 46.0 15.0 18.0
0 600.5 43.5 11.0 13.0
0 618.0 71.0 14.0 18.0
0 581.0 74.0 12.0 14.0
0 585.5 84.5 13.0 17.0
0 574.0 96.0 16.0 18.0
0 649.5 77.5 13.0 15.0
0 675.5 72.0 13.0 18.0
0 697.0 65.5 12.0 15.0
0 640.0 114.0 18.0 24.0
0 662.0 109.5 16.0 23.0
0 602.0 143.5 28.0 23.0
0 631.5 167.5 23.0 29.0
0 660.5 190.5 29.0 39.0
0 709.0 166.0 26.0 32.0
0 699.5 109.0 17.0 24.0
0 695.5 90.0 15.0 18.0
0 712.5 86.5 15.0 19.0
0 728.0 95.5 16.0 21.0
0 739.5 79.0 11.0 18.0
0 748.0 95.0 14.0 18.0
0 738.5 113.5 15.0 21.0
0 745.0 139.0 18.0 26.0
0 772.5 75.0 13.0 20.0
0 790.5 92.0 13.0 16.0
0 773.0 105.0 12.0 20.0
0 773.0 127.0 16.0 18.0
0 819.5 102.0 13.0 18.0
0 832.0 89.0 12.0 18.0
0 851.5 104.0 13.0 18.0
0 858.5 96.0 11.0 20.0
0 825.0 124.0 14.0 20.0
0 807.0 145.0 22.0 22.0
0 864.0 159.5 20.0 27.0
0 875.5 141.5 17.0 27.0
0 883.0 119.0 16.0 26.0
0 891.0 110.5 14.0 23.0
0 847.5 183.5 25.0 31.0
0 906.0 173.5 18.0 31.0
0 927.5 128.5 13.0 19.0
0 936.5 121.0 15.0 22.0
0 927.0 104.5 14.0 19.0
0 925.5 96.5 11.0 15.0
