0 1085.0 104.5 14.0 23.0
0 1101.5 137.5 15.0 23.0
0 1106.0 154.5 22.0 31.0
0 1151.0 185.5 26.0 35.0
0 1085.5 181.0 25.0 36.0
0 1065.0 235.5 26.0 43.0
0 1058.5 137.5 19.0 27.0
0 984.5 203.5 25.0 45.0
0 1045.0 156.0 22.0 32.0
0 1033.5 166.5 23.0 35.0
0 976.5 139.5 19.0 31.0
0 995.0 111.0 16.0 26.0
0 1005.0 128.0 20.0 28.0
0 1017.5 121.0 17.0 26.0
0 910.5 112.5 17.0 23.0
0 939.5 109.5 17.0 25.0
0 955.5 125.0 19.0 26.0
0 940.0 161.0 24.0 32.0
0 901.5 159.5 21.0 31.0
0 920.0 188.0 34.0 40.0
0 925.0 251.5 38.0 51.0
0 848.0 229.5 32.0 53.0
0 834.5 180.5 25.0 39.0
0 779.5 168.5 29.0 39.0
0 812.0 161.0 24.0 32.0
0 810.0 122.5 20.0 27.0
0 858.5 148.5 19.0 27.0
0 853.0 125.0 18.0 22.0
0 841.0 90.5 14.0 19.0
0 806.5 89.0 17.0 20.0
0 765.0 73.0 14.0 16.0
0 738.5 117.0 15.0 22.0
0 729.5 106.0 15.0 24.0
0 762.5 105.0 15.0 22.0
0 773.5 99.5 15.0 19.0
0 627.5 95.0 11.0 14.0
0 684.0 111.0 16.0 20.0
0 679.0 139.5 18.0 27.0
0 661.0 127.0 20.0 26.0
0 643.0 137.0 20.0 28.0
0 716.5 170.5 27.0 31.0
0 613.0 149.5 22.0 27.0
0 558.0 115.5 14.0 21.0
0 573.0 121.5 16.0 25.0
0 564.0 163.5 18.0 31.0
0 619.0 213.5 28.0 35.0
0 681.0 228.5 34.0 37.0
0 458.5 150.0 21.0 22.0
0 501.5 137.0 15.0 20.0
0 526.5 155.5 19.0 29.0
0 504.5 201.5 23.0 35.0
0 452.0 201.5 20.0 33.0
0 415.0 161.5 18.0 29.0
0 449.5 179.0 21.0 24.0
0 398.0 187.0 16.0 24.0
0 412.5 188.0 21.0 30.0
0 349.0 181.0 16.0 20.0
0 343.0 193.5 20.0 25.0
0 250.5 306.0 49.0 66.0
