0 190.5 358.5 69.0 75.0
0 284.5 241.0 23.0 26.0
0 318.0 251.5 30.0 33.0
0 363.5 255.0 29.0 32.0
0 354.5 215.0 21.0 26.0
0 409.5 258.5 31.0 31.0
0 451.0 225.5 22.0 23.0
0 440.5 206.0 21.0 22.0
0 482.0 232.5 22.0 25.0
0 509.0 233.5 24.0 25.0
0 506.0 208.0 20.0 22.0
0 549.0 240.5 28.0 33.0
0 477.0 186.5 18.0 25.0
0 491.5 197.5 17.0 19.0
0 504.5 184.5 21.0 23.0
0 553.5 185.0 19.0 20.0
0 534.5 199.0 21.0 26.0
0 577.5 214.0 19.0 24.0
0 631.0 216.5 24.0 25.0
0 609.5 187.0 21.0 24.0
0 572.0 170.0 16.0 20.0
0 580.0 162.0 14.0 16.0
0 638.0 172.5 20.0 21.0
0 672.0 174.5 20.0 23.0
0 677.5 201.0 21.0 28.0
0 714.0 179.0 22.0 24.0
0 686.5 151.0 15.0 22.0
0 702.0 152.0 14.0 14.0
0 706.0 168.5 14.0 17.0
0 737.5 169.0 17.0 22.0
0 748.5 142.5 15.0 19.0
0 770.0 149.5 14.0 19.0
0 778.5 160.5 13.0 19.0
0 785.0 173.5 18.0 21.0
0 829.5 162.5 17.0 23.0
0 813.0 153.5 16.0 17.0
0 616.5 272.0 35.0 46.0
0 676.5 280.0 39.0 44.0
0 755.0 299.0 38.0 50.0
0 746.5 265.5 35.0 39.0
0 736.0 227.0 30.0 32.0
0 777.0 208.0 26.0 28.0
0 796.0 233.0 26.0 34.0
0 854.5 247.0 27.0 36.0
0 819.0 310.0 42.0 52.0
0 807.5 276.5 33.0 39.0
0 882.0 326.0 48.0 58.0
0 912.5 284.5 35.0 39.0
0 951.5 321.0 37.0 42.0
0 983.5 252.5 27.0 37.0
0 1000.0 360.5 42.0 49.0
0 1035.0 305.5 34.0 43.0
0 1114.5 329.5 37.0 47.0
0 1099.5 277.5 29.0 35.0
0 1050.5 269.5 29.0 39.0
0 1078.5 225.5 23.0 33.0
0 1073.5 257.0 27.0 32.0
0 1127.0 255.5 26.0 33.0
0 1138.0 233.5 20.0 27.0
0 1139.5 209.5 17.0 23.0
0 833.0 190.0 22.0 26.0
0 869.5 178.0 19.0 26.0
0 888.0 203.0 22.0 28.0
0 899.5 184.5 21.0 27.0
0 901.5 164.5 17.0 23.0
0 929.0 161.0 20.0 22.0
0 946.5 200.5 21.0 29.0
0 951.0 178.5 18.0 21.0
0 958.5 169.5 15.0 19.0
0 923.0 184.5 18.0 21.0
0 1002.0 214.5 26.0 25.0
0 1043.5 215.5 21.0 27.0
0 1007.0 245.0 26.0 36.0
0 1002.0 193.5 20.0 23.0
0 994.5 170.5 21.0 25.0
0 1028.5 182.0 17.0 22.0
0 1046.0 192.0 20.0 24.0
0 1054.5 183.0 19.0 22.0
0 1067.0 177.0 18.0 24.0
0 1112.0 200.5 22.0 27.0
0 1146.0 185.5 22.0 23.0
