0 165.5 212.0 43.0 62.0
0 638.0 272.0 66.0 66.0
0 362.0 72.5 16.0 15.0
0 392.5 86.0 13.0 20.0
0 394.5 132.0 13.0 18.0
0 409.0 118.5 18.0 21.0
0 434.0 124.0 18.0 18.0
0 453.5 84.5 13.0 19.0
0 460.0 96.5 18.0 19.0
0 560.0 69.5 16.0 15.0
0 502.5 105.0 25.0 20.0
0 535.5 107.5 27.0 23.0
0 585.5 128.5 27.0 19.0
0 609.5 135.5 23.0 27.0
0 687.0 86.5 16.0 17.0
0 691.5 98.5 15.0 17.0
0 711.5 91.5 13.0 23.0
0 728.0 106.5 16.0 17.0
0 752.5 105.0 13.0 22.0
0 800.0 144.0 20.0 28.0
0 848.5 140.5 23.0 29.0
0 904.5 130.5 19.0 21.0
0 914.5 110.0 15.0 22.0
