0 92.0 277.0 62.0 60.0
0 211.0 174.0 28.0 30.0
0 242.0 179.0 34.0 30.0
0 290.5 147.5 23.0 25.0
0 339.5 152.0 25.0 26.0
0 345.5 130.5 27.0 23.0
0 372.0 144.0 24.0 30.0
0 393.5 136.0 25.0 30.0
0 417.5 163.0 29.0 34.0
0 413.0 127.0 26.0 24.0
0 444.5 120.5 29.0 25.0
0 449.5 146.5 23.0 27.0
0 493.5 125.0 25.0 20.0
0 493.5 108.0 21.0 20.0
0 502.0 191.5 32.0 33.0
0 518.0 107.0 22.0 24.0
0 546.0 153.5 28.0 33.0
0 581.0 130.0 22.0 28.0
0 608.5 110.5 29.0 31.0
0 575.0 97.0 24.0 22.0
0 556.5 104.5 23.0 23.0
0 645.0 136.5 22.0 25.0
0 654.0 104.5 22.0 23.0
0 648.0 87.5 26.0 21.0
0 680.5 87.0 25.0 24.0
0 697.5 77.0 19.0 20.0
0 682.0 110.5 22.0 19.0
0 672.0 126.0 20.0 24.0
0 711.5 99.0 21.0 20.0
0 719.5 113.0 21.0 24.0
0 734.5 125.0 21.0 26.0
0 745.0 85.5 22.0 25.0
0 773.5 99.0 19.0 22.0
0 791.0 92.5 18.0 23.0
0 821.0 89.0 20.0 24.0
0 812.0 103.5 20.0 25.0
0 846.0 103.5 16.0 27.0
0 779.5 117.5 21.0 21.0
0 785.0 146.5 30.0 35.0
0 727.0 177.0 28.0 36.0
0 674.0 208.5 34.0 35.0
0 712.5 229.5 39.0 39.0
0 788.0 242.5 36.0 37.0
0 856.5 239.5 35.0 39.0
0 931.0 280.0 34.0 54.0
0 1044.5 297.0 39.0 46.0
0 830.0 144.0 26.0 26.0
0 883.0 143.5 24.0 25.0
0 870.0 137.5 26.0 25.0
0 852.5 173.5 33.0 29.0
0 896.0 181.0 30.0 34.0
0 896.0 122.5 18.0 27.0
0 924.5 120.5 23.0 21.0
0 921.0 137.0 24.0 32.0
0 968.5 121.0 19.0 26.0
0 989.5 138.0 19.0 26.0
0 976.5 140.0 21.0 24.0
0 942.5 162.0 25.0 32.0
0 970.5 187.0 25.0 34.0
0 1040.0 144.5 18.0 23.0
0 1082.0 145.5 20.0 23.0
0 1141.5 155.0 17.0 26.0
0 1116.0 167.5 20.0 21.0
0 1084.5 162.5 19.0 23.0
0 1069.0 175.0 22.0 30.0
0 1115.5 205.0 19.0 32.0
0 1183.5 163.0 17.0 28.0
0 1174.5 187.0 19.0 24.0
0 1173.5 206.5 19.0 31.0
0 1173.0 226.0 22.0 30.0
0 1137.5 234.5 25.0 37.0
0 1154.0 278.5 26.0 47.0
0 1046.0 193.5 24.0 31.0
0 1037.5 231.5 23.0 39.0
0 1057.5 248.0 25.0 40.0
