0 172.0 169.5 40.0 47.0
0 239.0 122.0 18.0 22.0
0 272.5 105.0 15.0 16.0
0 265.5 129.5 17.0 23.0
0 280.5 133.0 19.0 22.0
0 362.0 131.5 22.0 23.0
0 357.0 103.5 20.0 19.0
0 323.5 95.0 15.0 14.0
0 317.5 106.5 15.0 17.0
0 303.0 107.0 14.0 18.0
0 290.5 106.0 15.0 18.0
0 357.0 83.0 12.0 16.0
0 369.5 93.5 17.0 19.0
0 382.0 82.5 14.0 15.0
0 374.5 71.5 15.0 13.0
0 391.0 108.5 18.0 23.0
0 401.0 78.5 14.0 17.0
0 420.0 89.0 14.0 18.0
0 437.0 97.5 18.0 17.0
0 407.0 61.5 10.0 13.0
0 432.0 72.5 14.0 17.0
0 456.5 76.0 15.0 18.0
0 450.0 62.5 14.0 13.0
0 474.5 80.0 17.0 18.0
0 468.0 56.0 10.0 12.0
0 487.5 71.0 13.0 18.0
0 519.5 67.5 13.0 15.0
0 498.5 47.0 13.0 14.0
0 521.5 50.0 13.0 16.0
0 539.0 50.5 12.0 15.0
0 568.0 51.5 10.0 15.0
0 583.0 46.5 12.0 15.0
0 574.0 72.5 16.0 15.0
0 615.5 57.5 17.0 17.0
0 517.5 99.0 19.0 22.0
0 507.5 124.0 21.0 24.0
0 473.0 122.0 26.0 24.0
0 459.5 143.0 27.0 32.0
0 419.5 145.0 25.0 34.0
0 512.5 160.5 27.0 33.0
0 566.5 156.5 25.0 33.0
0 554.5 121.5 19.0 27.0
0 565.0 97.5 20.0 23.0
0 603.5 136.0 25.0 26.0
0 588.5 98.0 19.0 22.0
0 596.0 72.0 16.0 16.0
0 629.5 86.5 17.0 19.0
0 617.5 77.0 15.0 18.0
0 631.0 68.5 14.0 17.0
0 632.0 51.5 12.0 17.0
0 643.5 63.5 13.0 17.0
0 675.0 64.5 14.0 17.0
0 697.5 65.5 13.0 17.0
0 670.5 86.5 15.0 23.0
0 689.5 81.0 15.0 18.0
0 707.5 92.0 15.0 20.0
0 720.5 80.0 15.0 16.0
0 728.5 74.0 15.0 16.0
0 727.5 64.0 13.0 14.0
0 748.5 90.5 13.0 19.0
0 754.0 73.5 10.0 15.0
0 755.5 62.0 11.0 12.0
0 774.5 68.5 15.0 17.0
0 790.5 54.0 15.0 20.0
0 767.0 94.5 18.0 21.0
0 771.0 127.5 18.0 25.0
0 727.5 114.0 21.0 26.0
0 645.5 140.0 27.0 28.0
