0 73.5 264.5 47.0 51.0
0 114.5 255.0 49.0 58.0
0 232.5 181.5 33.0 35.0
0 347.5 133.0 19.0 18.0
0 367.5 139.5 21.0 27.0
0 385.0 139.0 30.0 34.0
0 419.0 123.0 24.0 20.0
0 544.5 98.5 29.0 33.0
0 587.5 183.0 25.0 34.0
0 562.5 172.5 23.0 29.0
0 850.5 269.5 65.0 73.0
0 917.0 260.5 52.0 61.0
0 663.0 184.5 34.0 35.0
0 668.5 130.0 27.0 30.0
0 702.0 154.0 26.0 30.0
0 701.5 116.0 23.0 26.0
0 701.5 67.0 21.0 24.0
0 723.5 56.0 17.0 20.0
0 763.5 112.0 21.0 26.0
0 807.0 65.5 22.0 25.0
0 822.5 38.5 17.0 15.0
0 567.0 43.0 12.0 12.0
