0 184.0 297.5 36.0 43.0
0 293.5 141.5 13.0 19.0
0 317.0 152.0 16.0 16.0
0 329.5 127.5 13.0 17.0
0 337.0 141.0 16.0 20.0
0 362.0 148.0 18.0 24.0
0 367.5 125.5 13.0 19.0
0 376.0 135.0 16.0 22.0
0 387.5 143.0 15.0 24.0
0 401.5 110.5 15.0 19.0
0 417.0 110.5 16.0 21.0
0 413.5 128.5 17.0 23.0
0 419.0 156.0 18.0 20.0
0 455.5 151.5 19.0 23.0
0 443.5 109.5 15.0 19.0
0 476.5 107.0 15.0 22.0
0 491.0 133.0 16.0 24.0
0 505.5 134.5 17.0 23.0
0 486.5 87.5 11.0 13.0
0 500.5 92.0 13.0 10.0
0 507.5 98.5 11.0 11.0
0 515.5 82.0 13.0 16.0
0 528.5 86.0 13.0 12.0
0 511.5 112.0 17.0 16.0
0 536.0 111.0 16.0 16.0
0 554.5 96.5 15.0 17.0
0 558.0 111.5 16.0 19.0
0 587.5 93.0 13.0 16.0
0 600.0 88.5 12.0 13.0
0 598.0 70.5 14.0 17.0
0 622.0 72.0 12.0 16.0
0 629.5 83.0 13.0 16.0
0 620.5 95.5 15.0 21.0
0 649.0 71.0 12.0 16.0
0 655.5 85.0 13.0 14.0
0 674.0 79.5 14.0 15.0
0 680.0 66.0 12.0 14.0
0 666.5 118.0 17.0 20.0
0 696.0 103.5 16.0 19.0
0 726.5 71.5 13.0 15.0
0 604.0 169.0 24.0 26.0
0 553.0 177.0 22.0 20.0
0 586.5 146.0 19.0 16.0
0 660.5 147.0 21.0 24.0
0 684.5 187.0 27.0 30.0
0 715.5 128.5 21.0 19.0
0 726.0 149.5 18.0 31.0
0 751.5 165.0 23.0 32.0
0 815.5 163.0 25.0 32.0
0 803.5 140.5 21.0 27.0
0 755.0 127.0 24.0 20.0
0 741.5 108.5 19.0 23.0
0 735.5 88.5 15.0 17.0
0 761.5 78.0 13.0 18.0
0 768.5 94.5 15.0 17.0
0 779.5 79.5 15.0 13.0
0 797.0 79.5 14.0 19.0
0 813.0 73.5 14.0 15.0
0 785.0 112.0 18.0 20.0
0 816.0 93.5 18.0 19.0
0 836.0 87.5 14.0 17.0
0 852.5 91.0 15.0 16.0
0 827.0 120.0 22.0 30.0
0 881.0 89.5 12.0 13.0
0 901.0 93.0 14.0 14.0
0 902.0 104.0 16.0 18.0
0 892.5 115.5 15.0 23.0
0 919.0 137.5 20.0 27.0
0 895.0 175.5 24.0 29.0
0 954.0 116.5 16.0 21.0
0 943.0 101.5 14.0 17.0
0 949.0 92.5 14.0 15.0
0 990.5 145.5 19.0 21.0
0 992.0 157.0 24.0 24.0
