0 65.5 185.5 21.0 29.0
0 285.5 130.5 19.0 23.0
0 308.5 132.0 17.0 22.0
0 341.5 117.5 17.0 21.0
0 348.5 109.0 15.0 18.0
0 339.0 140.5 18.0 23.0
0 353.0 142.0 22.0 20.0
0 365.5 117.5 13.0 19.0
0 401.5 108.5 19.0 25.0
0 379.0 141.5 22.0 19.0
0 407.5 150.5 23.0 29.0
0 417.5 117.0 25.0 24.0
0 420.0 102.0 18.0 20.0
0 428.0 89.0 18.0 18.0
0 446.5 98.5 23.0 21.0
0 441.5 127.5 19.0 25.0
0 477.0 137.5 22.0 23.0
0 470.0 102.0 18.0 18.0
0 467.5 77.0 19.0 22.0
0 479.5 91.5 21.0 21.0
0 488.0 82.0 20.0 20.0
0 502.5 72.0 19.0 20.0
0 511.0 81.5 14.0 21.0
0 524.0 75.5 14.0 17.0
0 514.5 106.0 21.0 20.0
0 550.5 82.0 17.0 12.0
0 553.5 107.0 17.0 22.0
0 550.5 88.0 13.0 12.0
0 567.5 75.0 17.0 20.0
0 583.5 68.5 17.0 19.0
0 520.5 164.0 33.0 32.0
0 578.0 96.5 20.0 19.0
0 603.0 73.5 16.0 23.0
0 615.5 92.5 21.0 25.0
0 627.5 65.0 19.0 18.0
0 640.5 61.5 17.0 15.0
0 653.0 73.5 22.0 23.0
0 676.5 61.0 17.0 14.0
0 678.5 73.0 21.0 18.0
0 547.5 167.0 37.0 36.0
0 586.0 133.5 20.0 31.0
0 625.5 132.0 31.0 34.0
0 608.5 191.5 31.0 33.0
0 657.0 109.0 20.0 26.0
0 697.0 92.0 16.0 24.0
0 711.0 70.5 12.0 15.0
0 704.5 113.5 23.0 27.0
0 673.0 158.5 22.0 39.0
0 663.5 211.5 35.0 45.0
0 750.0 78.0 16.0 20.0
0 746.5 97.5 21.0 19.0
0 732.5 130.5 27.0 21.0
0 722.0 174.0 18.0 24.0
0 779.0 78.0 22.0 20.0
0 803.0 93.5 14.0 21.0
0 760.5 118.0 19.0 32.0
0 791.5 127.5 21.0 27.0
0 779.5 146.0 21.0 28.0
0 763.0 171.0 28.0 32.0
0 742.5 210.5 35.0 37.0
0 824.0 232.0 38.0 40.0
0 833.5 186.5 31.0 35.0
0 818.0 145.0 18.0 22.0
0 866.5 153.0 19.0 26.0
0 881.5 143.0 23.0 32.0
0 920.5 141.5 29.0 29.0
0 907.0 195.5 24.0 35.0
0 916.5 169.0 13.0 20.0
0 882.0 245.0 30.0 44.0
0 758.5 89.5 15.0 21.0
