0 201.5 330.5 55.0 65.0
0 291.0 242.0 22.0 26.0
0 327.0 247.5 26.0 33.0
0 362.0 259.5 30.0 33.0
0 356.0 218.0 24.0 28.0
0 415.5 265.5 29.0 35.0
0 439.5 208.5 19.0 23.0
0 460.5 229.5 17.0 27.0
0 475.0 240.0 22.0 24.0
0 505.5 239.5 25.0 27.0
0 529.5 247.5 23.0 33.0
0 508.0 211.0 20.0 26.0
0 495.5 199.0 17.0 22.0
0 490.0 181.5 18.0 23.0
0 531.0 199.5 16.0 23.0
0 548.0 221.5 26.0 27.0
0 579.0 215.5 20.0 23.0
0 524.5 185.0 17.0 16.0
0 580.0 189.5 20.0 23.0
0 564.5 177.5 19.0 19.0
0 577.0 171.0 18.0 18.0
0 617.0 183.5 18.0 21.0
0 633.5 195.0 21.0 20.0
0 638.0 177.5 18.0 19.0
0 660.5 177.5 21.0 23.0
0 674.0 195.0 20.0 24.0
0 695.5 181.5 23.0 25.0
0 679.0 160.5 18.0 19.0
0 702.5 160.0 17.0 18.0
0 738.0 159.0 16.0 18.0
0 739.5 179.0 21.0 20.0
0 752.5 146.0 15.0 20.0
0 768.5 152.5 15.0 19.0
0 793.0 177.0 18.0 20.0
0 807.0 155.0 14.0 18.0
0 826.5 164.5 17.0 19.0
0 844.0 164.0 16.0 22.0
0 642.5 220.5 25.0 29.0
0 615.0 261.5 36.0 43.0
0 671.0 285.5 32.0 37.0
0 664.0 264.5 36.0 29.0
0 735.5 230.0 31.0 34.0
0 713.0 296.5 30.0 33.0
0 755.0 305.0 38.0 50.0
0 814.5 321.5 39.0 51.0
0 817.0 259.0 34.0 38.0
0 793.0 241.0 24.0 36.0
0 781.0 219.0 26.0 30.0
0 838.0 189.0 16.0 22.0
0 863.5 185.0 19.0 24.0
0 878.0 202.5 20.0 27.0
0 906.5 178.0 15.0 22.0
0 917.5 190.5 23.0 23.0
0 912.5 158.0 17.0 22.0
0 954.0 168.0 18.0 26.0
0 939.5 201.0 15.0 22.0
0 993.0 176.5 18.0 23.0
0 995.0 216.5 22.0 27.0
0 1008.5 240.0 21.0 28.0
0 991.0 261.0 30.0 34.0
0 960.5 292.0 35.0 42.0
0 909.5 285.0 33.0 34.0
0 845.0 245.0 28.0 34.0
0 872.5 353.0 45.0 56.0
0 1022.5 360.5 43.0 55.0
0 1040.0 330.0 38.0 40.0
0 1058.5 292.0 31.0 42.0
0 1071.0 247.5 26.0 27.0
0 1033.5 217.0 21.0 24.0
0 1047.5 202.0 17.0 24.0
0 1053.5 187.0 19.0 20.0
0 1030.5 182.0 19.0 24.0
0 1070.0 182.5 16.0 23.0
0 1100.5 206.0 17.0 28.0
0 1083.0 226.5 24.0 29.0
0 1111.5 332.0 35.0 48.0
0 1124.0 281.5 30.0 37.0
0 1136.5 252.5 25.0 33.0
0 1131.5 231.5 21.0 25.0
0 1144.0 223.0 18.0 26.0
0 1144.5 201.5 17.0 21.0
