0 61.0 183.0 26.0 34.0
0 282.0 131.5 18.0 19.0
0 343.5 146.0 19.0 24.0
0 396.5 149.5 27.0 29.0
0 434.5 161.5 25.0 27.0
0 422.5 128.5 19.0 21.0
0 409.0 114.0 16.0 18.0
0 387.0 112.0 16.0 20.0
0 406.0 100.5 14.0 15.0
0 425.0 99.5 18.0 21.0
0 461.0 124.5 18.0 21.0
0 458.0 102.0 14.0 16.0
0 456.0 89.5 14.0 13.0
0 486.0 83.0 14.0 16.0
0 499.5 90.0 13.0 16.0
0 499.0 107.0 16.0 18.0
0 481.0 127.0 20.0 24.0
0 531.5 127.0 19.0 22.0
0 543.0 107.5 18.0 23.0
0 516.5 82.0 13.0 18.0
0 547.0 82.0 12.0 16.0
0 560.5 83.0 11.0 14.0
0 565.5 111.5 19.0 23.0
0 559.5 72.5 9.0 13.0
0 572.0 83.0 10.0 10.0
0 589.0 84.0 12.0 14.0
0 602.5 74.5 9.0 13.0
0 612.0 99.0 18.0 16.0
0 618.0 79.5 12.0 19.0
0 628.0 71.5 10.0 13.0
0 636.0 65.0 12.0 16.0
0 651.0 75.0 14.0 18.0
0 642.0 98.0 16.0 20.0
0 665.5 71.5 15.0 19.0
0 683.0 86.5 16.0 21.0
0 681.5 67.5 13.0 17.0
0 686.0 70.5 12.0 15.0
0 712.0 71.5 14.0 17.0
0 721.0 65.0 12.0 18.0
0 738.0 68.5 12.0 19.0
0 592.5 161.0 27.0 34.0
0 605.5 146.0 27.0 28.0
0 658.5 142.5 23.0 29.0
0 641.5 136.0 17.0 18.0
0 687.0 116.5 18.0 21.0
0 706.5 123.0 23.0 30.0
0 701.0 161.5 28.0 27.0
0 734.0 111.5 18.0 25.0
0 762.5 82.5 13.0 21.0
0 778.0 85.5 10.0 17.0
0 786.5 93.0 17.0 18.0
0 771.0 110.0 16.0 20.0
0 788.5 119.5 19.0 23.0
0 795.0 146.0 18.0 24.0
0 804.0 175.0 32.0 34.0
0 763.5 155.5 23.0 31.0
0 759.5 143.5 23.0 25.0
0 858.5 179.5 27.0 29.0
0 822.5 127.5 19.0 21.0
0 874.5 140.0 17.0 26.0
0 901.0 158.5 28.0 31.0
0 944.0 208.0 28.0 38.0
0 957.5 178.5 17.0 29.0
0 929.5 143.0 19.0 18.0
0 957.0 165.5 20.0 21.0
0 969.0 137.0 18.0 24.0
0 986.0 130.5 10.0 17.0
0 985.0 113.0 12.0 16.0
0 986.5 101.0 17.0 16.0
0 949.5 97.5 15.0 17.0
0 941.5 110.5 15.0 19.0
0 879.0 117.5 22.0 19.0
0 842.0 95.0 18.0 20.0
0 833.0 80.5 16.0 17.0
0 808.5 84.0 17.0 18.0
0 855.0 86.0 12.0 14.0
0 872.0 93.5 14.0 21.0
0 889.0 88.5 12.0 11.0
0 912.5 100.5 15.0 17.0
0 927.0 90.5 12.0 13.0
0 893.5 108.0 15.0 18.0
