0 180.5 291.0 47.0 56.0
0 264.0 106.0 16.0 18.0
0 401.0 158.0 24.0 22.0
0 374.0 115.5 18.0 19.0
0 387.5 127.5 21.0 19.0
0 419.5 132.5 23.0 19.0
0 452.5 129.0 21.0 22.0
0 429.5 95.0 15.0 16.0
0 522.5 75.5 13.0 15.0
0 539.5 76.5 15.0 17.0
0 567.5 77.0 15.0 16.0
0 578.5 64.5 13.0 17.0
0 599.0 71.5 14.0 17.0
0 630.5 89.5 19.0 23.0
0 528.5 88.5 27.0 25.0
0 577.0 113.0 24.0 28.0
0 684.0 72.5 22.0 25.0
0 674.5 131.0 25.0 26.0
0 630.5 151.0 27.0 26.0
0 555.0 192.0 30.0 34.0
0 501.5 183.5 29.0 31.0
0 696.5 189.5 27.0 37.0
0 734.5 168.5 27.0 29.0
0 749.5 68.0 23.0 26.0
0 778.5 129.0 21.0 28.0
0 802.0 72.5 22.0 27.0
0 823.5 76.0 19.0 18.0
0 855.5 83.0 15.0 14.0
0 862.5 74.0 13.0 18.0
0 892.5 71.0 15.0 16.0
0 884.0 82.5 14.0 17.0
0 938.5 89.0 17.0 20.0
0 954.0 93.0 12.0 18.0
0 928.0 143.5 44.0 53.0
0 836.5 151.0 25.0 28.0
0 841.5 175.5 29.0 33.0
0 834.5 207.0 37.0 40.0
0 742.5 205.0 33.0 48.0
0 795.0 169.0 30.0 36.0
