0 210.5 351.5 53.0 55.0
0 365.0 198.0 26.0 34.0
0 403.5 203.0 31.0 32.0
0 405.5 158.5 17.0 21.0
0 427.0 161.5 24.0 25.0
0 456.5 161.5 25.0 33.0
0 471.0 167.5 22.0 27.0
0 457.0 209.0 30.0 38.0
0 520.5 193.0 31.0 34.0
0 537.0 163.0 30.0 30.0
0 508.0 144.0 24.0 26.0
0 540.5 128.5 25.0 23.0
0 571.0 122.5 18.0 21.0
0 565.0 107.5 20.0 17.0
0 619.5 156.5 19.0 29.0
0 608.0 145.0 22.0 24.0
0 595.5 107.0 19.0 20.0
0 626.5 113.0 17.0 22.0
0 621.5 96.0 17.0 20.0
0 641.5 95.0 21.0 22.0
0 655.5 112.5 21.0 27.0
0 675.0 128.0 24.0 30.0
0 683.5 94.0 17.0 22.0
0 699.5 107.0 19.0 24.0
0 705.5 90.0 17.0 18.0
0 724.5 127.0 21.0 24.0
0 733.5 89.0 23.0 24.0
0 762.5 112.0 21.0 24.0
0 746.5 80.0 15.0 20.0
0 771.5 73.5 17.0 19.0
0 784.0 88.0 18.0 20.0
0 800.5 95.0 19.0 20.0
0 812.0 102.0 20.0 18.0
0 808.5 72.0 17.0 22.0
0 832.0 82.0 18.0 14.0
0 833.5 96.5 17.0 17.0
0 870.5 81.5 15.0 21.0
0 673.5 204.0 35.0 40.0
0 700.5 184.0 27.0 30.0
0 766.0 186.5 34.0 39.0
0 776.0 152.0 24.0 30.0
0 821.5 194.0 35.0 42.0
0 823.5 162.0 29.0 32.0
0 771.5 235.0 39.0 46.0
0 878.0 167.0 28.0 36.0
0 871.0 133.5 24.0 29.0
0 896.0 99.5 16.0 23.0
0 917.5 136.5 25.0 29.0
0 905.0 118.0 24.0 20.0
0 928.5 100.5 23.0 27.0
0 941.5 89.0 23.0 28.0
0 957.5 128.0 17.0 24.0
0 970.5 146.0 21.0 26.0
0 949.0 179.5 26.0 39.0
0 967.0 198.5 30.0 37.0
0 1030.0 175.5 24.0 29.0
0 1036.0 149.0 22.0 30.0
0 1008.5 134.5 23.0 29.0
0 986.0 117.5 14.0 25.0
0 985.0 87.0 20.0 16.0
0 1018.5 93.0 19.0 24.0
0 1033.5 114.0 17.0 22.0
0 1045.0 102.5 16.0 19.0
0 1074.0 114.5 18.0 19.0
0 1085.0 109.0 16.0 20.0
0 1101.5 185.0 29.0 32.0
0 1091.0 163.5 24.0 29.0
0 1094.0 97.0 18.0 20.0
0 1122.0 135.5 18.0 21.0
0 1129.5 115.0 19.0 22.0
0 1137.5 103.0 15.0 20.0
0 1182.0 126.0 18.0 26.0
0 1167.5 151.5 19.0 21.0
0 1167.5 132.5 21.0 29.0
0 1157.5 168.5 27.0 29.0
0 1140.0 240.5 34.0 47.0
0 1086.5 230.0 45.0 42.0
0 1039.0 282.0 40.0 52.0
0 1115.5 315.0 41.0 50.0
