0 112.5 268.5 67.0 67.0
0 139.0 141.5 22.0 25.0
0 165.0 152.5 24.0 31.0
0 215.5 128.5 23.0 29.0
0 236.0 132.5 26.0 29.0
0 291.5 147.5 21.0 19.0
0 327.0 155.0 22.0 24.0
0 355.5 148.0 29.0 26.0
0 349.0 126.5 20.0 21.0
0 392.0 143.5 24.0 29.0
0 393.0 117.5 22.0 23.0
0 421.0 121.0 22.0 22.0
0 428.0 95.5 16.0 19.0
0 452.0 95.5 20.0 19.0
0 462.0 121.5 22.0 25.0
0 486.5 110.0 21.0 26.0
0 501.5 95.5 19.0 21.0
0 493.5 86.0 19.0 20.0
0 544.0 93.0 18.0 20.0
0 570.0 108.0 22.0 24.0
0 596.0 68.5 16.0 17.0
0 633.0 67.5 14.0 17.0
0 668.5 68.5 17.0 17.0
0 610.5 135.5 23.0 25.0
0 641.5 135.5 23.0 23.0
0 680.0 138.0 28.0 28.0
0 735.0 137.0 24.0 32.0
0 747.0 88.0 20.0 22.0
0 820.5 166.0 29.0 34.0
0 918.5 180.5 29.0 39.0
0 937.5 166.0 25.0 32.0
0 949.0 143.5 20.0 23.0
0 910.0 141.0 20.0 30.0
0 921.0 119.0 16.0 24.0
0 955.5 120.5 17.0 23.0
0 974.0 103.0 14.0 20.0
