0 110.0 393.0 64.0 76.0
0 274.5 248.0 21.0 20.0
0 325.0 246.0 22.0 32.0
0 357.5 260.5 27.0 31.0
0 397.0 279.5 32.0 33.0
0 362.5 217.5 21.0 23.0
0 445.5 232.5 21.0 21.0
0 446.5 210.5 23.0 23.0
0 511.0 240.0 24.0 28.0
0 509.0 211.0 20.0 22.0
0 505.0 173.5 16.0 21.0
0 526.5 185.5 17.0 21.0
0 533.5 177.0 17.0 18.0
0 559.5 187.5 17.0 23.0
0 546.5 214.0 23.0 26.0
0 554.5 232.5 25.0 27.0
0 590.5 216.5 21.0 25.0
0 583.5 195.0 19.0 20.0
0 565.0 175.0 18.0 18.0
0 581.5 168.5 17.0 19.0
0 612.5 190.5 19.0 25.0
0 629.5 182.0 17.0 20.0
0 639.0 172.5 16.0 21.0
0 664.5 179.5 19.0 25.0
0 642.5 211.0 19.0 26.0
0 629.0 232.5 26.0 31.0
0 567.5 293.5 35.0 43.0
0 658.5 295.0 35.0 42.0
0 669.5 261.0 25.0 38.0
0 753.0 299.5 34.0 43.0
0 711.0 195.0 22.0 24.0
0 707.5 167.0 17.0 18.0
0 702.5 157.0 15.0 16.0
0 712.5 144.0 15.0 18.0
0 715.0 180.0 18.0 22.0
0 730.5 177.5 17.0 21.0
0 745.0 164.5 18.0 19.0
0 758.0 148.5 16.0 19.0
0 778.0 150.5 16.0 19.0
0 776.5 163.5 17.0 21.0
0 789.0 181.0 16.0 24.0
0 785.5 206.5 21.0 31.0
0 744.0 229.5 30.0 29.0
0 801.5 235.5 25.0 31.0
0 815.5 157.0 13.0 16.0
0 829.0 164.5 16.0 21.0
0 850.0 160.5 18.0 21.0
0 832.5 187.5 21.0 23.0
0 875.5 178.5 19.0 23.0
0 848.0 232.5 26.0 31.0
0 847.0 254.0 22.0 30.0
0 809.0 275.0 32.0 34.0
0 820.5 306.5 33.0 45.0
0 908.5 279.0 29.0 36.0
0 893.5 202.5 19.0 25.0
0 903.0 198.5 16.0 21.0
0 909.5 176.5 17.0 23.0
0 923.5 163.5 17.0 21.0
0 961.0 171.0 18.0 18.0
0 956.0 189.0 18.0 28.0
0 942.0 197.0 18.0 28.0
0 995.0 173.5 16.0 21.0
0 1034.5 182.5 15.0 23.0
0 1070.0 180.0 16.0 22.0
0 1151.5 192.5 15.0 23.0
0 1102.0 201.5 16.0 25.0
0 1150.0 219.5 16.0 25.0
0 1140.5 238.0 17.0 30.0
0 1138.5 255.5 19.0 31.0
0 1104.5 238.0 19.0 30.0
0 1058.5 196.5 17.0 29.0
0 1049.5 222.5 19.0 27.0
0 1070.0 239.5 22.0 33.0
0 1121.0 279.5 26.0 35.0
0 1116.0 318.0 34.0 42.0
0 1065.0 288.5 30.0 39.0
0 1002.0 214.0 18.0 26.0
0 1001.5 194.0 17.0 24.0
0 1020.0 240.0 22.0 32.0
0 999.0 251.5 26.0 37.0
0 1039.5 307.0 31.0 40.0
0 966.0 303.0 38.0 36.0
0 1006.5 366.0 39.0 48.0
0 874.0 355.5 44.0 59.0
