0 280.5 119.0 17.0 20.0
0 327.5 100.5 17.0 13.0
0 372.0 106.5 18.0 17.0
0 401.0 95.0 16.0 16.0
0 406.5 116.0 19.0 20.0
0 398.0 135.5 18.0 21.0
0 456.0 114.0 20.0 22.0
0 443.0 89.5 16.0 17.0
0 495.5 88.0 11.0 12.0
0 509.0 95.5 14.0 17.0
0 576.5 66.0 13.0 18.0
0 606.5 98.0 15.0 12.0
0 572.5 113.5 21.0 19.0
0 611.0 116.5 22.0 21.0
0 666.5 123.0 21.0 20.0
0 616.0 153.5 22.0 23.0
0 574.5 160.5 21.0 29.0
0 611.5 190.0 25.0 36.0
0 730.5 151.0 17.0 28.0
0 746.5 135.0 15.0 26.0
0 799.5 140.5 19.0 23.0
0 852.5 124.0 19.0 22.0
0 829.5 177.5 23.0 33.0
0 779.5 167.0 23.0 32.0
0 829.5 233.0 29.0 34.0
0 421.0 74.5 12.0 15.0
