0 46.5 210.5 21.0 19.0
0 380.5 113.0 19.0 22.0
0 399.0 161.5 20.0 23.0
0 389.5 131.5 19.0 19.0
0 469.5 130.0 23.0 24.0
0 425.0 95.0 16.0 22.0
0 495.5 79.0 15.0 18.0
0 528.5 71.5 13.0 15.0
0 544.0 76.0 16.0 16.0
0 578.5 103.0 17.0 20.0
0 576.5 77.0 17.0 20.0
0 598.0 72.0 12.0 18.0
0 484.0 196.0 34.0 34.0
0 548.5 190.5 29.0 35.0
0 630.5 144.5 25.0 35.0
0 670.0 127.5 22.0 29.0
0 694.5 181.5 37.0 39.0
0 724.0 109.5 34.0 33.0
0 801.5 180.5 31.0 41.0
0 860.5 181.5 31.0 37.0
0 920.5 178.5 31.0 35.0
0 945.5 126.0 21.0 32.0
0 951.5 90.0 15.0 18.0
0 925.0 87.5 12.0 17.0
0 889.5 76.5 17.0 21.0
