0 191.0 288.0 64.0 70.0
0 275.5 163.5 19.0 27.0
0 291.0 163.5 22.0 23.0
0 340.5 148.5 21.0 23.0
0 349.0 130.5 20.0 23.0
0 366.0 127.5 18.0 25.0
0 378.0 134.0 20.0 22.0
0 373.0 155.5 22.0 29.0
0 391.0 169.5 26.0 29.0
0 420.5 176.5 27.0 31.0
0 421.0 135.0 24.0 26.0
0 407.5 118.5 19.0 19.0
0 389.5 116.0 15.0 24.0
0 439.5 119.0 19.0 22.0
0 475.5 115.5 19.0 21.0
0 501.0 138.5 24.0 27.0
0 483.0 137.5 18.0 27.0
0 492.5 92.5 19.0 19.0
0 511.0 103.0 18.0 16.0
0 516.0 82.5 16.0 19.0
0 526.0 91.0 16.0 16.0
0 546.0 111.5 18.0 19.0
0 564.0 124.0 24.0 26.0
0 551.0 101.5 18.0 21.0
0 588.5 101.0 19.0 22.0
0 602.5 91.0 15.0 16.0
0 603.5 74.0 15.0 18.0
0 622.5 100.5 21.0 23.0
0 636.0 86.0 14.0 16.0
0 637.5 73.0 11.0 14.0
0 650.0 90.0 18.0 18.0
0 659.0 81.5 16.0 19.0
0 680.5 84.0 17.0 22.0
0 691.5 73.5 17.0 21.0
0 654.5 69.0 13.0 14.0
0 589.5 153.0 27.0 30.0
0 541.0 184.5 32.0 39.0
0 582.0 187.5 34.0 37.0
0 646.5 215.5 41.0 37.0
0 664.0 150.0 26.0 34.0
0 666.5 125.5 23.0 27.0
0 700.5 122.0 23.0 26.0
0 721.5 156.0 29.0 36.0
0 761.5 137.5 27.0 31.0
0 767.0 181.5 26.0 31.0
0 746.0 115.0 24.0 24.0
0 735.0 93.0 18.0 18.0
0 724.0 74.5 18.0 19.0
0 755.5 93.0 15.0 18.0
0 769.0 107.0 18.0 26.0
0 782.0 121.0 20.0 26.0
0 776.5 73.0 17.0 24.0
0 804.5 86.5 19.0 23.0
0 816.0 74.5 16.0 21.0
0 832.0 82.5 18.0 21.0
0 822.0 101.0 18.0 22.0
0 850.5 100.5 19.0 23.0
0 823.0 126.5 28.0 27.0
0 811.5 146.5 27.0 31.0
0 829.5 171.0 29.0 38.0
0 905.5 186.5 31.0 35.0
0 900.5 163.0 25.0 26.0
0 898.0 129.5 24.0 31.0
0 903.0 115.0 24.0 20.0
0 895.0 93.0 22.0 22.0
0 913.0 93.0 18.0 26.0
0 947.0 106.5 20.0 25.0
0 956.5 97.5 17.0 19.0
0 982.0 158.0 26.0 32.0
0 987.5 136.5 21.0 25.0
0 969.5 136.0 19.0 22.0
