0 399.0 161.5 18.0 25.0
0 360.0 183.0 20.0 22.0
0 373.5 178.5 15.0 21.0
0 387.5 186.0 19.0 26.0
0 421.5 198.0 25.0 28.0
0 420.5 157.5 19.0 25.0
0 523.5 191.0 25.0 30.0
0 516.0 185.0 24.0 30.0
0 516.0 161.0 22.0 22.0
0 553.5 172.0 21.0 26.0
0 606.0 165.5 22.0 31.0
0 530.5 140.0 21.0 22.0
0 516.0 138.0 14.0 16.0
0 516.0 123.0 16.0 18.0
0 539.0 119.5 16.0 23.0
0 609.0 136.5 18.0 25.0
0 574.5 105.0 15.0 20.0
0 596.5 112.5 15.0 25.0
0 616.0 100.5 16.0 21.0
0 633.0 94.0 14.0 18.0
0 666.0 140.0 22.0 24.0
0 658.5 106.5 19.0 21.0
0 663.5 98.0 17.0 20.0
0 692.5 116.5 21.0 23.0
0 629.0 215.5 28.0 35.0
0 683.5 221.0 31.0 34.0
0 733.0 167.5 20.0 29.0
0 771.5 171.0 25.0 30.0
0 716.0 101.0 16.0 24.0
0 749.0 80.5 14.0 19.0
0 735.5 83.0 15.0 20.0
0 749.0 105.0 18.0 20.0
0 757.5 117.0 13.0 18.0
0 776.5 144.5 21.0 31.0
0 782.5 103.0 17.0 24.0
0 790.5 93.5 15.0 17.0
0 824.5 83.5 15.0 21.0
0 851.5 82.0 17.0 24.0
0 878.0 111.5 16.0 23.0
0 836.5 150.5 25.0 29.0
0 826.5 126.0 17.0 20.0
0 843.5 223.0 31.0 48.0
0 827.0 182.0 26.0 34.0
0 904.0 205.5 32.0 39.0
0 944.0 262.0 32.0 48.0
0 992.5 191.0 25.0 38.0
0 1088.0 210.0 26.0 34.0
0 895.0 159.0 28.0 30.0
0 907.5 132.0 21.0 24.0
0 933.0 139.0 22.0 28.0
0 958.5 159.5 19.0 27.0
0 923.5 113.0 15.0 22.0
0 956.0 107.5 16.0 19.0
0 979.5 89.0 15.0 18.0
0 965.5 124.5 17.0 25.0
0 995.5 110.0 15.0 22.0
0 1011.5 103.0 15.0 22.0
0 997.5 91.0 15.0 16.0
0 994.5 139.5 19.0 33.0
0 1025.0 124.0 18.0 26.0
0 1044.0 113.5 16.0 23.0
0 1054.5 95.5 17.0 19.0
0 1096.5 103.0 17.0 24.0
0 1033.0 161.5 22.0 31.0
0 1065.0 146.0 20.0 28.0
0 1067.0 121.0 16.0 24.0
0 1101.5 156.0 23.0 38.0
0 1137.0 177.0 26.0 34.0
0 1118.0 136.5 18.0 23.0
0 546.0 232.5 44.0 55.0
