0 26.0 225.5 30.0 33.0
0 275.0 170.0 24.0 20.0
0 319.0 151.5 22.0 25.0
0 332.5 134.0 15.0 20.0
0 345.5 162.0 21.0 24.0
0 363.5 165.5 23.0 23.0
0 366.5 139.0 21.0 22.0
0 395.0 140.0 22.0 16.0
0 409.5 120.5 23.0 17.0
0 437.0 104.0 16.0 14.0
0 454.5 105.0 21.0 16.0
0 454.0 125.5 18.0 19.0
0 466.5 143.5 19.0 21.0
0 490.5 140.5 21.0 23.0
0 498.0 118.0 20.0 20.0
0 517.0 125.5 20.0 19.0
0 485.5 112.0 21.0 18.0
0 478.0 85.5 16.0 15.0
0 507.5 98.0 19.0 20.0
0 518.0 79.5 14.0 13.0
0 534.5 89.0 15.0 14.0
0 559.5 88.0 17.0 18.0
0 568.5 80.0 15.0 20.0
0 592.5 68.0 15.0 14.0
0 600.0 78.5 14.0 15.0
0 630.5 57.0 13.0 14.0
0 628.5 79.5 17.0 21.0
0 656.0 65.0 16.0 14.0
0 688.0 61.0 14.0 16.0
0 682.5 70.5 15.0 15.0
0 716.0 69.5 18.0 13.0
0 745.5 56.5 15.0 21.0
0 732.0 88.0 20.0 22.0
0 653.0 85.0 22.0 20.0
0 604.0 106.0 22.0 24.0
0 576.5 119.0 21.0 24.0
0 424.5 176.0 25.0 26.0
0 510.5 180.5 29.0 29.0
0 579.0 174.0 28.0 32.0
0 602.0 142.0 22.0 22.0
0 669.0 115.0 20.0 20.0
0 696.0 104.0 18.0 22.0
0 709.0 124.5 22.0 23.0
0 651.5 156.0 23.0 22.0
0 644.0 197.5 32.0 31.0
0 703.5 158.0 25.0 22.0
0 742.5 130.0 21.0 22.0
0 756.0 82.5 18.0 23.0
0 780.0 72.5 14.0 19.0
0 803.0 68.5 14.0 15.0
0 813.5 76.5 15.0 21.0
0 831.0 69.0 14.0 20.0
0 848.0 77.0 16.0 16.0
0 878.5 71.5 15.0 17.0
0 887.0 81.5 16.0 19.0
0 923.0 74.5 16.0 15.0
0 922.5 88.5 19.0 19.0
0 954.5 74.5 13.0 17.0
0 950.5 99.0 21.0 18.0
0 990.5 92.0 13.0 16.0
0 993.0 104.5 14.0 15.0
0 986.5 120.5 17.0 23.0
0 949.5 120.0 19.0 24.0
0 902.0 115.0 22.0 24.0
0 911.5 94.0 17.0 22.0
0 873.0 97.0 16.0 20.0
0 855.0 105.0 22.0 22.0
0 819.5 100.0 21.0 16.0
0 781.0 116.5 20.0 21.0
0 779.5 96.5 17.0 17.0
0 797.0 86.0 16.0 18.0
0 798.5 143.5 23.0 33.0
0 871.0 133.5 22.0 29.0
0 924.0 138.0 22.0 24.0
0 982.0 171.5 26.0 27.0
0 837.5 175.0 25.0 30.0
0 778.5 166.0 27.0 32.0
0 726.0 196.0 34.0 32.0
