0 55.0 129.5 16.0 21.0
0 147.0 119.5 22.0 21.0
0 189.5 87.0 15.0 20.0
0 196.0 103.5 16.0 19.0
0 225.5 113.5 19.0 21.0
0 214.5 152.5 23.0 27.0
0 66.0 237.0 24.0 40.0
0 92.0 278.5 28.0 37.0
0 162.5 344.0 37.0 42.0
0 253.5 275.5 29.0 33.0
0 258.0 196.0 26.0 32.0
0 298.0 168.0 24.0 30.0
0 258.0 69.5 18.0 19.0
0 313.0 71.0 18.0 18.0
0 364.5 86.5 17.0 23.0
0 356.0 112.5 18.0 25.0
0 378.5 131.0 19.0 24.0
0 438.0 127.5 20.0 25.0
0 445.0 48.0 14.0 18.0
0 481.0 54.5 16.0 17.0
0 467.0 100.0 18.0 22.0
0 529.0 44.5 14.0 19.0
0 521.5 101.0 17.0 18.0
0 573.5 77.5 17.0 19.0
0 593.0 72.0 20.0 18.0
0 574.0 96.5 16.0 17.0
0 585.5 123.5 19.0 25.0
0 626.0 99.0 16.0 22.0
0 685.5 91.5 19.0 23.0
0 623.5 57.0 13.0 14.0
0 594.5 43.5 15.0 15.0
0 667.0 44.5 14.0 17.0
0 562.5 157.5 23.0 29.0
0 677.0 171.0 22.0 32.0
0 656.5 265.0 27.0 42.0
0 706.0 113.5 18.0 23.0
0 755.5 136.0 17.0 24.0
0 844.0 196.0 22.0 28.0
0 867.5 151.5 21.0 23.0
0 707.5 56.0 15.0 16.0
0 723.0 70.5 14.0 19.0
0 766.5 65.5 15.0 17.0
0 807.5 87.5 17.0 17.0
0 872.0 117.5 16.0 21.0
0 900.5 126.5 21.0 19.0
0 957.5 118.5 17.0 19.0
0 1004.0 129.5 18.0 21.0
0 1056.5 156.5 19.0 23.0
0 1075.5 170.5 19.0 23.0
0 1144.0 209.5 20.0 29.0
0 969.5 210.0 27.0 28.0
