0 179.5 172.5 37.0 39.0
0 258.5 115.0 17.0 20.0
0 322.5 129.0 19.0 22.0
0 322.5 108.0 15.0 18.0
0 389.0 145.5 26.0 25.0
0 384.5 124.5 21.0 21.0
0 373.0 103.5 16.0 17.0
0 367.0 86.5 14.0 15.0
0 387.5 85.0 17.0 20.0
0 414.5 111.5 17.0 19.0
0 412.0 92.5 14.0 17.0
0 416.0 73.0 10.0 14.0
0 442.0 109.5 18.0 23.0
0 465.5 113.0 21.0 24.0
0 449.0 100.0 16.0 18.0
0 451.0 80.5 12.0 19.0
0 438.0 74.5 12.0 13.0
0 460.0 71.0 14.0 18.0
0 472.5 63.5 13.0 15.0
0 488.0 69.0 12.0 14.0
0 492.5 63.0 11.0 12.0
0 488.5 94.0 19.0 20.0
0 495.0 86.0 12.0 16.0
0 515.5 97.5 19.0 21.0
0 512.5 67.5 13.0 13.0
0 519.0 62.5 10.0 13.0
0 533.0 42.0 10.0 14.0
0 546.5 63.5 13.0 13.0
0 555.5 84.5 17.0 21.0
0 582.0 81.0 18.0 20.0
0 571.5 67.0 13.0 16.0
0 584.5 66.5 15.0 15.0
0 577.5 55.5 11.0 11.0
0 596.0 54.5 10.0 11.0
0 597.0 63.5 10.0 11.0
0 613.0 51.0 14.0 12.0
0 629.0 59.5 14.0 17.0
0 645.5 65.5 15.0 13.0
0 645.0 54.5 14.0 13.0
0 541.5 126.5 23.0 25.0
0 591.0 130.0 24.0 28.0
0 599.0 102.5 16.0 19.0
0 625.0 99.0 16.0 22.0
0 627.0 143.0 24.0 30.0
0 677.0 121.0 22.0 22.0
0 662.0 91.5 16.0 19.0
0 685.0 98.5 16.0 19.0
0 692.5 89.5 15.0 17.0
0 692.5 72.0 15.0 18.0
0 709.5 72.5 13.0 17.0
0 722.0 69.0 12.0 16.0
0 738.0 75.0 14.0 16.0
0 747.0 63.0 12.0 14.0
0 691.5 138.5 27.0 37.0
0 721.0 141.5 20.0 25.0
0 714.0 105.5 20.0 23.0
0 744.5 111.0 17.0 18.0
0 752.5 83.0 13.0 16.0
0 779.0 67.5 14.0 17.0
0 780.0 88.5 12.0 19.0
0 792.0 86.5 12.0 17.0
0 799.5 76.5 11.0 15.0
0 817.0 98.5 14.0 21.0
0 799.5 107.0 15.0 22.0
0 794.0 126.0 18.0 26.0
0 791.0 167.0 26.0 32.0
0 818.5 148.5 19.0 27.0
0 859.5 184.0 23.0 38.0
0 840.0 121.5 16.0 19.0
0 872.5 143.5 23.0 29.0
0 875.5 125.5 17.0 23.0
0 882.0 99.5 14.0 17.0
0 890.5 108.5 13.0 19.0
0 853.5 91.5 15.0 15.0
0 841.0 78.0 12.0 16.0
