0 242.5 116.0 19.0 20.0
0 308.0 126.0 20.0 22.0
0 342.5 126.0 21.0 24.0
0 334.0 98.5 18.0 21.0
0 357.5 97.0 15.0 16.0
0 352.0 85.5 16.0 15.0
0 371.5 82.0 13.0 14.0
0 402.5 125.0 21.0 22.0
0 389.0 106.5 18.0 17.0
0 398.0 85.5 14.0 19.0
0 403.0 71.0 12.0 14.0
0 426.5 103.0 15.0 20.0
0 441.0 126.0 32.0 34.0
0 457.0 107.0 18.0 24.0
0 437.5 87.0 15.0 18.0
0 438.0 76.0 14.0 16.0
0 423.0 71.0 14.0 14.0
0 445.0 66.5 10.0 13.0
0 465.0 65.0 10.0 12.0
0 473.5 91.5 17.0 17.0
0 498.0 93.0 20.0 22.0
0 487.5 79.0 13.0 14.0
0 488.5 66.5 13.0 13.0
0 478.0 61.5 10.0 13.0
0 496.0 63.0 14.0 16.0
0 516.5 69.0 13.0 16.0
0 527.5 60.5 11.0 15.0
0 540.5 81.5 13.0 17.0
0 528.0 121.5 20.0 25.0
0 561.0 126.0 26.0 26.0
0 568.5 101.5 17.0 23.0
0 579.0 71.0 12.0 14.0
0 566.0 66.5 12.0 13.0
0 549.0 64.0 16.0 14.0
0 551.0 49.5 12.0 13.0
0 560.5 54.0 9.0 12.0
0 574.0 57.0 12.0 12.0
0 594.5 54.0 11.0 18.0
0 607.5 56.0 13.0 14.0
0 619.5 53.5 11.0 15.0
0 629.0 60.0 12.0 16.0
0 603.0 95.5 18.0 23.0
0 614.0 110.5 18.0 25.0
0 622.0 135.5 28.0 29.0
0 663.5 69.0 15.0 16.0
0 634.0 83.0 14.0 18.0
0 651.5 97.0 19.0 22.0
0 654.0 119.5 18.0 23.0
0 671.5 131.5 23.0 27.0
0 694.0 135.0 22.0 24.0
0 718.0 140.5 24.0 27.0
0 716.5 105.0 17.0 20.0
0 688.0 95.0 14.0 20.0
0 668.5 92.0 15.0 20.0
0 692.0 73.5 14.0 19.0
0 681.0 65.5 14.0 17.0
0 705.0 68.5 14.0 15.0
0 725.5 78.5 15.0 17.0
0 723.0 63.5 14.0 13.0
0 735.0 68.0 12.0 18.0
0 748.5 65.5 13.0 15.0
0 764.5 84.0 13.0 16.0
0 771.0 97.5 14.0 21.0
0 763.5 113.5 17.0 23.0
0 774.5 149.0 27.0 38.0
0 772.0 75.5 14.0 15.0
0 785.5 87.5 15.0 17.0
0 806.0 113.0 18.0 20.0
0 800.0 73.5 16.0 19.0
0 821.0 89.5 16.0 19.0
0 828.5 76.0 13.0 16.0
0 854.5 83.5 13.0 17.0
0 846.5 96.5 13.0 15.0
0 859.0 106.0 12.0 18.0
0 845.0 115.0 16.0 18.0
0 836.5 123.0 17.0 26.0
0 846.0 141.0 18.0 30.0
0 831.0 170.0 24.0 38.0
