0 60.0 222.0 28.0 34.0
0 74.5 262.0 29.0 38.0
0 145.0 330.5 42.0 41.0
0 252.0 238.0 32.0 36.0
0 244.5 190.5 29.0 33.0
0 286.5 160.0 25.0 28.0
0 203.0 144.5 20.0 27.0
0 143.0 105.5 18.0 23.0
0 53.0 123.0 18.0 16.0
0 184.5 80.0 17.0 20.0
0 195.5 94.0 17.0 22.0
0 219.0 107.5 18.0 25.0
0 260.0 74.0 18.0 26.0
0 308.0 68.0 26.0 22.0
0 342.0 100.5 18.0 21.0
0 347.5 86.0 17.0 22.0
0 393.0 114.5 22.0 23.0
0 423.0 116.5 20.0 23.0
0 461.0 90.0 18.0 24.0
0 433.5 43.0 15.0 20.0
0 473.5 44.5 13.0 17.0
0 516.0 93.5 18.0 19.0
0 563.5 147.0 21.0 28.0
0 676.5 258.0 35.0 38.0
0 524.5 42.5 13.0 19.0
0 563.0 67.5 18.0 19.0
0 568.0 86.5 18.0 21.0
0 582.5 59.5 21.0 21.0
0 582.0 32.5 14.0 15.0
0 619.0 52.5 16.0 15.0
0 609.0 95.0 18.0 20.0
0 582.5 118.5 19.0 25.0
0 657.5 162.0 25.0 28.0
0 673.0 87.5 16.0 19.0
0 700.0 107.5 20.0 25.0
0 750.0 128.0 22.0 24.0
0 656.5 38.0 15.0 16.0
0 722.0 69.5 18.0 19.0
0 705.5 47.5 11.0 13.0
0 758.0 57.5 16.0 17.0
0 800.5 76.5 13.0 19.0
0 860.5 111.0 23.0 24.0
0 868.5 147.5 25.0 25.0
0 835.0 182.5 24.0 29.0
0 963.0 204.5 22.0 31.0
0 943.0 110.0 20.0 20.0
0 993.5 121.0 19.0 18.0
0 1045.0 148.0 18.0 20.0
0 1069.0 161.5 20.0 25.0
0 1137.5 201.5 23.0 25.0
