0 207.0 213.5 38.0 43.0
0 318.5 138.5 21.0 23.0
0 331.0 124.0 18.0 16.0
0 361.0 105.5 16.0 19.0
0 373.5 114.0 15.0 20.0
0 422.5 131.0 19.0 20.0
0 445.0 109.0 16.0 16.0
0 425.0 100.0 16.0 20.0
0 467.5 111.5 17.0 21.0
0 480.0 133.0 22.0 22.0
0 465.5 91.0 15.0 18.0
0 483.0 82.0 14.0 18.0
0 490.5 96.0 17.0 16.0
0 518.5 94.0 17.0 18.0
0 512.0 81.5 12.0 17.0
0 524.5 83.0 13.0 18.0
0 564.0 107.5 20.0 23.0
0 575.0 114.0 18.0 20.0
0 547.0 78.0 12.0 16.0
0 555.0 81.0 12.0 12.0
0 566.0 85.0 12.0 14.0
0 585.5 89.5 17.0 19.0
0 604.5 107.0 19.0 22.0
0 609.5 89.0 17.0 22.0
0 609.5 72.0 13.0 18.0
0 618.5 77.5 13.0 17.0
0 631.5 64.0 15.0 18.0
0 650.0 84.0 16.0 20.0
0 657.0 75.5 16.0 17.0
0 687.0 76.5 10.0 17.0
0 694.0 70.5 12.0 15.0
0 708.0 76.0 10.0 14.0
0 722.0 75.5 14.0 13.0
0 506.0 189.5 32.0 33.0
0 581.5 187.5 29.0 37.0
0 610.5 183.5 33.0 37.0
0 599.5 155.0 25.0 30.0
0 645.0 137.0 22.0 28.0
0 652.5 107.5 17.0 17.0
0 667.0 154.5 24.0 25.0
0 670.5 95.0 17.0 18.0
0 689.0 113.0 22.0 24.0
0 700.0 129.0 20.0 24.0
0 687.5 183.5 21.0 25.0
0 719.5 187.0 31.0 40.0
0 749.5 138.0 23.0 24.0
0 732.0 106.0 18.0 20.0
0 759.5 110.0 19.0 24.0
0 778.5 95.0 15.0 20.0
0 791.5 112.0 19.0 24.0
0 776.5 53.0 15.0 20.0
0 819.0 110.5 18.0 21.0
0 799.0 98.0 14.0 20.0
0 766.5 94.5 15.0 17.0
0 828.0 126.5 16.0 23.0
0 843.0 146.0 22.0 26.0
0 805.5 177.0 27.0 32.0
0 825.5 215.5 33.0 45.0
0 878.5 217.5 29.0 31.0
0 931.0 248.0 34.0 40.0
0 853.0 131.0 20.0 22.0
0 843.0 117.5 14.0 21.0
0 853.5 108.0 13.0 16.0
0 874.0 115.5 20.0 23.0
0 895.5 128.0 21.0 24.0
0 894.0 107.0 16.0 16.0
0 904.0 101.0 12.0 14.0
0 900.5 90.0 11.0 12.0
0 908.0 119.5 16.0 19.0
0 916.0 139.0 18.0 28.0
0 893.5 165.5 27.0 33.0
0 945.5 195.5 23.0 23.0
0 953.0 147.5 20.0 23.0
0 967.5 128.0 13.0 18.0
0 969.5 112.0 13.0 16.0
0 948.0 104.5 14.0 19.0
