0 58.5 336.0 57.0 64.0
0 277.5 164.0 15.0 20.0
0 295.5 166.0 19.0 22.0
0 315.5 162.5 23.0 23.0
0 339.0 168.5 20.0 21.0
0 366.5 167.0 23.0 22.0
0 332.5 143.0 19.0 18.0
0 368.0 138.5 18.0 21.0
0 394.0 133.0 18.0 20.0
0 429.5 177.5 27.0 33.0
0 406.5 129.5 17.0 21.0
0 416.0 122.5 16.0 15.0
0 443.0 136.5 18.0 23.0
0 479.0 138.0 22.0 22.0
0 501.5 144.0 21.0 28.0
0 497.0 118.0 18.0 20.0
0 472.0 122.0 20.0 18.0
0 459.5 108.0 19.0 20.0
0 434.5 108.0 13.0 16.0
0 489.0 98.5 16.0 13.0
0 484.0 87.5 10.0 15.0
0 511.0 102.0 14.0 16.0
0 507.0 89.5 10.0 11.0
0 519.0 83.0 10.0 12.0
0 541.0 102.0 16.0 14.0
0 568.5 86.5 17.0 17.0
0 584.0 98.0 16.0 22.0
0 610.5 106.0 17.0 22.0
0 619.0 93.0 12.0 18.0
0 598.0 69.0 12.0 16.0
0 624.5 77.0 13.0 14.0
0 663.0 88.5 18.0 23.0
0 636.0 63.0 14.0 14.0
0 653.0 75.5 12.0 13.0
0 664.0 65.0 12.0 14.0
0 682.0 75.5 14.0 15.0
0 688.0 65.0 16.0 14.0
0 714.5 72.5 15.0 17.0
0 738.0 63.0 14.0 20.0
0 518.0 186.5 26.0 33.0
0 583.5 175.5 35.0 39.0
0 549.5 136.0 21.0 24.0
0 523.5 131.5 19.0 23.0
0 607.5 150.0 23.0 28.0
0 649.5 132.5 25.0 27.0
0 661.0 154.5 24.0 27.0
0 640.5 217.0 37.0 40.0
0 721.0 207.5 40.0 47.0
0 703.0 155.5 26.0 31.0
0 711.0 127.0 24.0 26.0
0 703.0 109.0 20.0 24.0
0 734.5 92.0 21.0 20.0
0 752.5 108.0 19.0 26.0
0 747.5 89.0 17.0 18.0
0 761.5 84.5 15.0 21.0
0 754.5 136.0 25.0 28.0
0 767.0 172.0 26.0 34.0
0 836.5 180.5 31.0 35.0
0 814.5 142.5 23.0 33.0
0 790.0 121.5 24.0 27.0
0 791.5 103.0 19.0 24.0
0 800.5 85.0 19.0 24.0
0 787.0 78.5 16.0 27.0
0 802.5 66.5 17.0 21.0
0 816.5 76.0 19.0 22.0
0 815.5 100.5 17.0 23.0
0 850.0 85.0 14.0 20.0
0 850.0 74.0 16.0 16.0
0 866.0 79.0 16.0 20.0
0 857.0 107.5 20.0 23.0
0 874.5 105.0 13.0 20.0
0 887.5 84.5 17.0 21.0
0 901.5 112.5 17.0 25.0
0 909.0 95.0 18.0 22.0
0 922.0 133.5 20.0 25.0
0 949.5 122.5 17.0 19.0
0 981.5 174.5 23.0 35.0
0 987.0 120.0 18.0 24.0
0 995.5 101.0 15.0 20.0
0 954.0 103.5 16.0 21.0
0 964.0 84.0 18.0 20.0
0 922.0 88.0 18.0 18.0
0 927.5 78.0 15.0 18.0
