0 196.5 204.0 47.0 48.0
0 317.5 145.5 31.0 33.0
0 397.0 128.0 20.0 20.0
0 399.5 110.5 19.0 21.0
0 445.5 115.0 23.0 24.0
0 435.5 134.0 19.0 22.0
0 408.5 164.5 29.0 23.0
0 465.5 147.0 23.0 20.0
0 504.5 137.5 21.0 25.0
0 469.5 109.5 17.0 15.0
0 501.0 100.0 18.0 20.0
0 541.5 119.5 23.0 27.0
0 563.0 122.0 22.0 24.0
0 595.5 46.5 13.0 15.0
0 604.5 82.5 13.0 15.0
0 634.0 150.0 22.0 30.0
0 663.0 155.0 28.0 32.0
0 643.5 186.0 37.0 38.0
0 704.5 99.5 21.0 29.0
0 740.5 122.5 19.0 23.0
0 741.0 103.0 16.0 20.0
0 771.5 109.0 17.0 22.0
0 782.5 92.5 13.0 17.0
0 800.5 104.0 15.0 20.0
0 819.5 93.5 15.0 21.0
0 837.0 102.5 16.0 19.0
0 815.5 117.5 15.0 21.0
0 787.0 125.5 18.0 25.0
0 834.0 135.5 20.0 25.0
0 764.0 174.0 28.0 36.0
0 865.5 168.0 23.0 32.0
0 915.0 175.0 22.0 34.0
0 954.5 175.5 21.0 27.0
0 955.0 133.0 18.0 26.0
0 981.5 145.5 13.0 25.0
0 985.5 134.0 15.0 22.0
