0 80.5 398.0 55.0 72.0
0 274.0 251.0 22.0 22.0
0 311.0 263.5 26.0 25.0
0 357.0 221.5 22.0 23.0
0 355.0 267.0 24.0 24.0
0 417.0 265.5 28.0 31.0
0 435.5 239.0 21.0 24.0
0 443.5 214.0 23.0 22.0
0 483.0 233.0 26.0 22.0
0 510.0 250.5 30.0 33.0
0 506.0 215.5 20.0 19.0
0 504.5 200.0 19.0 16.0
0 487.5 197.5 25.0 25.0
0 524.0 183.0 20.0 18.0
0 538.0 198.0 20.0 20.0
0 561.0 181.0 14.0 18.0
0 581.5 171.5 17.0 13.0
0 587.0 193.5 18.0 19.0
0 620.5 192.5 17.0 23.0
0 631.0 181.5 14.0 21.0
0 645.0 174.0 20.0 14.0
0 647.5 193.5 21.0 25.0
0 677.0 180.0 20.0 26.0
0 687.5 163.0 21.0 20.0
0 711.5 162.0 17.0 18.0
0 714.5 184.0 23.0 24.0
0 729.0 172.0 18.0 20.0
0 741.0 164.5 20.0 19.0
0 753.5 150.0 15.0 18.0
0 773.5 155.5 17.0 13.0
0 807.0 157.5 16.0 15.0
0 830.0 166.0 12.0 18.0
0 788.0 174.5 14.0 13.0
0 740.0 185.5 16.0 15.0
0 682.0 204.5 20.0 19.0
0 630.5 230.5 21.0 25.0
0 557.5 248.0 21.0 26.0
0 911.0 175.5 16.0 15.0
0 902.5 191.0 17.0 20.0
0 889.0 202.5 18.0 25.0
0 872.0 189.5 16.0 21.0
0 834.0 193.0 16.0 18.0
0 782.0 213.5 20.0 19.0
0 739.5 234.0 21.0 22.0
0 693.0 251.0 28.0 32.0
0 666.0 290.5 28.0 33.0
0 577.0 298.0 32.0 34.0
0 712.5 311.5 37.0 37.0
0 727.0 301.0 26.0 26.0
0 808.0 237.5 20.0 25.0
0 820.0 264.5 28.0 33.0
0 851.5 254.5 25.0 27.0
0 958.5 171.0 19.0 22.0
0 951.0 193.5 18.0 17.0
0 923.0 212.5 18.0 19.0
0 1030.5 188.5 17.0 17.0
0 1017.5 196.5 17.0 19.0
0 1070.0 185.5 16.0 19.0
0 1060.5 197.5 19.0 17.0
0 1097.5 205.5 15.0 25.0
0 1153.5 194.0 19.0 20.0
0 1145.5 225.0 15.0 18.0
0 1136.5 240.0 17.0 24.0
0 1097.5 234.5 21.0 23.0
0 1038.0 231.0 18.0 28.0
0 1012.5 240.5 25.0 31.0
0 982.0 222.0 20.0 20.0
0 919.0 292.0 30.0 26.0
0 973.5 296.5 23.0 31.0
0 991.5 275.5 21.0 27.0
0 1059.5 268.5 23.0 33.0
0 1073.0 259.5 22.0 29.0
0 1155.0 268.0 24.0 32.0
0 1130.5 285.0 25.0 28.0
0 1116.5 332.5 33.0 39.0
0 1037.5 313.5 29.0 41.0
0 987.5 386.0 33.0 50.0
0 871.5 353.0 41.0 48.0
0 789.0 329.0 44.0 46.0
