0 59.5 388.0 65.0 74.0
0 294.5 161.0 19.0 26.0
0 316.0 162.5 22.0 29.0
0 341.5 154.5 19.0 27.0
0 410.0 149.5 24.0 25.0
0 407.0 129.0 26.0 24.0
0 455.0 151.0 26.0 22.0
0 476.0 164.0 26.0 30.0
0 457.5 131.5 21.0 21.0
0 480.0 119.0 22.0 26.0
0 532.0 111.0 20.0 22.0
0 526.0 144.0 22.0 24.0
0 566.0 188.0 24.0 32.0
0 619.0 164.0 22.0 30.0
0 633.0 125.0 22.0 26.0
0 611.5 104.5 19.0 27.0
0 600.0 95.0 16.0 20.0
0 634.5 94.0 19.0 26.0
0 662.5 100.5 21.0 29.0
0 588.5 101.0 15.0 20.0
0 684.5 104.0 15.0 24.0
0 710.0 98.0 20.0 20.0
0 714.5 85.5 19.0 23.0
0 739.0 86.0 20.0 20.0
0 737.5 123.5 21.0 27.0
0 711.5 135.0 21.0 26.0
0 782.5 109.0 19.0 22.0
0 796.0 128.5 22.0 25.0
0 774.5 92.0 17.0 22.0
0 769.0 74.0 16.0 18.0
0 748.0 106.0 20.0 22.0
0 810.0 79.5 16.0 21.0
0 845.0 76.5 18.0 21.0
0 846.0 113.0 16.0 16.0
0 839.0 101.5 14.0 17.0
0 878.5 102.0 21.0 28.0
0 883.5 85.0 21.0 22.0
0 916.0 94.0 20.0 24.0
0 880.0 131.5 24.0 27.0
0 850.0 140.0 32.0 36.0
0 765.5 183.0 33.0 38.0
0 732.5 203.5 31.0 37.0
0 766.0 225.0 32.0 38.0
0 843.0 244.5 38.0 39.0
0 918.0 157.5 28.0 39.0
0 947.5 141.0 21.0 30.0
0 967.0 120.5 20.0 23.0
0 993.5 127.0 19.0 26.0
0 987.5 111.0 21.0 24.0
0 1034.5 118.0 21.0 28.0
0 1047.5 138.5 23.0 27.0
0 1015.0 161.5 28.0 33.0
0 975.5 176.5 27.0 33.0
0 927.5 244.5 35.0 39.0
0 1016.0 276.5 42.0 47.0
0 1102.0 308.0 36.0 50.0
0 1120.5 255.0 33.0 46.0
0 1098.0 206.5 28.0 35.0
0 1038.0 187.0 28.0 36.0
0 1110.5 142.0 23.0 24.0
0 1143.0 136.5 20.0 19.0
0 1147.0 158.5 20.0 25.0
0 1138.0 171.5 22.0 31.0
0 1175.0 211.0 26.0 30.0
0 1193.0 249.5 30.0 41.0
0 1199.0 227.0 24.0 28.0
0 1240.5 224.0 23.0 32.0
0 1233.5 188.5 23.0 31.0
0 1254.5 163.5 19.0 19.0
0 1182.5 162.0 21.0 24.0
0 1208.5 148.0 17.0 20.0
