0 260.0 128.0 14.0 20.0
0 320.0 135.0 20.0 26.0
0 348.5 109.5 15.0 19.0
0 367.0 101.5 16.0 15.0
0 373.0 116.0 16.0 16.0
0 395.5 94.0 17.0 20.0
0 412.0 86.0 14.0 16.0
0 428.0 97.5 16.0 19.0
0 435.0 117.0 18.0 26.0
0 410.5 122.0 15.0 16.0
0 397.5 128.5 25.0 29.0
0 493.0 118.0 22.0 28.0
0 452.0 116.0 18.0 16.0
0 450.0 80.5 12.0 15.0
0 473.0 85.0 14.0 18.0
0 486.0 78.0 14.0 18.0
0 497.5 82.5 13.0 15.0
0 502.5 74.5 11.0 15.0
0 506.5 102.0 15.0 24.0
0 520.5 92.5 13.0 17.0
0 517.5 80.0 15.0 16.0
0 525.5 76.5 11.0 15.0
0 545.0 105.0 18.0 22.0
0 551.0 79.0 14.0 14.0
0 564.5 70.0 13.0 14.0
0 586.5 97.0 17.0 20.0
0 581.0 82.0 16.0 14.0
0 601.0 94.0 16.0 20.0
0 588.5 64.0 11.0 14.0
0 601.5 64.0 11.0 16.0
0 617.0 73.5 14.0 15.0
0 613.0 65.0 14.0 10.0
0 637.5 79.5 17.0 19.0
0 639.0 66.5 12.0 15.0
0 661.5 72.0 15.0 16.0
0 669.0 63.0 12.0 16.0
0 689.0 68.5 12.0 17.0
0 548.5 165.0 25.0 26.0
0 553.0 143.5 24.0 23.0
0 608.5 145.5 25.0 27.0
0 625.5 109.5 19.0 23.0
0 656.5 125.0 21.0 28.0
0 667.0 143.5 22.0 27.0
0 709.5 159.0 31.0 32.0
0 681.5 116.0 17.0 22.0
0 682.0 101.0 16.0 18.0
0 716.5 82.5 19.0 19.0
0 725.5 78.0 15.0 18.0
0 745.5 78.5 15.0 19.0
0 722.0 104.5 18.0 19.0
0 734.0 119.5 18.0 25.0
0 745.5 140.0 21.0 30.0
0 772.0 170.5 24.0 33.0
0 825.5 180.5 27.0 35.0
0 839.5 158.5 25.0 31.0
0 899.5 190.5 27.0 37.0
0 895.0 167.5 20.0 23.0
0 899.5 138.0 19.0 24.0
0 865.5 134.5 17.0 21.0
0 817.5 135.0 21.0 24.0
0 776.0 122.5 14.0 21.0
0 781.0 94.0 14.0 20.0
0 781.0 76.0 12.0 20.0
0 799.5 78.0 13.0 18.0
0 790.5 90.5 13.0 17.0
0 816.0 84.5 14.0 19.0
0 831.0 90.0 14.0 14.0
0 838.0 107.5 18.0 23.0
0 815.5 114.0 17.0 18.0
0 845.5 98.5 17.0 19.0
0 863.5 88.5 13.0 19.0
0 890.0 95.5 12.0 19.0
0 868.5 119.5 15.0 17.0
0 917.5 116.0 13.0 16.0
0 926.0 101.5 12.0 17.0
