0 194.0 191.5 42.0 43.0
0 272.5 127.5 17.0 21.0
0 323.0 139.5 20.0 23.0
0 339.5 113.5 17.0 19.0
0 355.5 113.5 15.0 15.0
0 369.5 116.5 15.0 19.0
0 379.5 104.5 13.0 17.0
0 401.0 99.5 18.0 17.0
0 427.5 86.5 15.0 17.0
0 422.5 108.5 15.0 15.0
0 421.5 125.5 19.0 21.0
0 411.5 154.5 19.0 21.0
0 445.0 124.0 18.0 22.0
0 462.5 78.5 11.0 13.0
0 483.0 85.5 14.0 15.0
0 474.0 105.0 18.0 20.0
0 486.0 135.0 20.0 24.0
0 503.5 112.5 17.0 19.0
0 518.0 99.0 14.0 16.0
0 538.0 117.0 20.0 22.0
0 507.0 84.5 12.0 13.0
0 495.5 75.0 9.0 8.0
0 507.0 74.5 8.0 9.0
0 519.5 76.0 11.0 12.0
0 534.5 79.5 13.0 13.0
0 550.0 81.5 12.0 17.0
0 560.0 80.0 10.0 12.0
0 583.5 105.0 17.0 18.0
0 579.0 78.0 12.0 14.0
0 587.0 68.5 12.0 11.0
0 596.5 78.5 15.0 17.0
0 611.0 65.0 12.0 12.0
0 618.5 62.0 11.0 10.0
0 636.0 58.5 12.0 11.0
0 631.0 65.0 10.0 12.0
0 622.0 77.5 12.0 15.0
0 620.5 95.5 15.0 17.0
0 654.5 79.5 13.0 17.0
0 655.5 60.5 11.0 11.0
0 668.0 65.5 12.0 17.0
0 688.0 69.5 12.0 17.0
0 712.5 64.5 11.0 13.0
0 728.0 79.0 12.0 14.0
0 706.5 95.0 11.0 12.0
0 703.0 110.0 16.0 22.0
0 663.0 103.0 14.0 16.0
0 672.0 122.5 20.0 19.0
0 627.0 120.0 16.0 20.0
0 632.5 148.0 19.0 26.0
0 667.5 153.0 19.0 28.0
0 576.0 158.0 22.0 28.0
0 569.0 149.5 18.0 19.0
0 728.0 159.5 22.0 27.0
0 764.5 147.0 17.0 24.0
0 798.5 161.5 21.0 31.0
0 848.5 170.0 21.0 28.0
0 893.5 181.5 23.0 31.0
0 917.0 157.5 18.0 27.0
0 861.5 145.5 21.0 25.0
0 843.5 132.5 13.0 21.0
0 789.0 120.0 16.0 18.0
0 754.5 124.0 17.0 18.0
0 746.5 103.0 13.0 14.0
0 761.5 89.0 15.0 16.0
0 776.5 75.0 13.0 16.0
0 796.5 87.5 13.0 17.0
0 807.5 85.0 9.0 10.0
0 819.5 81.0 13.0 14.0
0 826.5 97.0 11.0 16.0
0 838.0 88.5 14.0 17.0
0 852.5 87.0 11.0 14.0
0 842.0 108.5 14.0 17.0
0 859.0 109.0 12.0 16.0
0 871.0 98.5 14.0 19.0
0 885.5 86.0 11.0 14.0
0 911.0 92.0 10.0 14.0
0 898.5 114.5 13.0 19.0
0 905.5 103.5 11.0 15.0
0 941.5 99.5 11.0 15.0
0 934.5 116.5 11.0 13.0
0 948.0 118.5 12.0 13.0
0 927.0 132.5 12.0 17.0
0 947.5 146.0 17.0 28.0
