0 101.0 422.5 88.0 73.0
0 299.5 166.0 15.0 28.0
0 319.0 172.0 24.0 32.0
0 369.0 148.0 18.0 18.0
0 390.0 159.0 18.0 24.0
0 411.0 129.5 22.0 25.0
0 444.0 138.0 18.0 30.0
0 487.0 165.0 20.0 24.0
0 458.0 142.5 18.0 27.0
0 481.5 124.0 17.0 14.0
0 519.5 115.5 15.0 23.0
0 564.0 127.5 18.0 21.0
0 524.0 150.5 22.0 23.0
0 572.0 185.0 24.0 32.0
0 619.5 149.5 23.0 25.0
0 649.0 128.5 16.0 21.0
0 690.5 145.5 25.0 23.0
0 566.5 104.0 21.0 16.0
0 594.0 105.0 18.0 18.0
0 624.5 109.0 15.0 24.0
0 646.0 99.5 18.0 21.0
0 673.0 104.5 18.0 21.0
0 723.5 91.0 15.0 22.0
0 752.5 87.5 15.0 25.0
0 776.5 81.5 15.0 21.0
0 814.0 82.5 16.0 25.0
0 846.5 92.0 17.0 24.0
0 793.0 107.0 16.0 20.0
0 750.5 129.0 23.0 24.0
0 783.0 133.5 24.0 19.0
0 800.0 180.0 32.0 32.0
0 743.5 206.5 25.0 25.0
0 775.0 234.0 28.0 32.0
0 847.0 241.5 24.0 35.0
0 935.0 245.5 30.0 37.0
0 1025.0 277.0 34.0 38.0
0 1110.0 314.0 30.0 38.0
0 1132.0 249.5 22.0 35.0
0 1201.0 264.0 28.0 36.0
0 1244.0 223.5 18.0 27.0
0 1213.0 228.0 22.0 26.0
0 1185.5 204.0 19.0 30.0
0 1111.0 193.0 26.0 26.0
0 1037.5 198.5 25.0 33.0
0 969.0 181.5 20.0 29.0
0 925.0 162.5 22.0 29.0
0 854.0 157.0 22.0 22.0
0 897.5 135.5 13.0 29.0
0 849.5 117.5 25.0 23.0
0 885.0 98.5 20.0 21.0
0 923.0 100.0 16.0 24.0
0 953.0 143.5 22.0 33.0
0 1004.5 130.0 19.0 26.0
0 999.5 106.0 15.0 20.0
0 1037.0 119.0 12.0 22.0
0 1058.5 144.0 15.0 30.0
0 1016.5 162.0 29.0 22.0
0 1103.0 144.0 16.0 24.0
0 1127.5 148.5 17.0 19.0
0 1156.0 139.5 16.0 23.0
0 1216.0 152.0 16.0 26.0
0 1252.5 158.5 15.0 21.0
0 1248.5 191.5 21.0 27.0
0 1188.0 165.5 16.0 27.0
0 1136.5 174.0 27.0 28.0
0 1156.5 160.5 19.0 25.0
0 962.5 120.5 21.0 19.0
0 1097.0 226.5 24.0 29.0
0 696.0 108.0 18.0 22.0
0 727.5 99.0 19.0 26.0
0 758.5 113.0 23.0 28.0
0 1065.0 135.0 18.0 30.0
