0 52.5 240.0 41.0 34.0
0 271.0 167.5 18.0 13.0
0 320.0 155.0 24.0 18.0
0 359.5 167.5 19.0 19.0
0 409.0 187.5 24.0 25.0
0 519.0 176.5 30.0 21.0
0 562.5 186.5 27.0 33.0
0 641.0 198.0 26.0 30.0
0 715.5 209.5 25.0 33.0
0 834.5 175.5 27.0 27.0
0 761.0 168.5 28.0 27.0
0 703.5 156.5 31.0 27.0
0 651.5 156.0 27.0 20.0
0 601.5 144.5 27.0 19.0
0 518.5 133.5 25.0 23.0
0 480.0 135.5 24.0 17.0
0 439.5 136.5 33.0 23.0
0 447.0 132.0 0.0 0.0
0 399.5 134.0 15.0 18.0
0 368.0 129.5 24.0 17.0
0 337.5 134.0 19.0 18.0
0 407.0 118.0 16.0 12.0
0 440.0 102.0 14.0 14.0
0 479.0 83.0 12.0 12.0
0 483.0 101.5 16.0 21.0
0 507.5 113.0 19.0 18.0
0 505.5 85.0 15.0 16.0
0 538.0 103.0 18.0 18.0
0 572.5 115.5 19.0 21.0
0 648.0 128.5 24.0 25.0
0 602.0 104.5 20.0 19.0
0 567.5 83.0 23.0 20.0
0 592.0 68.5 18.0 13.0
0 628.0 70.5 18.0 17.0
0 668.0 84.0 20.0 18.0
0 697.5 125.5 29.0 23.0
0 746.5 127.0 27.0 22.0
0 797.5 140.0 29.0 26.0
0 856.0 141.0 32.0 30.0
0 782.5 114.0 23.0 18.0
0 847.5 102.0 23.0 22.0
0 805.0 96.0 24.0 20.0
0 737.0 62.0 18.0 12.0
0 719.0 68.5 22.0 13.0
0 696.5 69.5 19.0 11.0
0 653.5 68.0 17.0 14.0
0 756.0 83.5 14.0 19.0
0 777.0 80.0 14.0 10.0
0 793.5 68.0 9.0 12.0
0 819.0 79.5 10.0 13.0
0 827.0 73.0 10.0 16.0
0 843.0 76.0 12.0 16.0
0 726.5 95.5 17.0 17.0
0 616.0 90.0 16.0 18.0
0 978.0 171.0 24.0 28.0
0 924.0 136.5 18.0 25.0
0 936.5 103.5 15.0 17.0
0 981.0 119.0 18.0 22.0
0 955.5 78.5 13.0 17.0
0 887.5 83.0 15.0 18.0
0 869.5 99.0 15.0 18.0
0 855.0 74.0 10.0 16.0
0 906.5 93.0 19.0 24.0
0 976.0 97.5 12.0 15.0
0 990.5 92.5 11.0 17.0
0 925.5 81.0 13.0 16.0
0 955.5 101.0 15.0 16.0
0 961.5 120.5 15.0 21.0
