0 213.0 251.5 52.0 57.0
0 296.5 149.5 19.0 21.0
0 317.0 147.5 20.0 23.0
0 312.5 174.0 21.0 20.0
0 382.0 158.0 20.0 24.0
0 399.0 166.5 24.0 27.0
0 393.5 142.0 21.0 22.0
0 406.0 117.0 20.0 22.0
0 424.5 119.0 21.0 22.0
0 439.5 104.5 15.0 15.0
0 452.5 105.0 17.0 20.0
0 482.0 135.0 20.0 24.0
0 507.0 135.5 22.0 27.0
0 504.0 112.5 20.0 21.0
0 486.0 112.0 22.0 20.0
0 477.5 101.0 15.0 16.0
0 503.0 94.0 12.0 18.0
0 519.5 94.5 17.0 15.0
0 529.5 117.0 19.0 24.0
0 558.0 125.0 18.0 22.0
0 562.5 101.0 15.0 18.0
0 558.0 86.5 12.0 15.0
0 540.0 85.0 12.0 12.0
0 585.5 99.5 19.0 21.0
0 593.5 76.5 15.0 19.0
0 603.5 78.5 15.0 17.0
0 630.5 84.5 17.0 17.0
0 632.5 106.0 19.0 22.0
0 657.0 82.5 18.0 19.0
0 645.5 71.0 17.0 18.0
0 632.0 65.0 14.0 16.0
0 664.0 62.5 12.0 13.0
0 696.0 62.0 16.0 16.0
0 693.5 83.0 17.0 16.0
0 695.5 74.0 13.0 12.0
0 716.5 68.5 15.0 17.0
0 746.0 68.0 16.0 16.0
0 737.0 91.5 18.0 19.0
0 749.5 105.5 19.0 21.0
0 714.0 100.0 22.0 24.0
0 707.5 130.0 23.0 26.0
0 675.0 124.5 26.0 23.0
0 671.0 152.0 28.0 34.0
0 659.0 181.5 36.0 35.0
0 606.0 153.0 24.0 26.0
0 525.5 193.5 33.0 35.0
0 580.0 194.5 30.0 29.0
0 731.0 202.0 40.0 40.0
0 796.0 215.0 42.0 48.0
0 779.0 150.5 28.0 33.0
0 752.0 144.0 26.0 28.0
0 782.5 121.5 21.0 25.0
0 791.0 106.5 20.0 21.0
0 785.5 71.5 19.0 23.0
0 805.0 87.5 18.0 21.0
0 828.0 75.5 16.0 19.0
0 846.5 86.0 17.0 20.0
0 870.0 88.0 18.0 24.0
0 819.5 127.5 21.0 25.0
0 835.0 121.0 20.0 24.0
0 857.5 164.0 25.0 32.0
0 872.0 151.5 22.0 25.0
0 890.0 127.5 26.0 27.0
0 871.5 240.5 37.0 43.0
0 910.5 178.0 27.0 38.0
0 934.5 160.5 25.0 31.0
0 986.5 214.5 33.0 45.0
0 977.5 188.0 27.0 28.0
0 969.0 166.5 20.0 21.0
0 1000.0 153.0 24.0 28.0
0 988.0 132.5 18.0 25.0
0 942.5 120.5 19.0 25.0
0 923.5 105.0 17.0 24.0
0 926.5 88.5 15.0 15.0
0 929.5 79.0 15.0 16.0
0 889.5 82.5 13.0 15.0
0 896.0 71.0 18.0 18.0
0 949.0 91.0 12.0 16.0
0 955.0 103.5 16.0 21.0
0 972.5 86.0 15.0 20.0
0 998.0 90.0 14.0 16.0
