0 138.0 149.5 18.0 21.0
0 139.0 230.0 54.0 52.0
0 314.0 131.0 18.0 18.0
0 368.5 113.0 21.0 20.0
0 381.5 139.0 19.0 20.0
0 408.0 139.5 18.0 23.0
0 435.0 151.5 18.0 21.0
0 458.5 113.5 15.0 17.0
0 454.0 106.5 14.0 13.0
0 504.0 126.5 20.0 23.0
0 537.0 129.0 20.0 22.0
0 558.0 91.5 16.0 17.0
0 585.5 152.0 21.0 24.0
0 614.0 160.5 24.0 31.0
0 681.5 110.5 15.0 17.0
0 690.0 125.0 18.0 20.0
0 713.5 117.0 19.0 20.0
0 729.5 135.5 19.0 21.0
0 756.0 121.0 18.0 20.0
0 767.0 140.5 18.0 23.0
0 804.5 167.0 21.0 28.0
0 839.0 174.5 24.0 33.0
0 895.5 170.0 19.0 24.0
0 917.5 132.0 15.0 26.0
