0 69.5 241.0 31.0 36.0
0 300.0 143.0 16.0 18.0
0 306.5 160.5 17.0 17.0
0 321.5 159.5 19.0 23.0
0 354.5 157.5 19.0 23.0
0 379.5 155.5 21.0 25.0
0 418.0 157.5 20.0 25.0
0 433.0 163.5 28.0 31.0
0 353.5 131.5 17.0 17.0
0 378.0 128.0 16.0 20.0
0 384.5 137.0 17.0 20.0
0 425.5 130.5 15.0 21.0
0 486.0 137.0 20.0 24.0
0 505.0 141.0 22.0 26.0
0 414.0 115.0 14.0 20.0
0 419.0 114.0 14.0 16.0
0 446.0 113.0 14.0 16.0
0 484.5 117.0 15.0 22.0
0 515.5 119.0 15.0 24.0
0 503.0 100.0 14.0 20.0
0 496.5 88.5 13.0 15.0
0 519.0 82.0 12.0 16.0
0 527.0 99.5 16.0 17.0
0 550.5 115.0 17.0 24.0
0 567.0 121.0 20.0 24.0
0 555.5 103.5 17.0 15.0
0 600.0 92.5 18.0 15.0
0 608.5 101.5 17.0 21.0
0 607.0 74.5 14.0 17.0
0 631.5 76.0 13.0 16.0
0 638.5 88.5 15.0 21.0
0 652.0 81.0 14.0 16.0
0 664.0 88.0 12.0 18.0
0 668.5 75.0 11.0 16.0
0 691.0 80.5 14.0 21.0
0 694.5 74.0 13.0 18.0
0 732.0 75.0 14.0 16.0
0 780.0 73.5 14.0 17.0
0 804.5 83.5 13.0 19.0
0 820.5 79.0 13.0 18.0
0 829.0 90.0 14.0 20.0
0 869.5 79.0 11.0 16.0
0 900.0 85.0 16.0 20.0
0 920.5 96.5 15.0 19.0
0 943.5 99.5 13.0 23.0
0 952.0 97.5 12.0 19.0
0 972.0 130.5 18.0 25.0
0 990.5 148.5 19.0 27.0
0 1000.0 171.5 26.0 33.0
0 904.0 107.5 18.0 21.0
0 926.0 143.0 26.0 32.0
0 851.5 104.5 19.0 21.0
0 877.0 126.0 22.0 26.0
0 743.0 92.5 14.0 19.0
0 757.5 90.5 15.0 19.0
0 770.0 103.0 16.0 20.0
0 816.0 99.0 14.0 18.0
0 797.0 113.5 18.0 27.0
0 756.5 113.5 17.0 23.0
0 694.5 112.0 19.0 24.0
0 691.0 129.0 24.0 26.0
0 655.0 119.5 20.0 23.0
0 624.5 133.0 23.0 30.0
0 668.5 145.5 25.0 31.0
0 625.5 173.5 27.0 33.0
0 539.5 182.0 27.0 30.0
0 668.5 190.0 33.0 36.0
0 715.0 160.0 22.0 32.0
0 737.0 155.0 22.0 28.0
0 770.0 178.5 26.0 33.0
0 816.5 140.0 23.0 32.0
0 827.0 125.0 20.0 28.0
0 915.0 188.0 28.0 32.0
0 819.0 182.0 26.0 36.0
