0 209.0 274.0 54.0 68.0
0 275.5 268.0 49.0 62.0
0 336.0 170.0 26.0 26.0
0 390.0 157.0 22.0 24.0
0 439.0 145.5 20.0 23.0
0 457.0 169.0 24.0 28.0
0 479.5 133.5 21.0 27.0
0 478.5 112.0 23.0 24.0
0 504.0 118.5 22.0 27.0
0 429.5 81.0 21.0 20.0
0 441.5 69.0 19.0 22.0
0 486.0 91.5 14.0 17.0
0 501.5 93.5 17.0 15.0
0 567.0 84.0 14.0 20.0
0 587.5 94.5 15.0 19.0
0 616.5 96.5 21.0 19.0
0 573.5 123.5 27.0 23.0
0 699.5 155.0 31.0 30.0
0 762.0 177.0 30.0 34.0
0 823.5 159.0 25.0 30.0
0 737.0 93.5 22.0 25.0
0 758.0 90.5 18.0 23.0
0 780.0 94.0 20.0 22.0
0 802.0 87.5 16.0 23.0
0 825.0 97.0 18.0 20.0
0 856.0 109.5 18.0 23.0
0 868.5 81.0 17.0 18.0
0 938.0 139.0 20.0 28.0
