0 163.0 391.5 54.0 57.0
0 268.5 255.0 23.0 24.0
0 326.0 246.0 26.0 32.0
0 360.5 251.5 25.0 31.0
0 349.5 226.0 25.0 24.0
0 393.0 278.0 30.0 34.0
0 394.0 234.5 28.0 25.0
0 429.0 240.5 24.0 23.0
0 438.0 210.0 22.0 24.0
0 505.5 241.0 29.0 28.0
0 501.0 213.0 26.0 26.0
0 487.5 183.0 19.0 22.0
0 511.0 188.5 18.0 21.0
0 533.5 198.5 23.0 23.0
0 542.0 217.5 26.0 25.0
0 580.5 239.5 29.0 31.0
0 619.5 235.5 29.0 31.0
0 540.0 173.5 18.0 19.0
0 553.5 182.5 19.0 23.0
0 566.5 198.0 19.0 20.0
0 577.0 168.5 18.0 19.0
0 620.5 194.0 21.0 20.0
0 632.0 175.0 20.0 20.0
0 644.5 199.0 21.0 22.0
0 660.5 182.5 21.0 27.0
0 681.0 204.0 20.0 26.0
0 696.5 189.0 21.0 24.0
0 681.0 161.5 16.0 23.0
0 704.5 169.5 19.0 21.0
0 701.0 151.5 14.0 19.0
0 746.0 171.0 18.0 24.0
0 739.0 146.5 16.0 21.0
0 769.5 148.5 19.0 21.0
0 792.0 179.0 22.0 20.0
0 806.0 168.0 20.0 22.0
0 804.5 151.0 19.0 18.0
0 833.5 159.5 19.0 23.0
0 568.0 294.5 38.0 47.0
0 618.0 336.0 42.0 46.0
0 657.0 258.5 30.0 39.0
0 732.0 265.5 34.0 39.0
0 736.0 233.0 28.0 32.0
0 790.5 250.0 27.0 40.0
0 778.5 220.5 25.0 29.0
0 808.0 264.5 36.0 43.0
0 845.0 255.0 26.0 34.0
0 785.0 344.5 46.0 55.0
0 718.0 315.5 44.0 51.0
0 853.5 347.0 47.0 62.0
0 907.0 283.5 38.0 41.0
0 952.0 318.0 36.0 44.0
0 988.5 383.5 49.0 57.0
0 1038.5 332.5 41.0 41.0
0 1048.5 286.0 33.0 42.0
0 988.5 258.0 35.0 40.0
0 864.5 212.5 25.0 29.0
0 837.5 225.5 25.0 31.0
0 822.0 202.0 24.0 28.0
0 867.5 176.5 21.0 27.0
0 900.0 185.0 22.0 26.0
0 908.0 171.5 20.0 23.0
0 940.5 188.0 23.0 16.0
0 926.5 210.5 25.0 27.0
0 947.0 208.0 20.0 24.0
0 958.0 171.5 16.0 23.0
0 994.5 175.0 19.0 22.0
0 1001.0 213.5 22.0 27.0
0 1032.5 227.5 21.0 31.0
0 1049.0 222.5 20.0 29.0
0 1042.5 194.0 17.0 22.0
0 1032.5 184.5 17.0 21.0
0 1069.0 184.0 18.0 26.0
0 1099.5 198.0 21.0 26.0
0 1095.5 240.0 25.0 28.0
0 1070.0 269.5 26.0 31.0
0 1129.0 287.5 32.0 41.0
0 1132.0 328.0 42.0 46.0
0 1134.5 247.0 21.0 32.0
0 1143.5 230.5 17.0 21.0
0 1147.5 214.5 17.0 21.0
0 1143.5 192.5 19.0 25.0
