0 181.5 290.0 43.0 42.0
0 278.5 143.5 19.0 21.0
0 319.0 149.0 16.0 20.0
0 335.5 154.0 25.0 24.0
0 343.0 143.0 22.0 22.0
0 335.5 128.0 17.0 18.0
0 377.5 122.0 17.0 20.0
0 388.0 127.5 18.0 19.0
0 392.5 145.0 23.0 24.0
0 422.0 159.5 28.0 29.0
0 423.0 125.5 20.0 21.0
0 412.5 108.5 19.0 21.0
0 402.5 107.5 13.0 23.0
0 449.0 107.0 16.0 20.0
0 460.5 137.0 23.0 28.0
0 479.0 107.0 18.0 18.0
0 498.0 85.5 16.0 17.0
0 508.0 91.0 16.0 14.0
0 521.5 113.5 21.0 21.0
0 512.5 134.5 21.0 21.0
0 571.0 109.5 24.0 23.0
0 551.0 95.5 18.0 21.0
0 534.5 89.0 17.0 22.0
0 520.5 77.5 15.0 19.0
0 585.5 92.5 15.0 21.0
0 600.5 86.0 13.0 16.0
0 615.5 84.0 15.0 18.0
0 603.0 67.0 16.0 16.0
0 621.5 96.0 17.0 20.0
0 626.5 71.5 13.0 17.0
0 645.0 73.5 14.0 15.0
0 653.5 65.0 13.0 14.0
0 656.0 84.0 16.0 20.0
0 672.0 77.0 14.0 16.0
0 688.0 64.0 12.0 20.0
0 709.5 76.0 13.0 14.0
0 555.5 170.0 27.0 30.0
0 582.0 179.5 30.0 33.0
0 590.0 146.0 26.0 34.0
0 665.0 146.0 28.0 32.0
0 671.0 180.5 32.0 31.0
0 667.5 118.0 25.0 26.0
0 705.5 122.5 23.0 23.0
0 715.5 145.0 29.0 32.0
0 750.0 162.0 30.0 32.0
0 755.5 127.0 27.0 24.0
0 741.0 110.0 24.0 26.0
0 736.0 85.0 20.0 24.0
0 702.0 103.0 18.0 22.0
0 754.0 87.5 16.0 21.0
0 768.5 98.5 21.0 23.0
0 788.5 112.0 19.0 26.0
0 784.0 70.0 16.0 18.0
0 792.5 82.0 19.0 20.0
0 809.5 73.5 19.0 21.0
0 816.0 92.5 18.0 23.0
0 832.5 107.0 19.0 24.0
0 827.5 134.0 23.0 28.0
0 819.5 157.0 25.0 32.0
0 902.5 172.0 29.0 36.0
0 911.5 139.5 27.0 31.0
0 892.5 115.5 19.0 23.0
0 853.5 93.5 17.0 21.0
0 843.5 84.0 15.0 18.0
0 899.0 81.0 18.0 20.0
0 902.0 99.5 16.0 19.0
0 920.0 87.0 16.0 22.0
0 947.5 94.0 15.0 22.0
0 949.5 123.0 13.0 22.0
0 973.5 139.5 27.0 25.0
0 998.5 152.5 25.0 37.0
