0 109.5 290.0 53.0 58.0
0 258.0 141.5 22.0 23.0
0 345.0 150.5 14.0 19.0
0 406.5 162.5 23.0 21.0
0 390.0 152.0 16.0 18.0
0 351.0 135.5 14.0 15.0
0 334.0 141.0 14.0 18.0
0 388.5 113.5 15.0 15.0
0 412.0 115.5 14.0 17.0
0 428.0 130.5 22.0 17.0
0 399.0 134.0 14.0 18.0
0 436.5 111.0 15.0 20.0
0 480.0 113.0 12.0 18.0
0 506.0 120.5 16.0 15.0
0 501.0 143.0 20.0 22.0
0 563.0 124.0 22.0 22.0
0 545.5 114.0 13.0 18.0
0 529.5 98.0 15.0 18.0
0 556.5 101.5 15.0 17.0
0 584.5 97.0 15.0 22.0
0 615.0 98.0 18.0 20.0
0 611.0 72.5 14.0 19.0
0 619.0 85.0 16.0 18.0
0 628.5 74.5 13.0 19.0
0 659.0 89.5 14.0 15.0
0 489.5 136.0 19.0 20.0
0 515.0 203.0 28.0 30.0
0 592.0 185.5 26.0 37.0
0 639.0 194.5 30.0 33.0
0 632.5 160.5 25.0 29.0
0 675.0 125.0 18.0 24.0
0 696.0 116.0 16.0 22.0
0 709.5 131.0 21.0 26.0
0 723.0 154.0 22.0 30.0
0 765.0 170.0 24.0 28.0
0 765.5 131.0 19.0 24.0
0 749.0 114.0 20.0 24.0
0 743.0 95.5 14.0 17.0
0 757.0 88.5 12.0 19.0
0 776.5 97.5 17.0 21.0
0 795.5 91.0 15.0 20.0
0 785.5 74.0 15.0 20.0
0 824.0 76.5 14.0 15.0
0 818.0 95.0 18.0 22.0
0 837.5 110.5 19.0 21.0
0 789.5 113.0 15.0 18.0
0 815.0 135.5 22.0 27.0
0 833.0 169.5 26.0 29.0
0 896.0 195.5 26.0 35.0
0 921.5 159.5 23.0 33.0
0 972.5 164.0 19.0 24.0
0 982.5 139.0 19.0 28.0
0 944.5 120.5 17.0 21.0
0 952.0 101.5 16.0 21.0
0 910.0 101.0 16.0 18.0
0 900.0 110.0 16.0 20.0
0 891.0 133.5 18.0 21.0
0 861.5 93.5 17.0 23.0
0 839.5 86.0 15.0 18.0
0 887.5 79.0 15.0 20.0
0 1033.0 199.0 38.0 50.0
