0 207.5 258.5 41.0 43.0
0 362.0 144.0 24.0 20.0
0 395.5 154.5 19.0 27.0
0 434.0 161.5 24.0 23.0
0 368.0 121.0 14.0 14.0
0 416.5 113.5 19.0 15.0
0 404.5 70.5 19.0 17.0
0 471.0 127.5 22.0 23.0
0 514.5 137.0 31.0 22.0
0 544.0 104.0 18.0 20.0
0 498.0 82.5 18.0 19.0
0 535.0 74.5 12.0 15.0
0 551.0 73.0 10.0 16.0
0 576.0 69.5 18.0 17.0
0 604.5 72.5 15.0 21.0
0 659.5 80.0 13.0 10.0
0 575.5 118.5 25.0 21.0
0 624.0 112.0 22.0 20.0
0 605.0 146.5 28.0 23.0
0 672.5 147.5 25.0 29.0
0 682.0 121.0 26.0 22.0
0 702.0 113.5 16.0 19.0
0 704.5 156.0 25.0 24.0
0 759.5 135.0 17.0 26.0
0 774.5 165.0 25.0 30.0
0 804.5 158.5 35.0 33.0
0 867.0 180.5 20.0 31.0
0 894.5 183.5 27.0 31.0
0 914.0 163.0 28.0 22.0
0 967.5 209.0 19.0 32.0
0 984.5 178.5 23.0 27.0
0 984.5 127.0 15.0 22.0
0 939.5 127.0 17.0 18.0
0 885.0 136.0 22.0 24.0
0 893.5 115.0 17.0 18.0
0 877.0 103.5 14.0 19.0
0 778.0 84.0 18.0 18.0
