0 967.5 81.0 9.0 16.0
0 993.5 96.5 9.0 15.0
0 998.0 96.5 12.0 19.0
0 986.0 117.0 14.0 22.0
0 982.0 170.0 20.0 32.0
0 954.0 108.5 12.0 21.0
0 945.0 122.0 18.0 24.0
0 933.0 131.5 18.0 23.0
0 924.0 85.5 12.0 17.0
0 909.0 94.5 14.0 21.0
0 903.0 111.5 16.0 25.0
0 887.0 87.5 14.0 21.0
0 871.0 102.5 16.0 19.0
0 865.5 79.5 11.0 15.0
0 844.0 73.0 10.0 16.0
0 850.5 86.0 11.0 18.0
0 851.5 114.0 17.0 24.0
0 836.0 83.0 12.0 20.0
0 821.0 99.0 16.0 26.0
0 749.0 61.0 12.0 16.0
0 801.0 69.0 14.0 18.0
0 793.0 73.5 14.0 19.0
0 795.5 86.0 15.0 18.0
0 811.5 137.5 21.0 27.0
0 790.0 118.0 14.0 22.0
0 752.0 132.0 20.0 30.0
0 744.0 107.0 16.0 24.0
0 733.0 98.5 16.0 21.0
0 711.5 77.0 13.0 18.0
0 757.5 90.5 15.0 23.0
0 689.0 115.5 20.0 23.0
0 708.0 128.0 20.0 24.0
0 704.0 160.0 22.0 32.0
0 643.5 135.0 19.0 24.0
0 646.5 163.0 23.0 28.0
0 721.5 200.0 27.0 38.0
0 648.0 197.5 26.0 31.0
0 767.5 172.5 23.0 31.0
0 837.0 180.5 26.0 35.0
0 685.0 65.0 10.0 16.0
0 685.0 77.5 12.0 15.0
0 665.0 68.5 12.0 13.0
0 641.5 68.0 11.0 16.0
0 608.0 69.5 10.0 13.0
0 625.0 76.0 10.0 14.0
0 625.0 97.0 14.0 20.0
0 572.0 81.5 12.0 15.0
0 564.0 88.0 14.0 20.0
0 579.0 100.5 16.0 19.0
0 593.0 90.0 14.0 20.0
0 561.5 130.5 19.0 23.0
0 608.0 153.5 22.0 31.0
0 596.0 177.5 24.0 33.0
0 542.0 105.5 16.0 21.0
0 520.0 82.5 10.0 15.0
0 504.5 99.5 13.0 21.0
0 526.0 123.0 16.0 20.0
0 485.5 105.0 13.0 18.0
0 500.0 119.5 16.0 21.0
0 507.0 137.0 20.0 26.0
0 513.5 187.5 21.0 31.0
0 481.5 96.5 13.0 13.0
0 478.5 135.0 17.0 22.0
0 469.5 125.0 15.0 18.0
0 458.0 107.5 12.0 15.0
0 448.0 133.5 16.0 21.0
0 410.0 123.0 12.0 18.0
0 404.0 136.5 16.0 23.0
0 435.5 178.0 19.0 30.0
0 367.5 139.5 15.0 21.0
0 378.5 143.5 15.0 17.0
0 362.5 168.0 17.0 24.0
0 330.5 141.5 13.0 15.0
0 275.0 167.5 14.0 15.0
0 318.5 160.5 17.0 21.0
0 339.5 163.5 17.0 23.0
0 51.0 243.5 30.0 41.0
