0 52.0 221.0 28.0 28.0
0 269.0 162.0 18.0 22.0
0 289.0 166.5 20.0 27.0
0 320.5 153.5 23.0 31.0
0 348.0 129.5 14.0 17.0
0 356.5 133.5 19.0 21.0
0 352.0 157.5 24.0 27.0
0 378.5 140.0 19.0 22.0
0 390.0 120.5 20.0 21.0
0 415.5 133.0 19.0 24.0
0 396.0 161.0 22.0 30.0
0 455.5 158.0 29.0 32.0
0 437.5 118.5 19.0 21.0
0 421.0 110.0 14.0 22.0
0 478.0 117.0 16.0 20.0
0 500.0 146.5 24.0 23.0
0 512.0 123.0 16.0 20.0
0 492.5 99.0 17.0 22.0
0 474.5 98.5 15.0 15.0
0 517.0 97.5 16.0 17.0
0 540.5 112.0 17.0 16.0
0 553.0 127.5 22.0 27.0
0 541.5 97.0 15.0 18.0
0 513.0 87.0 16.0 20.0
0 585.5 97.5 21.0 23.0
0 598.5 89.5 15.0 17.0
0 601.5 73.5 13.0 15.0
0 620.5 101.0 17.0 22.0
0 646.5 79.0 17.0 18.0
0 657.5 86.0 17.0 18.0
0 681.0 72.5 16.0 17.0
0 674.5 87.5 15.0 15.0
0 715.5 71.5 17.0 19.0
0 538.5 179.0 31.0 34.0
0 599.5 177.5 33.0 29.0
0 593.5 148.0 31.0 30.0
0 656.5 183.0 31.0 32.0
0 671.5 149.5 25.0 33.0
0 647.5 131.0 25.0 28.0
0 695.5 132.0 25.0 28.0
0 699.5 108.0 19.0 26.0
0 733.0 113.0 24.0 26.0
0 740.5 91.5 17.0 21.0
0 756.0 89.5 18.0 21.0
0 773.0 96.0 20.0 22.0
0 784.5 71.5 17.0 21.0
0 806.0 100.0 20.0 22.0
0 817.0 83.5 16.0 21.0
0 836.0 92.0 18.0 24.0
0 858.0 98.0 18.0 24.0
0 869.0 91.5 14.0 19.0
0 817.0 123.5 24.0 25.0
0 809.5 135.5 23.0 29.0
0 779.0 119.0 22.0 22.0
0 748.0 135.5 24.0 29.0
0 711.5 151.5 25.0 31.0
0 765.0 173.0 26.0 32.0
0 805.5 197.5 31.0 33.0
0 901.0 198.0 26.0 36.0
0 908.5 165.5 23.0 29.0
0 974.5 164.0 21.0 34.0
0 982.0 143.0 22.0 28.0
0 941.0 123.5 20.0 25.0
0 943.0 102.0 16.0 20.0
0 951.5 95.5 17.0 21.0
0 911.5 97.0 19.0 22.0
0 900.5 119.5 19.0 25.0
0 881.0 144.0 20.0 24.0
