0 144.5 377.5 51.0 49.0
0 263.5 239.0 23.0 26.0
0 301.0 256.0 28.0 32.0
0 343.5 251.0 27.0 28.0
0 374.5 274.0 31.0 30.0
0 332.0 223.0 24.0 26.0
0 407.5 239.0 23.0 26.0
0 415.5 211.5 21.0 21.0
0 451.5 238.5 23.0 25.0
0 489.0 235.0 28.0 28.0
0 481.5 210.0 23.0 22.0
0 478.5 194.0 21.0 20.0
0 462.5 183.5 21.0 25.0
0 506.5 180.5 17.0 21.0
0 540.5 239.0 29.0 30.0
0 554.5 221.0 25.0 26.0
0 540.5 185.5 15.0 21.0
0 549.5 191.5 19.0 21.0
0 551.0 170.5 14.0 21.0
0 602.5 186.5 21.0 23.0
0 619.0 192.5 22.0 21.0
0 603.5 225.5 21.0 23.0
0 667.0 195.5 26.0 29.0
0 657.0 172.0 22.0 20.0
0 667.5 158.0 17.0 18.0
0 680.0 167.0 20.0 22.0
0 686.5 151.5 19.0 21.0
0 693.5 185.0 19.0 20.0
0 720.5 178.5 19.0 23.0
0 723.5 159.0 17.0 20.0
0 730.5 143.5 17.0 19.0
0 749.0 153.0 16.0 20.0
0 765.0 154.5 18.0 19.0
0 761.5 175.5 17.0 23.0
0 799.0 152.5 14.0 19.0
0 812.0 162.5 20.0 21.0
0 802.5 199.5 21.0 27.0
0 837.5 153.5 19.0 21.0
0 847.0 179.0 20.0 26.0
0 635.5 266.5 37.0 37.0
0 553.5 292.5 41.0 45.0
0 629.0 308.5 40.0 45.0
0 705.5 315.0 37.0 46.0
0 764.0 324.0 44.0 48.0
0 695.0 281.0 32.0 32.0
0 718.5 234.5 25.0 35.0
0 758.0 216.0 30.0 36.0
0 788.5 256.5 33.0 31.0
0 766.5 252.5 27.0 31.0
0 828.5 259.0 27.0 32.0
0 817.5 226.0 23.0 28.0
0 854.5 210.5 21.0 27.0
0 879.5 174.5 19.0 21.0
0 896.0 177.0 20.0 26.0
0 916.5 182.5 19.0 19.0
0 925.0 197.0 20.0 24.0
0 935.0 186.5 18.0 23.0
0 919.5 159.5 17.0 25.0
0 939.5 169.5 19.0 21.0
0 974.0 170.0 22.0 22.0
0 986.5 211.5 21.0 27.0
0 986.5 239.0 23.0 28.0
0 973.0 252.5 24.0 39.0
0 929.5 309.5 35.0 39.0
0 863.0 285.0 34.0 38.0
0 834.5 383.5 51.0 57.0
0 988.5 361.5 41.0 53.0
0 1024.0 319.5 42.0 47.0
0 1102.0 339.5 48.0 47.0
0 1035.5 262.0 31.0 42.0
0 1023.0 232.5 22.0 27.0
0 1047.0 234.0 24.0 30.0
0 1069.0 236.0 20.0 32.0
0 1093.5 238.0 21.0 30.0
0 1119.0 256.5 24.0 35.0
0 1115.5 222.0 21.0 26.0
0 1123.0 214.0 16.0 20.0
0 1128.0 199.0 20.0 20.0
0 1075.0 193.0 18.0 24.0
0 1025.0 199.0 20.0 26.0
0 1013.0 177.5 18.0 23.0
0 1039.0 192.0 16.0 24.0
0 1058.0 183.5 18.0 25.0
