0 224.0 244.0 40.0 52.0
0 273.0 162.0 22.0 24.0
0 311.0 163.5 24.0 25.0
0 292.0 162.0 16.0 16.0
0 337.5 142.0 19.0 22.0
0 366.0 150.0 22.0 22.0
0 375.0 141.0 16.0 22.0
0 372.5 123.0 15.0 18.0
0 394.0 148.0 20.0 26.0
0 411.5 163.5 25.0 27.0
0 432.0 171.5 28.0 31.0
0 395.5 108.5 15.0 19.0
0 410.5 113.5 17.0 23.0
0 430.5 131.0 19.0 22.0
0 456.0 111.0 16.0 24.0
0 471.0 113.5 22.0 25.0
0 495.0 147.0 26.0 34.0
0 514.5 121.5 19.0 21.0
0 506.5 100.5 17.0 15.0
0 492.0 88.0 16.0 14.0
0 519.0 79.0 16.0 16.0
0 553.5 100.5 17.0 19.0
0 538.5 120.5 23.0 23.0
0 564.5 122.5 23.0 25.0
0 593.5 95.5 17.0 25.0
0 622.5 100.0 19.0 20.0
0 606.5 93.5 17.0 19.0
0 610.5 76.5 15.0 21.0
0 651.0 89.5 16.0 17.0
0 653.5 75.0 13.0 14.0
0 655.0 66.0 12.0 12.0
0 630.0 77.0 14.0 18.0
0 684.5 80.0 19.0 18.0
0 692.5 70.5 13.0 13.0
0 726.5 73.5 19.0 19.0
0 615.0 129.5 28.0 27.0
0 540.0 176.0 28.0 34.0
0 601.0 171.0 34.0 38.0
0 659.0 185.0 30.0 36.0
0 647.0 171.5 24.0 27.0
0 667.5 128.5 31.0 29.0
0 707.0 108.0 22.0 22.0
0 712.5 132.0 25.0 26.0
0 712.0 165.5 30.0 37.0
0 746.0 135.5 24.0 31.0
0 752.0 110.0 22.0 26.0
0 756.5 90.5 19.0 19.0
0 767.0 161.0 34.0 38.0
0 803.5 192.5 31.0 35.0
0 808.5 145.0 27.0 36.0
0 902.0 177.5 30.0 39.0
0 773.5 108.5 19.0 23.0
0 801.5 117.5 19.0 21.0
0 797.5 100.5 17.0 17.0
0 818.0 94.0 16.0 22.0
0 806.0 78.5 14.0 19.0
0 835.5 95.0 17.0 20.0
0 852.0 96.5 22.0 23.0
0 827.5 117.0 27.0 28.0
0 883.0 125.5 24.0 23.0
0 898.5 114.5 17.0 19.0
0 901.5 103.0 15.0 16.0
0 890.5 89.0 13.0 16.0
0 961.0 166.5 28.0 33.0
0 903.0 158.5 24.0 25.0
0 946.0 117.0 22.0 22.0
0 944.5 99.0 15.0 14.0
0 955.5 94.5 13.0 21.0
