0 208.5 294.0 47.0 56.0
0 319.0 153.0 16.0 24.0
0 355.5 172.0 21.0 28.0
0 373.0 157.5 18.0 23.0
0 409.5 123.0 17.0 18.0
0 453.0 131.5 16.0 21.0
0 476.0 135.0 18.0 20.0
0 459.0 106.5 14.0 19.0
0 477.0 116.0 16.0 18.0
0 507.5 123.5 17.0 19.0
0 482.5 94.0 15.0 12.0
0 511.5 195.0 25.0 26.0
0 595.5 142.0 25.0 26.0
0 591.5 183.0 25.0 34.0
0 650.5 181.0 33.0 40.0
0 650.5 151.0 25.0 28.0
0 663.0 130.0 20.0 26.0
0 707.0 158.5 22.0 27.0
0 715.5 126.5 23.0 27.0
0 768.5 172.0 27.0 28.0
0 831.5 187.5 23.0 33.0
0 736.0 98.0 16.0 20.0
0 752.0 113.0 16.0 20.0
0 762.0 86.0 16.0 18.0
0 742.5 60.5 13.0 17.0
0 783.0 69.5 16.0 19.0
0 802.5 72.0 13.0 14.0
0 804.5 91.0 15.0 18.0
0 797.0 115.5 18.0 23.0
0 857.0 107.5 16.0 23.0
0 881.0 74.0 14.0 24.0
0 911.5 111.5 17.0 23.0
0 934.0 140.5 18.0 27.0
0 954.0 118.0 14.0 18.0
0 990.5 113.5 17.0 27.0
0 992.0 73.5 14.0 19.0
0 460.5 172.0 27.0 32.0
0 651.0 62.5 10.0 15.0
0 660.5 69.5 11.0 13.0
0 619.0 96.5 12.0 15.0
0 533.5 102.5 15.0 19.0
0 575.5 80.0 13.0 18.0
0 570.5 89.0 17.0 20.0
0 596.5 94.0 15.0 14.0
0 600.5 73.5 11.0 15.0
0 870.0 78.0 12.0 18.0
