0 39.0 236.0 36.0 40.0
0 273.0 163.0 20.0 20.0
0 292.0 157.0 20.0 24.0
0 315.0 153.5 20.0 25.0
0 343.0 155.5 18.0 21.0
0 363.0 160.5 20.0 23.0
0 330.5 135.0 17.0 18.0
0 362.5 135.5 21.0 21.0
0 373.5 137.5 19.0 19.0
0 395.5 133.5 21.0 21.0
0 405.5 121.5 19.0 17.0
0 442.5 129.0 19.0 18.0
0 430.0 168.5 26.0 31.0
0 474.5 131.0 17.0 22.0
0 502.0 134.0 24.0 26.0
0 496.0 116.0 20.0 20.0
0 478.5 102.0 17.0 18.0
0 451.0 97.5 18.0 19.0
0 503.5 101.5 19.0 21.0
0 504.5 87.0 13.0 16.0
0 517.5 77.0 15.0 18.0
0 528.5 115.5 19.0 19.0
0 539.0 98.0 16.0 20.0
0 565.0 119.5 20.0 25.0
0 561.0 81.0 20.0 22.0
0 577.5 91.5 21.0 23.0
0 593.5 64.5 17.0 17.0
0 589.0 81.5 16.0 19.0
0 619.0 91.5 22.0 23.0
0 620.0 71.5 16.0 13.0
0 645.5 91.0 17.0 20.0
0 645.0 71.0 14.0 12.0
0 659.0 62.5 12.0 13.0
0 678.5 71.5 13.0 15.0
0 680.5 58.0 13.0 16.0
0 708.0 72.0 12.0 14.0
0 745.5 57.0 11.0 18.0
0 728.5 88.5 15.0 21.0
0 755.5 85.5 15.0 17.0
0 744.0 104.0 20.0 26.0
0 748.5 128.5 21.0 31.0
0 700.0 147.5 26.0 33.0
0 705.0 122.5 18.0 23.0
0 694.0 110.0 14.0 22.0
0 642.5 117.5 21.0 25.0
0 645.5 148.5 25.0 31.0
0 604.5 148.0 27.0 32.0
0 591.5 172.0 29.0 34.0
0 512.5 178.0 29.0 32.0
0 641.0 197.0 36.0 38.0
0 713.0 199.0 30.0 40.0
0 759.5 174.0 27.0 36.0
0 807.5 136.0 27.0 34.0
0 831.0 171.0 30.0 38.0
0 787.0 111.0 22.0 22.0
0 775.5 90.5 17.0 23.0
0 778.5 71.5 19.0 21.0
0 790.0 85.5 20.0 23.0
0 799.0 60.5 18.0 19.0
0 816.5 93.0 21.0 24.0
0 820.5 77.5 17.0 23.0
0 841.5 69.0 13.0 18.0
0 847.5 81.0 15.0 18.0
0 851.5 103.0 21.0 28.0
0 868.5 96.5 17.0 23.0
0 862.5 74.0 15.0 22.0
0 883.0 80.5 14.0 19.0
0 898.0 109.5 18.0 23.0
0 904.0 89.5 16.0 23.0
0 918.0 89.0 16.0 20.0
0 924.0 78.0 14.0 18.0
0 928.0 129.0 20.0 24.0
0 940.0 114.5 20.0 25.0
0 949.5 102.5 15.0 21.0
0 964.5 78.0 17.0 18.0
0 979.5 167.0 25.0 32.0
0 977.5 111.5 23.0 31.0
0 989.0 90.5 16.0 23.0
