0 119.0 329.0 64.0 74.0
0 253.0 169.5 28.0 31.0
0 282.5 164.0 29.0 32.0
0 342.5 132.5 23.0 29.0
0 350.5 148.0 25.0 28.0
0 382.5 119.5 27.0 29.0
0 406.5 123.5 25.0 29.0
0 429.0 129.0 24.0 28.0
0 457.5 146.5 29.0 31.0
0 452.5 111.0 23.0 24.0
0 481.5 106.5 23.0 23.0
0 488.5 132.0 25.0 30.0
0 538.0 174.0 32.0 36.0
0 534.0 112.5 22.0 25.0
0 548.0 87.0 20.0 20.0
0 566.5 90.0 17.0 18.0
0 591.5 95.5 21.0 29.0
0 591.0 138.0 28.0 32.0
0 611.5 124.0 21.0 28.0
0 653.0 131.0 24.0 24.0
0 645.5 95.0 25.0 26.0
0 615.0 84.0 22.0 26.0
0 656.0 87.5 22.0 23.0
0 690.0 84.5 20.0 21.0
0 687.0 72.5 18.0 19.0
0 715.5 73.5 21.0 23.0
0 722.0 91.0 20.0 22.0
0 717.5 111.5 25.0 27.0
0 753.5 108.5 21.0 25.0
0 765.0 97.5 24.0 21.0
0 755.0 85.5 18.0 19.0
0 745.5 67.0 19.0 18.0
0 788.0 65.5 16.0 21.0
0 816.5 82.5 19.0 17.0
0 816.0 69.5 16.0 25.0
0 822.0 102.5 22.0 23.0
0 853.5 85.5 21.0 25.0
0 861.5 77.0 21.0 22.0
0 893.0 84.0 22.0 26.0
0 860.0 122.0 24.0 28.0
0 829.5 133.5 27.0 31.0
0 775.5 171.0 33.0 40.0
0 715.0 187.5 34.0 39.0
0 758.5 207.5 39.0 45.0
0 815.5 236.5 39.0 45.0
0 902.0 228.0 34.0 42.0
0 890.0 143.5 24.0 33.0
0 929.0 128.5 24.0 31.0
0 936.5 165.5 33.0 37.0
0 1001.0 176.5 28.0 37.0
0 987.5 146.5 25.0 29.0
0 969.5 123.0 29.0 30.0
0 952.0 103.0 22.0 24.0
0 1006.5 105.5 25.0 27.0
0 1017.0 127.5 20.0 27.0
0 1036.0 120.0 18.0 24.0
0 1072.5 128.0 17.0 20.0
0 1089.5 130.0 17.0 26.0
0 1109.5 156.5 25.0 29.0
0 1129.0 132.5 18.0 29.0
0 1068.5 192.5 25.0 35.0
0 1079.5 179.0 19.0 30.0
0 1098.0 229.0 32.0 40.0
0 990.5 263.5 41.0 57.0
0 1070.0 308.0 40.0 48.0
0 1153.0 188.5 22.0 31.0
0 1162.5 153.5 21.0 29.0
0 1191.0 147.0 22.0 24.0
0 1227.0 147.0 18.0 22.0
0 1215.0 208.5 20.0 33.0
0 1214.0 186.0 16.0 22.0
0 1180.0 217.0 30.0 40.0
0 1178.0 257.5 30.0 43.0
