0 938.0 99.0 12.0 18.0
0 931.5 120.0 13.0 20.0
0 925.0 131.0 14.0 22.0
0 922.5 139.0 15.0 22.0
0 918.0 157.0 20.0 28.0
0 881.0 128.5 16.0 21.0
0 884.5 115.5 17.0 23.0
0 898.0 105.0 12.0 20.0
0 902.5 96.0 9.0 18.0
0 910.0 96.0 8.0 16.0
0 897.0 186.0 18.0 36.0
0 849.0 164.0 20.0 24.0
0 871.5 87.0 13.0 20.0
0 869.0 94.5 12.0 19.0
0 860.5 100.5 13.0 19.0
0 848.0 109.0 14.0 24.0
0 836.5 119.0 15.0 22.0
0 836.5 89.5 11.0 17.0
0 823.5 100.5 13.0 19.0
0 786.0 116.0 16.0 22.0
0 796.5 99.0 13.0 18.0
0 806.5 114.0 15.0 20.0
0 801.5 157.0 21.0 28.0
0 808.5 148.0 15.0 22.0
0 831.5 199.5 27.0 37.0
0 743.5 189.5 29.0 39.0
0 751.0 71.0 12.0 16.0
0 750.0 83.5 14.0 19.0
0 765.5 69.5 9.0 15.0
0 778.5 76.5 11.0 15.0
0 770.5 101.5 13.0 19.0
0 738.0 100.0 12.0 18.0
0 712.5 125.0 19.0 22.0
0 697.5 113.5 13.0 23.0
0 705.0 93.5 14.0 21.0
0 719.0 79.5 14.0 19.0
0 694.0 70.0 10.0 16.0
0 703.5 70.5 9.0 13.0
0 670.0 68.0 8.0 12.0
0 674.0 99.5 16.0 23.0
0 639.5 113.0 17.0 24.0
0 661.5 119.5 17.0 27.0
0 667.5 143.5 17.0 25.0
0 655.0 58.5 8.0 13.0
0 629.0 58.5 8.0 13.0
0 607.5 59.5 9.0 11.0
0 635.5 80.5 11.0 15.0
0 649.0 87.0 12.0 14.0
0 624.0 78.5 12.0 17.0
0 649.0 73.0 10.0 12.0
0 622.5 67.5 11.0 13.0
0 589.0 68.0 8.0 14.0
0 602.0 79.0 14.0 18.0
0 574.0 77.5 12.0 17.0
0 573.5 101.5 15.0 21.0
0 557.0 97.0 12.0 18.0
0 587.5 136.0 19.0 28.0
0 618.5 136.5 19.0 27.0
0 620.5 163.0 29.0 36.0
0 676.5 188.0 29.0 38.0
0 581.0 156.5 24.0 31.0
0 523.0 160.0 22.0 30.0
0 534.0 102.5 16.0 19.0
0 532.0 87.0 14.0 18.0
0 508.5 72.5 11.0 13.0
0 486.5 80.0 11.0 14.0
0 503.5 85.0 13.0 18.0
0 459.0 77.5 12.0 17.0
0 438.5 83.5 9.0 15.0
0 465.5 85.0 13.0 16.0
0 420.0 101.5 12.0 17.0
0 407.0 116.5 16.0 23.0
0 446.5 100.5 13.0 21.0
0 475.0 108.5 16.0 23.0
0 446.0 117.5 16.0 23.0
0 475.0 134.0 22.0 22.0
0 139.5 224.0 41.0 48.0
0 322.0 110.5 14.0 17.0
0 352.0 110.5 12.0 19.0
0 314.0 131.5 14.0 19.0
