0 54.5 147.0 25.0 26.0
0 268.5 111.0 17.0 18.0
0 292.0 112.5 14.0 17.0
0 302.5 114.0 15.0 24.0
0 326.5 115.5 15.0 23.0
0 327.5 89.0 13.0 22.0
0 341.5 99.5 17.0 21.0
0 356.5 88.5 15.0 19.0
0 373.5 106.5 17.0 21.0
0 357.0 119.5 18.0 27.0
0 381.5 121.0 17.0 24.0
0 402.5 125.5 15.0 25.0
0 397.5 93.0 15.0 18.0
0 392.0 81.5 12.0 17.0
0 402.5 78.0 11.0 14.0
0 415.5 83.0 13.0 16.0
0 422.5 113.5 19.0 27.0
0 429.5 96.5 13.0 21.0
0 451.5 98.5 19.0 19.0
0 465.0 83.5 16.0 17.0
0 459.5 75.0 11.0 16.0
0 472.5 61.0 9.0 14.0
0 489.0 73.0 12.0 18.0
0 487.0 92.0 16.0 20.0
0 505.0 85.5 18.0 15.0
0 498.0 63.5 12.0 13.0
0 523.0 62.5 16.0 13.0
0 523.0 83.0 18.0 18.0
0 544.5 74.5 17.0 15.0
0 530.0 94.5 20.0 21.0
0 566.0 81.5 16.0 19.0
0 565.0 54.0 14.0 12.0
0 588.0 52.0 8.0 12.0
0 592.5 69.5 13.0 17.0
0 610.0 76.5 14.0 17.0
0 617.5 73.0 13.0 16.0
0 624.5 55.5 13.0 15.0
0 647.5 58.5 11.0 17.0
0 658.5 54.5 11.0 15.0
0 678.0 54.5 12.0 15.0
0 608.0 98.0 14.0 20.0
0 559.0 117.0 20.0 28.0
0 586.0 128.0 24.0 30.0
0 627.5 101.5 17.0 23.0
0 683.0 91.5 16.0 21.0
0 698.5 73.0 13.0 16.0
0 656.5 116.0 19.0 20.0
0 664.5 135.5 19.0 27.0
0 678.5 180.5 31.0 33.0
0 723.0 198.5 28.0 37.0
0 702.5 118.5 15.0 25.0
0 699.5 94.5 15.0 19.0
0 720.5 100.5 17.0 21.0
0 717.0 69.0 12.0 18.0
0 731.5 65.5 13.0 19.0
0 725.5 125.0 19.0 24.0
0 761.5 156.0 19.0 30.0
0 788.0 132.0 20.0 26.0
0 754.5 105.5 19.0 21.0
0 764.0 84.0 12.0 16.0
0 749.5 70.5 13.0 17.0
0 762.5 69.0 11.0 14.0
0 796.0 70.5 10.0 15.0
0 815.0 74.5 10.0 15.0
0 806.0 77.5 14.0 15.0
0 787.5 91.5 17.0 19.0
0 801.5 114.5 15.0 21.0
0 814.5 109.5 15.0 21.0
0 824.0 89.5 12.0 21.0
0 847.5 124.5 17.0 23.0
0 855.5 114.0 11.0 18.0
0 861.5 94.0 13.0 18.0
0 867.5 80.5 15.0 21.0
0 899.5 95.5 15.0 17.0
0 890.5 105.0 15.0 20.0
0 889.0 116.5 16.0 19.0
0 888.5 139.5 17.0 21.0
0 865.0 177.0 22.0 34.0
