0 167.0 394.0 50.0 58.0
0 284.0 241.5 22.0 25.0
0 322.0 242.5 24.0 29.0
0 348.0 267.0 26.0 28.0
0 405.5 264.0 27.0 32.0
0 357.5 217.0 25.0 24.0
0 431.0 233.0 22.0 24.0
0 435.0 210.0 18.0 22.0
0 477.0 240.5 24.0 29.0
0 502.0 236.0 24.0 22.0
0 500.5 212.0 21.0 20.0
0 485.5 182.0 21.0 24.0
0 522.5 185.0 17.0 18.0
0 538.0 196.0 20.0 24.0
0 539.0 220.0 26.0 26.0
0 549.0 241.5 28.0 29.0
0 617.5 228.0 25.0 26.0
0 580.5 218.5 25.0 29.0
0 570.0 173.0 20.0 22.0
0 584.0 189.0 20.0 24.0
0 620.0 184.0 22.0 24.0
0 637.5 195.5 19.0 23.0
0 637.5 174.5 21.0 19.0
0 664.5 178.0 19.0 24.0
0 681.0 202.0 22.0 24.0
0 706.5 185.0 17.0 22.0
0 702.5 166.0 15.0 18.0
0 695.5 157.0 15.0 16.0
0 717.0 168.5 14.0 19.0
0 732.5 179.5 19.0 21.0
0 739.5 158.0 15.0 18.0
0 744.5 148.0 17.0 18.0
0 770.5 153.0 17.0 20.0
0 783.0 161.5 14.0 21.0
0 788.0 174.0 18.0 20.0
0 820.0 164.0 20.0 20.0
0 822.5 148.0 15.0 16.0
0 838.5 160.0 15.0 20.0
0 660.5 248.0 29.0 34.0
0 590.0 287.5 36.0 43.0
0 665.5 292.0 37.0 40.0
0 718.5 317.5 39.0 47.0
0 736.5 271.0 35.0 36.0
0 736.5 233.5 29.0 27.0
0 784.0 213.0 26.0 30.0
0 819.5 200.0 21.0 24.0
0 852.0 215.0 22.0 28.0
0 865.0 212.0 20.0 26.0
0 811.5 263.0 33.0 40.0
0 843.0 254.5 28.0 39.0
0 779.5 330.0 39.0 48.0
0 882.0 283.5 34.0 39.0
0 856.0 382.5 44.0 47.0
0 964.0 303.0 32.0 44.0
0 1014.5 355.0 45.0 52.0
0 1033.0 326.5 34.0 39.0
0 866.0 178.5 16.0 21.0
0 894.5 181.0 21.0 24.0
0 899.0 170.5 18.0 21.0
0 916.0 165.5 14.0 21.0
0 940.0 197.5 18.0 23.0
0 934.0 189.0 16.0 16.0
0 963.0 191.5 20.0 21.0
0 955.5 169.0 19.0 20.0
0 991.5 176.5 19.0 19.0
0 997.0 215.0 22.0 30.0
0 993.5 254.0 29.0 32.0
0 1034.5 222.5 21.0 27.0
0 1030.0 184.5 18.0 23.0
0 1045.0 194.5 18.0 25.0
0 1073.0 180.0 18.0 20.0
0 1092.5 195.5 17.0 23.0
0 1079.0 223.5 18.0 23.0
0 1066.0 250.0 26.0 32.0
0 1051.0 267.5 26.0 33.0
0 1123.5 326.0 37.0 42.0
0 1114.5 275.5 31.0 39.0
0 1140.0 251.5 22.0 29.0
0 1139.5 234.0 27.0 34.0
0 1115.0 217.0 20.0 22.0
0 1148.0 195.5 16.0 19.0
