0 84.5 326.0 65.0 76.0
0 218.0 145.0 26.0 26.0
0 256.0 159.0 32.0 30.0
0 308.5 131.0 23.0 26.0
0 356.5 131.5 23.0 27.0
0 379.0 127.0 26.0 28.0
0 359.5 115.5 27.0 29.0
0 406.5 117.0 23.0 26.0
0 425.5 107.5 21.0 25.0
0 431.5 148.5 29.0 35.0
0 458.5 101.0 25.0 22.0
0 468.0 125.0 22.0 22.0
0 507.5 102.5 21.0 25.0
0 535.0 86.5 20.0 25.0
0 557.0 136.0 24.0 30.0
0 513.0 173.5 34.0 35.0
0 580.0 86.5 24.0 27.0
0 587.5 77.5 21.0 21.0
0 620.0 91.0 22.0 28.0
0 631.5 81.5 23.0 25.0
0 593.5 109.0 25.0 28.0
0 663.5 117.5 23.0 27.0
0 663.0 69.5 18.0 25.0
0 669.5 84.0 21.0 24.0
0 696.0 71.0 20.0 22.0
0 697.5 90.5 23.0 27.0
0 686.0 107.0 20.0 24.0
0 712.5 58.5 19.0 23.0
0 730.0 82.5 20.0 23.0
0 734.0 94.0 18.0 26.0
0 749.0 104.5 22.0 25.0
0 760.0 64.5 22.0 23.0
0 787.5 77.0 19.0 26.0
0 806.0 71.5 18.0 27.0
0 836.5 69.5 19.0 23.0
0 859.0 82.5 16.0 23.0
0 829.0 87.0 22.0 26.0
0 843.0 110.0 24.0 28.0
0 793.0 99.0 20.0 26.0
0 807.0 124.0 22.0 34.0
0 741.0 156.0 36.0 34.0
0 689.5 183.5 31.0 35.0
0 738.0 207.5 32.0 35.0
0 806.0 224.0 38.0 38.0
0 879.0 220.5 32.0 39.0
0 868.0 152.5 32.0 35.0
0 895.5 122.0 23.0 26.0
0 884.0 117.5 22.0 25.0
0 911.5 104.0 21.0 24.0
0 943.5 113.0 21.0 24.0
0 983.0 102.0 22.0 24.0
0 989.5 120.0 21.0 26.0
0 1004.5 116.5 19.0 29.0
0 1054.0 124.0 20.0 26.0
0 1097.0 125.0 20.0 28.0
0 1094.0 142.5 20.0 25.0
0 1128.0 146.5 20.0 25.0
0 1157.0 132.0 18.0 24.0
0 1197.5 142.0 17.0 24.0
0 1189.0 186.0 22.0 24.0
0 1188.5 166.5 15.0 23.0
0 1187.0 209.0 22.0 34.0
0 1153.5 214.5 23.0 35.0
0 1130.0 185.0 22.0 30.0
0 1061.0 172.5 26.0 29.0
0 957.5 141.5 29.0 31.0
0 987.0 166.0 28.0 34.0
0 1051.5 211.5 27.0 37.0
0 1071.5 227.5 29.0 43.0
0 1165.0 270.5 26.0 41.0
0 1057.0 279.0 38.0 52.0
0 946.5 261.0 39.0 54.0
0 912.0 162.5 30.0 29.0
