0 139.5 389.5 53.0 59.0
0 255.5 234.5 25.0 27.0
0 290.5 238.5 27.0 29.0
0 317.5 265.5 27.0 33.0
0 325.5 216.5 29.0 31.0
0 380.5 257.5 35.0 41.0
0 405.0 230.5 28.0 33.0
0 403.5 208.5 23.0 23.0
0 444.0 236.0 24.0 28.0
0 474.0 231.5 28.0 27.0
0 469.0 207.5 26.0 23.0
0 451.0 183.0 20.0 22.0
0 519.0 237.5 30.0 35.0
0 501.5 219.0 23.0 26.0
0 492.5 180.5 17.0 21.0
0 516.5 187.5 21.0 23.0
0 551.5 215.0 23.0 28.0
0 548.5 185.5 19.0 21.0
0 541.5 167.0 21.0 20.0
0 589.0 182.0 20.0 22.0
0 609.0 193.5 18.0 23.0
0 609.0 172.5 16.0 19.0
0 633.5 172.0 23.0 24.0
0 652.0 195.5 20.0 23.0
0 679.5 180.0 21.0 22.0
0 673.0 162.0 16.0 16.0
0 667.5 153.5 15.0 19.0
0 711.0 154.5 18.0 19.0
0 691.5 164.5 11.0 19.0
0 706.5 176.0 17.0 20.0
0 718.5 144.5 13.0 17.0
0 738.5 149.0 17.0 22.0
0 754.0 156.5 18.0 19.0
0 756.0 167.5 20.0 23.0
0 792.0 161.0 16.0 20.0
0 809.0 158.0 18.0 18.0
0 791.0 143.5 18.0 21.0
0 560.0 285.0 36.0 44.0
0 629.5 244.0 31.0 34.0
0 587.5 230.0 25.0 30.0
0 638.5 285.0 39.0 38.0
0 690.5 312.0 43.0 48.0
0 709.5 269.0 41.0 44.0
0 704.0 230.0 28.0 30.0
0 754.0 324.5 46.0 57.0
0 783.5 256.5 33.0 31.0
0 764.0 241.5 24.0 37.0
0 749.5 211.5 27.0 33.0
0 787.5 196.0 25.0 30.0
0 821.0 211.0 26.0 32.0
0 834.0 209.5 24.0 31.0
0 834.5 176.5 23.0 25.0
0 865.0 176.5 20.0 25.0
0 886.0 162.0 16.0 24.0
0 907.5 193.5 19.0 27.0
0 927.5 187.0 23.0 26.0
0 924.5 167.5 17.0 25.0
0 903.0 182.0 20.0 24.0
0 961.0 168.5 20.0 29.0
0 968.0 211.5 24.0 29.0
0 962.5 200.5 21.0 21.0
0 962.5 249.5 31.0 39.0
0 934.0 304.0 34.0 44.0
0 849.0 282.0 40.0 40.0
0 816.0 257.0 32.0 36.0
0 987.5 360.5 45.0 57.0
0 826.5 378.0 47.0 50.0
0 1023.0 270.5 30.0 37.0
0 1002.5 323.0 39.0 46.0
0 1096.0 325.0 42.0 50.0
0 1085.5 274.0 29.0 38.0
0 1106.0 249.0 22.0 30.0
0 1115.0 230.0 24.0 28.0
0 1116.5 193.5 21.0 25.0
0 1088.0 215.5 20.0 25.0
0 1048.5 221.0 23.0 30.0
0 1006.0 219.0 24.0 26.0
0 1015.0 190.0 20.0 26.0
0 1000.5 179.5 19.0 23.0
0 1031.0 178.5 18.0 25.0
0 1060.5 191.5 17.0 27.0
