0 211.5 212.0 47.0 56.0
0 303.0 152.5 26.0 27.0
0 335.5 131.0 15.0 16.0
0 336.0 160.0 18.0 20.0
0 359.5 162.0 21.0 22.0
0 368.0 133.0 20.0 20.0
0 395.5 126.0 15.0 20.0
0 403.0 138.0 22.0 18.0
0 415.5 119.5 23.0 27.0
0 458.5 170.5 25.0 33.0
0 451.0 129.5 22.0 25.0
0 453.0 104.0 18.0 18.0
0 469.0 117.5 20.0 21.0
0 489.5 130.0 19.0 22.0
0 492.5 114.0 19.0 20.0
0 478.5 103.5 19.0 17.0
0 479.5 88.5 17.0 15.0
0 503.0 92.5 16.0 21.0
0 527.5 114.5 21.0 21.0
0 536.0 105.5 18.0 17.0
0 518.5 78.0 15.0 16.0
0 558.0 85.0 20.0 20.0
0 586.0 96.5 18.0 21.0
0 581.0 116.5 22.0 25.0
0 610.5 99.5 17.0 23.0
0 591.0 73.5 14.0 19.0
0 620.0 71.5 16.0 15.0
0 617.5 83.0 17.0 14.0
0 629.5 60.5 17.0 15.0
0 646.5 70.0 13.0 16.0
0 657.0 59.5 14.0 15.0
0 661.0 84.0 18.0 20.0
0 678.0 66.5 14.0 17.0
0 691.5 60.5 17.0 19.0
0 710.0 72.0 18.0 18.0
0 736.5 59.0 17.0 20.0
0 699.0 97.5 24.0 27.0
0 708.0 120.0 22.0 32.0
0 645.0 126.0 28.0 28.0
0 649.0 152.5 32.0 33.0
0 598.0 149.5 28.0 29.0
0 582.0 184.5 36.0 39.0
0 525.0 179.5 30.0 31.0
0 725.0 197.5 34.0 39.0
0 649.5 203.0 41.0 42.0
0 707.5 151.0 21.0 30.0
0 754.5 133.5 25.0 29.0
0 764.0 170.0 32.0 40.0
0 820.0 171.5 28.0 33.0
0 741.5 108.0 19.0 24.0
0 740.5 86.5 19.0 23.0
0 757.5 80.5 19.0 27.0
0 781.5 77.0 17.0 20.0
0 796.5 86.5 15.0 21.0
0 783.5 97.5 19.0 23.0
0 796.5 113.0 19.0 28.0
0 808.5 107.5 15.0 23.0
0 815.5 79.5 17.0 19.0
0 802.5 63.0 17.0 16.0
0 853.5 106.5 23.0 25.0
0 863.5 76.5 13.0 19.0
0 856.0 85.5 14.0 13.0
0 885.5 82.5 17.0 23.0
0 878.5 101.5 17.0 23.0
0 901.0 112.5 18.0 29.0
0 922.0 99.5 20.0 23.0
0 924.0 81.5 16.0 17.0
0 937.0 111.0 22.0 28.0
0 928.0 136.5 24.0 31.0
0 976.0 168.0 26.0 36.0
0 982.0 111.5 20.0 25.0
0 954.5 100.5 15.0 21.0
0 959.0 79.0 16.0 18.0
0 985.0 89.5 16.0 19.0
