0 86.5 364.5 61.0 71.0
0 332.5 151.5 27.0 25.0
0 399.0 141.5 22.0 23.0
0 403.0 124.5 24.0 27.0
0 433.5 136.5 23.0 31.0
0 456.5 128.5 25.0 25.0
0 471.0 116.0 20.0 24.0
0 525.5 108.5 23.0 29.0
0 508.5 141.0 21.0 26.0
0 467.5 160.5 33.0 33.0
0 557.0 182.0 30.0 32.0
0 550.0 120.5 24.0 29.0
0 579.5 102.0 23.0 22.0
0 600.5 89.0 19.0 18.0
0 609.0 99.5 22.0 23.0
0 635.0 90.0 18.0 18.0
0 631.0 124.5 22.0 25.0
0 606.0 139.5 24.0 27.0
0 672.5 131.0 23.0 24.0
0 677.5 95.5 25.0 25.0
0 706.0 95.5 20.0 23.0
0 708.5 77.5 21.0 21.0
0 733.0 84.0 24.0 22.0
0 756.5 77.0 21.0 20.0
0 771.5 105.0 15.0 22.0
0 753.0 117.0 20.0 24.0
0 783.0 116.5 20.0 25.0
0 782.5 92.5 25.0 23.0
0 802.5 74.0 19.0 26.0
0 823.5 80.5 15.0 23.0
0 825.0 110.0 16.0 22.0
0 827.0 151.0 24.0 36.0
0 776.5 170.5 33.0 29.0
0 715.5 207.5 29.0 41.0
0 766.5 221.0 31.0 38.0
0 836.0 239.0 34.0 38.0
0 847.5 82.5 17.0 23.0
0 866.0 92.5 22.0 23.0
0 905.5 91.5 19.0 25.0
0 902.0 126.0 22.0 22.0
0 904.5 160.0 23.0 36.0
0 935.0 119.0 24.0 26.0
0 960.5 116.5 21.0 25.0
0 985.5 101.5 19.0 21.0
0 985.0 123.5 20.0 27.0
0 941.0 141.0 26.0 30.0
0 967.5 168.0 23.0 30.0
0 912.0 247.5 34.0 43.0
0 1020.5 116.5 23.0 25.0
0 1050.5 128.5 19.0 25.0
0 1029.5 141.5 21.0 29.0
0 1009.0 152.5 24.0 33.0
0 1031.5 178.5 27.0 37.0
0 1010.5 270.5 35.0 51.0
0 1079.5 311.0 35.0 48.0
0 1093.0 215.5 26.0 35.0
0 1125.5 245.5 29.0 41.0
0 1102.0 136.0 18.0 26.0
0 1096.0 146.5 20.0 25.0
0 1122.5 170.5 21.0 31.0
0 1143.5 146.0 17.0 24.0
0 1147.0 134.0 20.0 26.0
0 1192.5 140.0 17.0 24.0
0 1181.5 158.5 19.0 25.0
0 1164.5 202.0 23.0 38.0
0 1191.0 227.5 26.0 41.0
0 1235.5 153.5 15.0 19.0
0 1230.5 175.0 15.0 24.0
0 1231.5 192.5 17.0 25.0
0 1234.0 217.5 18.0 31.0
0 1202.5 277.5 25.0 43.0
