0 138.0 363.5 56.0 59.0
0 254.5 231.5 23.0 27.0
0 290.5 252.5 23.0 33.0
0 331.5 252.5 25.0 27.0
0 323.5 216.5 29.0 25.0
0 390.0 246.5 30.0 39.0
0 409.0 226.5 22.0 25.0
0 411.5 203.5 25.0 21.0
0 443.5 237.0 25.0 26.0
0 476.5 227.5 25.0 29.0
0 474.0 204.0 22.0 24.0
0 456.0 177.0 24.0 26.0
0 487.0 187.0 18.0 20.0
0 500.0 175.0 18.0 20.0
0 523.0 177.0 16.0 20.0
0 533.5 187.5 21.0 23.0
0 505.0 213.0 22.0 20.0
0 551.5 213.5 25.0 21.0
0 594.0 224.0 24.0 28.0
0 520.0 236.5 28.0 27.0
0 543.5 165.0 13.0 20.0
0 549.0 158.5 12.0 15.0
0 591.5 184.5 19.0 19.0
0 614.5 191.5 19.0 25.0
0 617.0 172.0 18.0 18.0
0 616.5 161.5 17.0 17.0
0 644.0 172.5 18.0 21.0
0 652.0 153.0 16.0 16.0
0 673.5 148.0 15.0 14.0
0 677.0 158.0 20.0 20.0
0 682.0 181.0 22.0 22.0
0 656.0 192.0 22.0 24.0
0 635.0 246.0 28.0 40.0
0 567.5 276.5 39.0 37.0
0 612.0 313.0 40.0 40.0
0 713.0 224.5 26.0 31.0
0 709.5 152.0 17.0 18.0
0 723.5 142.5 15.0 21.0
0 711.5 170.5 21.0 21.0
0 746.5 140.0 17.0 22.0
0 756.0 152.5 16.0 21.0
0 743.0 172.5 20.0 23.0
0 752.0 202.5 24.0 27.0
0 790.5 143.5 15.0 17.0
0 801.5 152.0 13.0 18.0
0 811.0 149.0 14.0 18.0
0 796.5 185.0 19.0 26.0
0 738.0 251.5 26.0 33.0
0 767.0 235.0 26.0 34.0
0 776.0 256.5 36.0 37.0
0 819.0 247.5 28.0 33.0
0 839.0 172.0 22.0 22.0
0 825.0 204.5 20.0 29.0
0 838.0 203.0 20.0 26.0
0 874.5 162.5 15.0 21.0
0 884.0 175.5 20.0 21.0
0 910.5 175.5 17.0 21.0
0 933.5 163.0 17.0 22.0
0 939.0 178.5 18.0 23.0
0 925.5 188.5 21.0 25.0
0 966.5 166.0 19.0 22.0
0 1005.0 175.0 16.0 22.0
0 1026.0 186.5 16.0 27.0
0 1043.0 175.0 16.0 20.0
0 1070.5 190.5 17.0 23.0
0 1122.0 191.0 16.0 20.0
0 1120.0 208.0 16.0 24.0
0 1108.0 216.5 16.0 25.0
0 1088.5 223.0 21.0 26.0
0 1065.5 219.5 21.0 25.0
0 1048.5 233.5 21.0 29.0
0 1105.0 255.0 20.0 30.0
0 1013.0 220.5 18.0 27.0
0 974.0 204.0 20.0 26.0
0 991.0 230.0 20.0 32.0
0 1024.5 262.5 25.0 41.0
0 969.5 243.0 23.0 34.0
0 998.5 306.0 31.0 44.0
0 931.0 295.5 32.0 43.0
0 985.0 350.0 32.0 46.0
0 1089.5 312.5 33.0 47.0
0 863.5 281.0 35.0 38.0
0 701.0 305.0 40.0 46.0
0 755.0 320.0 42.0 54.0
0 828.0 372.0 52.0 56.0
