0 209.0 268.5 46.0 51.0
0 337.5 146.5 21.0 21.0
0 373.5 119.5 19.0 23.0
0 442.5 102.0 17.0 20.0
0 446.0 125.0 18.0 22.0
0 466.5 105.0 17.0 16.0
0 481.0 138.0 24.0 26.0
0 515.5 139.0 25.0 28.0
0 506.5 116.5 21.0 17.0
0 496.5 102.5 19.0 17.0
0 481.0 95.5 16.0 17.0
0 502.5 87.5 19.0 19.0
0 527.5 84.5 15.0 17.0
0 528.5 102.5 19.0 19.0
0 547.0 86.0 18.0 20.0
0 554.0 73.0 16.0 18.0
0 594.0 114.5 20.0 25.0
0 584.0 89.0 18.0 20.0
0 582.5 60.5 15.0 15.0
0 613.0 84.0 16.0 20.0
0 641.0 86.5 18.0 21.0
0 669.5 80.5 19.0 21.0
0 540.0 171.0 28.0 34.0
0 609.5 179.0 31.0 42.0
0 606.5 152.5 23.0 25.0
0 637.0 156.0 30.0 36.0
0 671.5 184.0 29.0 40.0
0 735.0 205.0 32.0 44.0
0 719.5 169.5 29.0 31.0
0 681.0 122.0 24.0 28.0
0 710.5 136.0 21.0 28.0
0 708.0 115.5 22.0 27.0
0 746.0 108.0 24.0 24.0
0 755.0 124.5 24.0 27.0
0 765.0 145.0 28.0 32.0
0 788.0 112.5 20.0 23.0
0 768.0 104.5 16.0 21.0
0 823.0 105.0 24.0 22.0
0 822.5 87.5 19.0 21.0
0 869.5 180.0 31.0 38.0
0 868.0 158.5 22.0 27.0
0 851.0 130.5 22.0 27.0
0 860.0 107.5 18.0 27.0
0 849.0 108.0 12.0 22.0
0 884.5 105.0 19.0 22.0
0 903.0 114.5 18.0 23.0
0 906.0 135.0 20.0 24.0
0 907.0 197.0 32.0 34.0
0 973.5 222.0 29.0 42.0
0 958.0 274.5 34.0 51.0
0 925.0 181.5 26.0 31.0
0 944.5 139.0 23.0 34.0
0 928.5 112.0 19.0 24.0
0 953.5 119.0 19.0 32.0
0 990.5 142.5 23.0 31.0
0 984.0 179.5 22.0 29.0
0 1028.5 85.5 19.0 27.0
