0 157.5 250.5 61.0 67.0
0 291.0 124.5 20.0 23.0
0 321.5 105.0 21.0 28.0
0 387.5 105.5 19.0 25.0
0 384.0 85.0 16.0 20.0
0 402.5 92.0 13.0 18.0
0 421.5 104.0 23.0 26.0
0 449.5 120.0 21.0 24.0
0 420.5 75.5 17.0 19.0
0 492.0 107.5 24.0 33.0
0 530.5 132.0 27.0 28.0
0 522.5 93.5 15.0 19.0
0 476.0 71.5 14.0 15.0
0 436.0 80.0 12.0 16.0
0 458.5 87.5 17.0 17.0
0 439.0 97.0 16.0 18.0
0 439.5 70.0 11.0 14.0
0 457.0 75.0 12.0 14.0
0 506.5 72.5 13.0 15.0
0 500.0 63.0 12.0 12.0
0 515.5 63.5 13.0 15.0
0 525.0 72.5 14.0 15.0
0 549.5 82.0 19.0 18.0
0 583.5 73.5 15.0 17.0
0 612.5 72.5 15.0 17.0
0 593.0 102.5 18.0 25.0
0 581.0 126.5 24.0 25.0
0 587.5 159.5 29.0 35.0
0 618.5 146.0 21.0 32.0
0 621.0 117.0 22.0 28.0
0 622.0 96.0 20.0 24.0
0 654.5 83.5 13.0 21.0
0 670.5 124.5 21.0 29.0
0 657.0 103.0 18.0 22.0
0 687.0 94.0 18.0 22.0
0 705.0 78.0 16.0 22.0
0 701.5 64.0 17.0 20.0
0 728.0 67.0 16.0 20.0
0 721.5 91.5 15.0 19.0
0 745.5 89.0 15.0 18.0
0 735.0 114.0 18.0 26.0
0 776.5 88.0 15.0 22.0
0 755.5 104.0 15.0 22.0
0 752.0 152.0 22.0 32.0
0 648.5 183.5 29.0 39.0
0 791.5 181.0 23.0 34.0
0 811.0 148.5 22.0 33.0
0 795.0 111.5 16.0 23.0
0 761.5 137.0 23.0 30.0
0 772.5 117.5 17.0 21.0
0 812.0 91.5 14.0 21.0
0 825.0 117.5 18.0 31.0
0 831.0 102.0 16.0 22.0
0 845.5 102.0 17.0 22.0
0 869.0 123.5 22.0 29.0
0 862.5 154.5 23.0 31.0
0 847.0 188.0 28.0 40.0
0 853.5 233.5 31.0 43.0
