0 183.0 234.5 42.0 43.0
0 53.5 128.0 17.0 18.0
0 45.0 138.5 16.0 17.0
0 86.5 120.5 15.0 17.0
0 94.5 128.0 15.0 22.0
0 276.5 118.5 21.0 17.0
0 573.5 55.5 13.0 17.0
0 544.5 58.0 15.0 16.0
0 536.0 65.5 20.0 17.0
0 610.5 55.0 13.0 12.0
0 637.5 57.5 13.0 13.0
0 407.0 91.5 18.0 15.0
0 442.0 81.5 16.0 21.0
0 307.5 99.0 17.0 18.0
0 332.0 103.5 18.0 17.0
0 355.0 104.5 20.0 23.0
0 380.5 100.0 21.0 20.0
0 459.5 73.0 19.0 22.0
0 488.5 38.5 17.0 13.0
0 310.5 126.5 27.0 19.0
0 338.5 126.0 19.0 16.0
0 479.0 79.5 16.0 23.0
0 492.0 69.5 18.0 21.0
0 359.0 130.5 18.0 17.0
0 397.5 132.0 25.0 20.0
0 454.5 106.0 19.0 22.0
0 513.5 77.0 17.0 20.0
0 460.5 131.0 23.0 26.0
0 502.0 106.0 22.0 22.0
0 545.0 89.5 14.0 19.0
0 592.5 78.0 15.0 20.0
0 535.5 140.0 21.0 24.0
0 659.0 57.5 14.0 21.0
0 627.0 94.5 18.0 19.0
0 580.0 110.5 22.0 21.0
0 576.5 151.0 25.0 30.0
0 607.0 176.5 32.0 33.0
0 631.5 147.5 21.0 25.0
0 561.0 122.5 22.0 25.0
0 656.5 102.5 23.0 23.0
0 663.5 83.5 15.0 19.0
0 708.5 70.5 19.0 19.0
0 739.5 72.5 13.0 21.0
0 755.0 79.5 14.0 19.0
0 703.5 106.0 19.0 18.0
0 667.5 129.5 25.0 25.0
0 716.0 131.0 22.0 22.0
0 750.0 115.0 20.0 20.0
0 761.0 139.0 18.0 20.0
0 708.0 162.5 28.0 29.0
0 700.5 203.5 27.0 31.0
0 770.5 208.0 25.0 36.0
0 852.5 56.5 17.0 23.0
0 876.0 119.5 14.0 25.0
0 827.0 126.0 16.0 22.0
0 809.0 147.0 22.0 26.0
0 868.0 160.5 18.0 27.0
0 782.5 163.0 23.0 28.0
0 853.0 183.0 22.0 28.0
0 840.0 216.5 30.0 41.0
0 290.0 123.0 16.0 16.0
0 420.5 79.0 15.0 18.0
0 696.5 91.0 17.0 16.0
0 615.0 72.5 12.0 13.0
0 647.5 61.5 13.0 15.0
0 401.5 77.5 15.0 13.0
0 558.0 74.5 20.0 23.0
0 424.0 118.0 22.0 24.0
