0 181.0 240.5 52.0 49.0
0 324.0 133.0 20.0 22.0
0 336.0 150.0 20.0 24.0
0 350.0 134.0 22.0 20.0
0 347.5 113.5 19.0 21.0
0 365.5 120.5 17.0 23.0
0 391.0 127.5 18.0 21.0
0 393.5 146.5 19.0 25.0
0 406.0 148.0 22.0 28.0
0 412.5 124.5 21.0 25.0
0 439.0 153.0 26.0 32.0
0 465.0 137.0 22.0 28.0
0 465.0 108.5 18.0 21.0
0 451.0 105.5 18.0 23.0
0 441.5 92.0 17.0 16.0
0 470.0 96.0 16.0 18.0
0 501.0 111.5 22.0 23.0
0 513.5 133.5 23.0 25.0
0 529.5 117.5 19.0 23.0
0 517.5 95.5 15.0 17.0
0 506.0 85.0 12.0 14.0
0 517.5 82.5 11.0 15.0
0 539.0 76.5 16.0 21.0
0 536.5 92.0 15.0 18.0
0 561.5 96.0 17.0 20.0
0 560.5 78.5 13.0 17.0
0 574.0 81.5 16.0 17.0
0 578.0 97.5 16.0 19.0
0 588.5 112.0 17.0 20.0
0 592.0 95.5 16.0 19.0
0 614.5 102.0 19.0 24.0
0 628.5 86.0 17.0 18.0
0 616.0 77.0 14.0 14.0
0 636.5 73.5 17.0 17.0
0 663.0 77.0 16.0 22.0
0 670.5 66.5 13.0 17.0
0 653.5 98.5 17.0 25.0
0 707.0 80.5 12.0 17.0
0 686.5 78.5 15.0 17.0
0 699.0 64.0 16.0 20.0
0 723.0 74.0 14.0 20.0
0 756.0 70.0 16.0 18.0
0 708.5 105.5 23.0 25.0
0 664.0 133.5 22.0 31.0
0 662.0 159.0 28.0 34.0
0 596.5 153.5 29.0 33.0
0 576.5 189.0 33.0 36.0
0 516.5 169.5 31.0 37.0
0 627.5 207.0 31.0 38.0
0 696.0 210.0 36.0 48.0
0 717.0 164.0 26.0 34.0
0 757.5 146.5 25.0 29.0
0 777.0 173.0 24.0 32.0
0 796.5 194.0 31.0 32.0
0 783.5 248.5 45.0 47.0
0 868.0 250.0 30.0 38.0
0 917.5 253.0 33.0 48.0
0 890.0 201.5 32.0 37.0
0 913.0 170.5 24.0 33.0
0 959.5 207.5 31.0 41.0
0 974.5 181.0 23.0 32.0
0 931.0 140.0 26.0 28.0
0 980.0 141.5 18.0 29.0
0 849.0 150.0 26.0 26.0
0 842.5 137.5 23.0 23.0
0 809.5 151.0 25.0 26.0
0 789.5 126.5 23.0 23.0
0 753.5 115.5 21.0 23.0
0 742.0 100.0 20.0 22.0
0 767.0 95.0 18.0 22.0
0 789.0 83.0 16.0 22.0
0 819.5 96.0 17.0 18.0
0 827.0 83.0 16.0 18.0
0 853.0 97.0 14.0 18.0
