0 118.0 337.5 60.0 61.0
0 248.0 158.0 26.0 30.0
0 272.5 159.0 25.0 28.0
0 329.5 139.5 27.0 25.0
0 367.5 139.5 23.0 25.0
0 394.5 137.5 25.0 29.0
0 385.0 117.0 26.0 24.0
0 433.0 121.5 18.0 27.0
0 445.0 159.0 26.0 38.0
0 491.0 137.5 20.0 27.0
0 447.5 112.0 21.0 20.0
0 484.5 111.5 21.0 21.0
0 507.5 102.0 15.0 18.0
0 529.0 111.5 20.0 23.0
0 547.0 97.5 22.0 21.0
0 562.0 94.0 16.0 18.0
0 588.0 97.5 22.0 25.0
0 605.0 87.0 20.0 20.0
0 611.5 122.5 21.0 23.0
0 578.5 148.0 29.0 34.0
0 537.0 178.5 32.0 33.0
0 650.0 96.5 22.0 25.0
0 682.5 94.5 23.0 21.0
0 683.5 81.0 19.0 20.0
0 713.5 80.0 21.0 22.0
0 682.0 126.0 24.0 28.0
0 709.0 115.5 22.0 21.0
0 752.5 107.0 17.0 20.0
0 738.5 73.0 19.0 18.0
0 768.5 75.0 17.0 20.0
0 757.5 92.5 19.0 19.0
0 790.5 86.5 19.0 21.0
0 806.5 89.0 17.0 22.0
0 775.0 117.0 20.0 28.0
0 761.0 169.0 28.0 36.0
0 695.5 205.5 37.0 27.0
0 752.0 219.0 34.0 34.0
0 810.0 238.5 34.0 41.0
0 819.0 109.0 16.0 20.0
0 819.0 146.0 24.0 38.0
0 851.0 96.0 18.0 20.0
0 858.0 81.0 16.0 18.0
0 874.5 87.0 19.0 20.0
0 881.5 126.0 17.0 26.0
0 907.0 128.0 20.0 24.0
0 889.0 159.5 24.0 37.0
0 903.0 232.5 34.0 39.0
0 935.0 136.0 22.0 24.0
0 937.5 116.0 19.0 22.0
0 965.5 101.5 17.0 23.0
0 966.5 121.5 19.0 25.0
0 983.5 147.5 21.0 29.0
0 948.0 165.5 20.0 27.0
0 994.0 274.5 44.0 47.0
0 1064.0 307.5 38.0 53.0
0 1081.0 247.5 28.0 45.0
0 1011.5 179.0 23.0 32.0
0 1066.0 203.0 24.0 34.0
0 1006.5 142.5 23.0 29.0
0 1005.5 113.0 21.0 28.0
0 1030.5 125.0 23.0 26.0
0 1080.5 139.0 17.0 26.0
0 1086.5 130.0 17.0 30.0
0 1121.0 140.5 18.0 25.0
0 1113.5 150.0 19.0 26.0
0 1101.0 164.5 24.0 27.0
0 1141.5 192.5 23.0 35.0
0 1161.0 165.5 18.0 23.0
0 1174.5 150.0 21.0 22.0
0 1222.0 158.5 18.0 25.0
0 1211.0 177.5 18.0 25.0
0 1208.5 200.5 17.0 23.0
0 1210.0 217.5 24.0 31.0
0 1174.0 222.0 26.0 42.0
0 1193.0 259.5 32.0 43.0
