0 208.5 265.5 41.0 47.0
0 295.5 130.0 13.0 16.0
0 314.0 130.0 14.0 16.0
0 349.0 124.0 14.0 16.0
0 366.0 108.0 14.0 14.0
0 348.0 86.0 14.0 18.0
0 384.0 89.0 10.0 12.0
0 390.5 117.5 19.0 17.0
0 400.0 135.5 16.0 23.0
0 417.5 142.0 17.0 18.0
0 362.5 145.0 21.0 22.0
0 415.0 121.5 18.0 21.0
0 423.0 89.0 10.0 12.0
0 458.5 122.0 19.0 22.0
0 473.0 110.0 14.0 16.0
0 463.0 94.5 12.0 15.0
0 457.5 80.5 9.0 9.0
0 476.0 74.5 12.0 15.0
0 490.5 92.5 17.0 17.0
0 517.0 102.0 16.0 18.0
0 549.5 103.5 17.0 19.0
0 542.0 91.0 12.0 14.0
0 516.0 75.5 10.0 11.0
0 501.0 70.5 12.0 13.0
0 491.0 80.0 12.0 14.0
0 568.5 101.0 15.0 14.0
0 564.5 85.0 15.0 18.0
0 589.0 63.5 8.0 11.0
0 592.5 87.5 13.0 13.0
0 616.5 81.0 13.0 18.0
0 633.5 91.0 13.0 16.0
0 629.5 70.0 11.0 12.0
0 604.0 71.0 10.0 12.0
0 608.5 62.5 7.0 9.0
0 643.5 64.5 9.0 13.0
0 653.5 65.5 9.0 13.0
0 682.0 60.0 10.0 12.0
0 573.5 129.5 21.0 19.0
0 619.0 139.0 18.0 24.0
0 619.5 120.5 21.0 19.0
0 665.0 133.0 20.0 22.0
0 706.5 109.0 17.0 22.0
0 739.0 100.5 16.0 19.0
0 732.5 83.5 11.0 19.0
0 758.5 75.5 11.0 13.0
0 739.0 134.0 14.0 22.0
0 765.5 135.5 21.0 23.0
0 774.0 121.0 12.0 16.0
0 793.0 123.5 14.0 19.0
0 791.0 95.5 14.0 15.0
0 783.0 82.5 14.0 17.0
0 767.0 71.5 12.0 13.0
0 807.5 75.5 9.0 13.0
0 823.0 79.5 12.0 15.0
0 827.0 101.5 14.0 15.0
0 838.5 93.5 13.0 15.0
0 852.5 85.0 11.0 18.0
0 866.0 97.5 14.0 19.0
0 865.0 119.0 16.0 20.0
0 848.0 136.5 22.0 25.0
0 777.5 172.5 25.0 33.0
0 911.0 190.0 22.0 32.0
0 882.5 132.0 17.0 24.0
0 924.5 143.5 15.0 23.0
0 915.5 132.0 15.0 22.0
0 936.0 116.0 12.0 16.0
0 938.5 100.5 9.0 15.0
0 953.5 102.0 11.0 16.0
0 916.5 89.0 13.0 20.0
0 912.5 108.0 9.0 16.0
0 902.5 103.5 11.0 15.0
0 888.0 94.0 12.0 18.0
