0 43.5 228.5 29.0 33.0
0 747.5 59.0 15.0 18.0
0 802.0 68.0 14.0 14.0
0 831.0 71.5 14.0 17.0
0 594.0 70.5 16.0 15.0
0 659.0 66.0 16.0 14.0
0 689.5 63.0 17.0 14.0
0 718.0 71.5 16.0 13.0
0 786.5 74.5 15.0 17.0
0 864.5 72.0 15.0 16.0
0 850.5 79.5 21.0 19.0
0 891.0 83.0 16.0 20.0
0 922.5 78.5 11.0 19.0
0 956.0 77.0 12.0 20.0
0 990.0 93.5 12.0 17.0
0 484.0 93.5 18.0 15.0
0 520.0 83.0 16.0 16.0
0 511.5 90.5 19.0 17.0
0 569.5 83.5 19.0 21.0
0 593.5 95.5 19.0 23.0
0 611.5 99.0 23.0 22.0
0 656.0 87.5 22.0 21.0
0 753.0 79.0 16.0 18.0
0 734.5 91.0 17.0 20.0
0 698.0 105.0 20.0 20.0
0 818.0 99.0 16.0 24.0
0 780.0 94.0 16.0 26.0
0 853.5 108.0 17.0 18.0
0 875.5 101.0 19.0 20.0
0 915.0 104.0 16.0 22.0
0 906.5 119.0 21.0 16.0
0 951.5 105.0 15.0 22.0
0 962.0 99.5 20.0 23.0
0 951.5 124.5 23.0 17.0
0 987.5 124.5 21.0 25.0
0 986.5 173.0 25.0 30.0
0 928.0 140.0 16.0 26.0
0 871.5 134.0 17.0 28.0
0 781.5 118.5 15.0 23.0
0 439.5 107.5 17.0 17.0
0 411.5 123.5 23.0 23.0
0 482.5 113.5 21.0 21.0
0 499.0 123.0 26.0 22.0
0 519.5 116.5 19.0 23.0
0 580.0 119.0 20.0 16.0
0 670.0 119.0 18.0 18.0
0 707.5 127.5 19.0 19.0
0 751.5 137.0 39.0 34.0
0 807.5 140.5 23.0 29.0
0 843.0 166.5 24.0 27.0
0 777.0 160.0 28.0 30.0
0 705.0 161.5 26.0 31.0
0 730.5 197.5 35.0 29.0
0 647.0 196.5 38.0 33.0
0 657.0 159.0 30.0 30.0
0 603.5 146.0 21.0 22.0
0 494.5 143.5 21.0 17.0
0 572.5 198.0 25.0 32.0
0 334.5 134.5 13.0 21.0
0 369.0 139.5 18.0 21.0
0 380.5 135.5 17.0 17.0
0 273.5 171.0 15.0 18.0
0 309.5 164.5 19.0 23.0
0 323.5 156.5 17.0 19.0
0 344.5 168.5 13.0 25.0
0 459.5 160.5 23.0 29.0
0 511.5 183.0 25.0 30.0
0 692.0 78.5 18.0 11.0
0 633.0 75.0 16.0 18.0
0 636.0 60.5 20.0 17.0
0 540.0 108.5 16.0 17.0
0 444.5 136.5 23.0 23.0
0 397.0 141.0 16.0 22.0
0 385.0 161.5 18.0 23.0
0 742.5 111.5 21.0 23.0
0 996.0 105.0 16.0 18.0
