0 205.5 237.5 43.0 47.0
0 271.5 158.5 15.0 21.0
0 307.0 142.5 14.0 15.0
0 312.0 150.5 14.0 15.0
0 336.5 145.5 15.0 17.0
0 336.5 124.0 15.0 16.0
0 355.5 122.5 13.0 15.0
0 368.5 145.5 17.0 21.0
0 398.0 154.0 20.0 24.0
0 432.5 161.0 21.0 26.0
0 397.5 118.5 15.0 21.0
0 422.5 103.5 13.0 15.0
0 434.5 107.5 15.0 19.0
0 454.0 95.0 14.0 20.0
0 477.0 93.0 14.0 18.0
0 482.5 86.5 11.0 13.0
0 496.0 82.0 14.0 16.0
0 499.5 126.5 17.0 21.0
0 445.5 142.5 21.0 19.0
0 516.5 111.0 19.0 20.0
0 526.0 72.5 12.0 15.0
0 542.0 77.5 14.0 13.0
0 546.5 121.5 19.0 21.0
0 579.5 82.0 11.0 18.0
0 599.5 77.0 15.0 12.0
0 609.5 81.0 13.0 12.0
0 622.0 61.0 14.0 12.0
0 646.5 65.0 13.0 12.0
0 650.5 79.0 15.0 18.0
0 636.0 89.0 18.0 18.0
0 669.5 68.0 15.0 14.0
0 689.5 71.5 13.0 13.0
0 678.5 94.0 19.0 20.0
0 641.0 116.0 18.0 24.0
0 592.5 100.5 15.0 21.0
0 557.0 105.0 20.0 18.0
0 520.5 170.5 23.0 33.0
0 572.0 183.0 28.0 28.0
0 594.0 138.5 22.0 25.0
0 630.5 149.0 23.0 28.0
0 681.0 118.5 20.0 23.0
0 692.5 144.5 19.0 27.0
0 707.0 177.5 26.0 41.0
0 730.0 128.5 16.0 23.0
0 749.5 148.5 21.0 29.0
0 769.5 194.5 33.0 37.0
0 806.5 168.0 23.0 30.0
0 775.0 141.0 18.0 22.0
0 773.5 118.0 19.0 22.0
0 743.5 113.5 19.0 21.0
0 722.0 89.5 16.0 21.0
0 757.0 88.5 14.0 21.0
0 775.5 89.0 17.0 20.0
0 800.5 74.0 13.0 18.0
0 794.5 101.5 11.0 19.0
0 831.0 76.0 14.0 20.0
0 822.5 108.5 17.0 23.0
0 841.0 99.5 16.0 21.0
0 827.5 92.0 15.0 20.0
0 870.5 81.0 13.0 20.0
0 906.0 83.5 14.0 21.0
0 877.0 107.0 16.0 22.0
0 871.0 128.5 20.0 25.0
0 852.0 137.0 20.0 28.0
0 927.0 115.5 18.0 23.0
0 914.0 143.0 20.0 36.0
0 951.0 159.0 20.0 28.0
