0 177.5 222.0 55.0 50.0
0 324.0 132.5 18.0 23.0
0 330.0 118.5 20.0 19.0
0 356.0 115.0 20.0 22.0
0 422.5 110.5 19.0 23.0
0 449.5 119.5 21.0 21.0
0 427.0 91.5 14.0 19.0
0 439.0 98.5 16.0 17.0
0 463.5 99.0 19.0 20.0
0 474.0 85.0 14.0 16.0
0 485.5 73.0 13.0 16.0
0 503.0 81.5 12.0 15.0
0 506.5 89.0 15.0 18.0
0 498.0 121.0 20.0 24.0
0 491.0 107.0 20.0 18.0
0 539.5 153.0 23.0 28.0
0 517.0 79.0 12.0 14.0
0 527.0 79.5 14.0 19.0
0 526.5 64.5 13.0 17.0
0 548.5 70.5 11.0 13.0
0 561.0 71.5 14.0 17.0
0 550.5 85.5 13.0 19.0
0 567.5 94.0 15.0 20.0
0 558.0 107.5 18.0 21.0
0 589.0 79.0 16.0 18.0
0 604.5 62.0 13.0 14.0
0 637.0 56.0 12.0 14.0
0 633.0 67.0 14.0 16.0
0 617.0 82.5 14.0 21.0
0 604.5 97.0 19.0 18.0
0 608.5 134.5 19.0 23.0
0 589.5 164.0 27.0 30.0
0 618.0 171.5 34.0 43.0
0 657.5 111.5 19.0 25.0
0 656.0 57.0 12.0 14.0
0 657.5 74.0 15.0 20.0
0 656.0 82.0 16.0 16.0
0 677.0 60.0 12.0 18.0
0 694.0 80.0 14.0 16.0
0 703.0 70.0 10.0 16.0
0 719.0 68.5 14.0 19.0
0 728.5 96.0 15.0 18.0
0 693.0 98.5 16.0 21.0
0 687.0 121.5 16.0 21.0
0 699.0 148.0 22.0 24.0
0 734.5 129.0 23.0 26.0
0 728.0 112.0 18.0 20.0
0 719.0 180.0 30.0 36.0
0 774.5 70.5 15.0 17.0
0 784.5 73.0 13.0 18.0
0 779.5 85.0 13.0 20.0
0 766.0 99.5 16.0 23.0
0 798.5 103.5 17.0 23.0
0 757.0 218.0 32.0 38.0
0 808.5 76.0 17.0 16.0
0 819.0 93.0 14.0 16.0
0 813.0 114.0 14.0 24.0
0 832.0 108.5 14.0 19.0
0 845.5 98.5 13.0 19.0
0 863.0 84.0 16.0 18.0
0 877.5 105.5 15.0 21.0
0 863.5 118.0 17.0 26.0
0 829.0 152.0 20.0 30.0
0 795.0 167.0 24.0 36.0
0 850.5 201.5 27.0 37.0
0 872.5 175.0 21.0 32.0
0 900.0 127.5 16.0 25.0
0 890.5 106.0 13.0 16.0
0 904.5 84.5 13.0 17.0
0 903.0 94.0 16.0 18.0
0 909.5 114.5 17.0 25.0
0 911.5 105.5 15.0 19.0
0 934.0 97.0 12.0 18.0
0 941.5 99.0 15.0 24.0
0 968.0 97.5 16.0 19.0
0 958.0 112.0 14.0 20.0
0 961.5 133.0 17.0 24.0
0 942.0 134.5 18.0 23.0
0 951.0 162.0 22.0 34.0
0 897.0 160.5 20.0 31.0
0 942.5 211.0 25.0 38.0
0 919.0 237.5 32.0 43.0
