0 67.5 232.0 47.0 46.0
0 269.5 171.0 19.0 20.0
0 292.0 159.5 22.0 27.0
0 308.5 167.5 19.0 19.0
0 328.5 155.0 25.0 30.0
0 353.0 161.0 20.0 26.0
0 370.0 160.0 20.0 30.0
0 349.0 131.0 20.0 20.0
0 375.0 127.0 18.0 22.0
0 403.5 124.5 19.0 21.0
0 417.0 116.0 20.0 22.0
0 427.0 123.5 18.0 23.0
0 457.0 128.5 18.0 17.0
0 461.5 158.0 25.0 30.0
0 446.5 99.0 17.0 16.0
0 460.5 96.0 17.0 22.0
0 469.5 121.0 17.0 20.0
0 486.0 133.5 20.0 21.0
0 496.5 121.0 19.0 20.0
0 492.5 99.5 17.0 17.0
0 484.5 86.5 13.0 13.0
0 504.0 88.5 18.0 17.0
0 515.0 94.5 22.0 19.0
0 521.5 74.5 15.0 13.0
0 538.0 92.0 16.0 22.0
0 555.5 90.0 19.0 18.0
0 526.5 133.5 25.0 27.0
0 557.0 125.0 26.0 22.0
0 580.5 78.5 17.0 17.0
0 590.0 95.0 18.0 20.0
0 597.5 82.0 17.0 20.0
0 615.5 106.0 21.0 26.0
0 621.0 90.5 20.0 19.0
0 601.5 62.0 15.0 14.0
0 630.5 69.0 17.0 16.0
0 633.5 57.0 15.0 16.0
0 664.5 82.5 17.0 19.0
0 658.0 71.5 14.0 13.0
0 662.0 61.0 14.0 14.0
0 682.0 69.5 14.0 17.0
0 698.5 59.0 15.0 16.0
0 718.0 66.0 16.0 16.0
0 750.0 55.0 16.0 20.0
0 604.5 143.5 25.0 29.0
0 524.5 173.5 33.0 33.0
0 588.0 180.5 32.0 33.0
0 651.0 194.0 34.0 36.0
0 652.0 153.0 32.0 32.0
0 664.5 127.0 25.0 30.0
0 711.0 119.0 22.0 28.0
0 701.0 100.0 20.0 22.0
0 730.5 88.5 23.0 25.0
0 757.5 77.5 17.0 21.0
0 748.5 123.0 25.0 30.0
0 710.5 154.5 31.0 29.0
0 759.5 174.0 33.0 30.0
0 725.5 199.0 37.0 38.0
0 835.5 177.5 35.0 39.0
0 806.5 137.5 27.0 37.0
0 772.5 106.0 23.0 28.0
0 779.5 89.5 19.0 23.0
0 788.0 72.5 18.0 23.0
0 799.5 79.0 15.0 24.0
0 809.5 88.5 19.0 23.0
0 806.0 64.5 14.0 23.0
0 821.0 76.0 18.0 24.0
0 838.5 71.0 13.0 18.0
0 853.0 78.5 16.0 19.0
0 869.0 74.5 16.0 21.0
0 853.5 101.5 21.0 25.0
0 873.0 99.0 16.0 22.0
0 895.0 81.0 16.0 22.0
0 905.0 113.0 18.0 28.0
0 862.5 144.5 23.0 33.0
0 927.5 136.5 21.0 27.0
0 944.0 116.0 18.0 22.0
0 954.5 97.0 19.0 24.0
0 957.5 74.5 19.0 23.0
0 912.5 89.0 19.0 22.0
0 922.5 85.5 15.0 21.0
0 931.5 75.0 13.0 16.0
0 981.0 99.5 20.0 25.0
0 990.5 116.5 17.0 27.0
0 994.0 95.0 14.0 22.0
