0 116.5 336.0 61.0 62.0
0 236.0 178.5 26.0 27.0
0 273.5 175.0 29.0 34.0
0 304.0 155.0 24.0 26.0
0 373.5 145.5 21.0 23.0
0 374.0 127.0 28.0 28.0
0 405.0 139.5 22.0 27.0
0 420.5 132.5 21.0 27.0
0 446.5 161.5 23.0 29.0
0 442.0 121.0 24.0 26.0
0 471.5 119.5 23.0 25.0
0 491.0 140.0 22.0 28.0
0 528.5 193.5 27.0 35.0
0 531.5 118.0 23.0 24.0
0 538.5 104.0 19.0 24.0
0 556.5 105.5 25.0 31.0
0 573.0 150.5 30.0 33.0
0 601.5 122.5 23.0 27.0
0 589.5 98.5 25.0 23.0
0 608.0 92.5 18.0 27.0
0 636.5 104.5 27.0 33.0
0 673.0 129.5 20.0 25.0
0 688.0 103.0 26.0 24.0
0 674.0 82.5 22.0 27.0
0 703.0 128.5 20.0 23.0
0 712.5 107.5 23.0 27.0
0 708.0 81.5 22.0 25.0
0 732.5 77.5 19.0 21.0
0 743.0 95.5 24.0 23.0
0 740.0 118.0 20.0 24.0
0 762.5 120.5 21.0 27.0
0 773.0 79.5 16.0 21.0
0 801.0 87.0 16.0 24.0
0 805.0 113.5 18.0 21.0
0 816.5 89.5 19.0 29.0
0 844.5 98.0 19.0 24.0
0 852.0 86.0 16.0 18.0
0 884.0 96.0 18.0 24.0
0 809.5 152.5 31.0 35.0
0 741.5 177.0 33.0 38.0
0 664.0 226.0 32.0 38.0
0 725.5 243.5 39.0 41.0
0 820.0 247.5 36.0 43.0
0 872.5 130.0 17.0 24.0
0 887.5 168.5 29.0 35.0
0 913.5 138.0 19.0 26.0
0 921.5 178.5 23.0 31.0
0 896.5 251.0 31.0 44.0
0 938.5 121.0 19.0 22.0
0 960.0 124.0 22.0 30.0
0 995.0 115.5 24.0 29.0
0 1009.5 136.5 23.0 23.0
0 1020.0 130.5 18.0 23.0
0 972.5 159.0 31.0 30.0
0 1003.0 180.5 26.0 33.0
0 974.0 275.5 38.0 59.0
0 1053.5 290.0 37.0 44.0
0 1096.5 241.0 27.0 34.0
0 1180.0 282.0 32.0 42.0
0 1188.0 241.0 28.0 36.0
0 1199.0 221.5 20.0 29.0
0 1202.5 188.5 25.0 27.0
0 1208.0 156.5 22.0 25.0
0 1166.0 146.0 18.0 24.0
0 1146.5 166.0 13.0 24.0
0 1145.5 203.0 21.0 30.0
0 1066.5 216.0 29.0 34.0
0 1069.0 185.5 24.0 27.0
0 1092.0 166.0 18.0 26.0
0 1109.5 159.0 15.0 20.0
0 1117.0 143.0 18.0 26.0
0 1067.5 141.5 19.0 23.0
