0 215.5 244.0 41.0 48.0
0 247.5 167.5 29.0 33.0
0 293.5 148.5 19.0 19.0
0 300.5 161.5 23.0 17.0
0 315.0 155.5 20.0 25.0
0 334.5 141.0 21.0 18.0
0 370.0 159.5 22.0 27.0
0 390.0 160.0 22.0 26.0
0 412.5 159.5 23.0 27.0
0 372.0 133.0 22.0 22.0
0 385.5 120.5 17.0 19.0
0 405.0 126.0 18.0 18.0
0 426.0 136.5 22.0 23.0
0 437.0 118.0 18.0 24.0
0 473.0 116.5 20.0 25.0
0 461.5 148.5 25.0 23.0
0 502.5 144.0 23.0 24.0
0 506.5 124.5 21.0 25.0
0 487.0 99.0 18.0 24.0
0 528.0 95.0 16.0 20.0
0 537.0 116.5 20.0 23.0
0 566.5 120.5 23.0 25.0
0 573.5 99.0 21.0 20.0
0 596.5 97.5 19.0 19.0
0 603.5 78.0 15.0 18.0
0 619.0 86.5 16.0 17.0
0 629.0 99.0 22.0 22.0
0 630.5 76.5 13.0 21.0
0 650.5 81.0 13.0 18.0
0 658.0 89.5 18.0 17.0
0 687.0 78.5 20.0 19.0
0 723.0 71.0 18.0 22.0
0 658.0 132.0 24.0 24.0
0 619.5 138.0 23.0 30.0
0 580.5 196.0 31.0 44.0
0 525.5 193.0 31.0 34.0
0 639.0 202.5 34.0 39.0
0 649.0 161.5 30.0 39.0
0 713.5 159.5 31.0 37.0
0 712.0 134.0 26.0 28.0
0 715.0 109.0 20.0 22.0
0 738.0 121.5 20.0 25.0
0 755.5 138.5 25.0 29.0
0 732.5 97.0 19.0 24.0
0 758.5 92.0 19.0 20.0
0 768.5 106.0 19.0 20.0
0 789.0 121.0 24.0 26.0
0 764.0 177.5 28.0 35.0
0 786.5 83.5 17.0 17.0
0 815.5 105.5 21.0 23.0
0 824.0 83.0 16.0 22.0
0 841.0 91.5 18.0 21.0
0 843.0 116.5 24.0 27.0
0 823.0 138.5 26.0 29.0
0 842.0 150.5 22.0 33.0
0 863.5 109.5 19.0 27.0
0 884.5 88.0 21.0 26.0
0 902.0 114.5 22.0 21.0
0 884.0 122.5 20.0 25.0
0 916.0 103.5 16.0 25.0
0 954.5 94.0 13.0 20.0
0 951.0 120.0 16.0 26.0
0 952.5 107.5 15.0 19.0
0 918.0 159.0 26.0 34.0
0 980.5 173.0 23.0 28.0
0 988.5 145.5 25.0 31.0
0 895.0 211.0 30.0 38.0
