0 189.5 293.0 49.0 48.0
0 280.5 146.0 17.0 20.0
0 322.0 150.5 16.0 19.0
0 337.5 157.0 21.0 24.0
0 343.0 141.5 18.0 19.0
0 349.5 127.0 17.0 18.0
0 384.0 133.5 20.0 23.0
0 379.5 123.5 15.0 17.0
0 375.5 157.0 23.0 28.0
0 422.0 154.5 22.0 29.0
0 428.5 127.5 17.0 21.0
0 412.5 111.5 17.0 19.0
0 405.5 108.0 11.0 16.0
0 459.5 150.0 25.0 28.0
0 446.5 110.0 19.0 22.0
0 488.0 108.0 20.0 22.0
0 511.0 135.0 22.0 26.0
0 526.5 117.5 25.0 23.0
0 512.5 95.5 19.0 21.0
0 499.0 84.5 16.0 15.0
0 523.0 78.5 14.0 15.0
0 536.0 88.5 20.0 23.0
0 564.0 93.5 20.0 19.0
0 569.5 115.0 23.0 24.0
0 593.0 94.5 18.0 23.0
0 606.0 86.0 18.0 18.0
0 605.5 71.0 15.0 18.0
0 625.0 97.0 18.0 20.0
0 634.0 82.5 14.0 17.0
0 628.5 70.0 11.0 12.0
0 657.0 84.0 18.0 18.0
0 652.5 72.0 15.0 16.0
0 688.0 65.5 18.0 19.0
0 675.5 77.0 17.0 20.0
0 714.0 78.5 12.0 19.0
0 557.5 179.0 33.0 40.0
0 598.0 145.5 24.0 33.0
0 609.5 171.0 33.0 40.0
0 676.5 152.0 31.0 36.0
0 675.5 180.0 29.0 36.0
0 676.0 119.0 26.0 28.0
0 704.5 105.0 21.0 26.0
0 710.0 120.0 20.0 28.0
0 724.5 146.0 31.0 38.0
0 744.5 128.5 25.0 35.0
0 746.5 109.5 25.0 25.0
0 735.0 83.0 18.0 24.0
0 750.5 82.5 17.0 23.0
0 771.0 98.0 20.0 24.0
0 792.5 112.5 17.0 27.0
0 797.5 81.5 17.0 25.0
0 786.0 71.5 18.0 21.0
0 817.0 79.0 18.0 22.0
0 821.5 93.5 21.0 23.0
0 831.5 109.5 23.0 29.0
0 834.5 135.0 25.0 30.0
0 822.0 155.0 30.0 34.0
0 753.5 165.5 33.0 37.0
0 900.0 180.0 30.0 36.0
0 846.0 84.0 18.0 22.0
0 858.0 96.0 18.0 20.0
0 880.5 117.0 21.0 28.0
0 905.5 136.5 27.0 33.0
0 900.0 101.0 20.0 22.0
0 895.5 78.5 17.0 21.0
0 912.5 90.5 17.0 25.0
0 942.0 105.0 14.0 24.0
0 953.5 120.0 19.0 28.0
0 979.5 139.5 23.0 31.0
0 993.0 154.0 24.0 32.0
0 963.0 115.0 14.0 16.0
0 953.5 96.0 13.0 22.0
