0 217.0 246.5 48.0 43.0
0 304.0 156.0 18.0 14.0
0 314.0 176.5 20.0 17.0
0 382.0 170.0 18.0 20.0
0 404.5 175.5 17.0 23.0
0 407.5 145.0 17.0 18.0
0 413.0 115.5 12.0 15.0
0 441.0 119.0 12.0 14.0
0 458.5 114.5 13.0 15.0
0 447.0 107.5 12.0 13.0
0 486.5 101.0 13.0 12.0
0 484.0 118.0 14.0 18.0
0 477.5 145.0 17.0 22.0
0 503.5 141.0 19.0 22.0
0 380.5 150.0 15.0 16.0
0 563.0 126.0 18.0 22.0
0 530.0 127.5 18.0 21.0
0 520.0 113.5 18.0 17.0
0 510.5 97.5 15.0 15.0
0 501.5 90.0 13.0 14.0
0 547.0 82.5 8.0 11.0
0 551.5 107.0 19.0 20.0
0 558.0 94.0 14.0 16.0
0 583.0 95.0 18.0 16.0
0 590.5 117.0 13.0 16.0
0 625.0 109.5 14.0 15.0
0 633.0 93.5 12.0 15.0
0 603.5 84.5 11.0 11.0
0 601.0 72.5 10.0 9.0
0 636.0 77.0 12.0 14.0
0 640.0 69.5 10.0 13.0
0 664.5 70.0 13.0 12.0
0 661.5 94.5 13.0 15.0
0 696.0 88.0 12.0 14.0
0 701.0 78.5 10.0 11.0
0 712.5 75.5 11.0 13.0
0 694.5 65.0 9.0 12.0
0 751.5 71.5 11.0 13.0
0 538.5 174.0 21.0 22.0
0 582.0 199.5 18.0 21.0
0 680.5 190.0 23.0 30.0
0 613.0 160.0 18.0 22.0
0 671.5 158.0 17.0 26.0
0 685.5 136.0 17.0 18.0
0 703.0 109.0 18.0 20.0
0 719.0 134.5 20.0 21.0
0 736.0 207.0 24.0 30.0
0 744.0 100.0 10.0 12.0
0 756.0 108.5 14.0 19.0
0 781.5 105.5 13.0 13.0
0 807.5 93.5 17.0 15.0
0 804.0 75.0 10.0 12.0
0 821.5 83.5 13.0 15.0
0 843.5 104.0 13.0 16.0
0 809.0 142.0 18.0 22.0
0 788.0 126.0 16.0 22.0
0 772.5 168.0 21.0 26.0
0 750.5 146.0 13.0 18.0
0 816.5 216.0 27.0 36.0
0 829.0 184.5 22.0 29.0
0 875.0 153.0 16.0 22.0
0 836.5 129.5 19.0 23.0
0 882.5 93.5 11.0 17.0
0 892.0 86.5 12.0 13.0
0 898.5 76.5 11.0 15.0
0 870.5 250.5 27.0 35.0
0 900.5 195.0 21.0 26.0
0 963.5 226.5 29.0 37.0
0 980.0 195.5 22.0 25.0
0 942.0 164.0 16.0 24.0
0 980.0 164.0 16.0 20.0
0 893.5 130.5 17.0 27.0
0 952.5 126.5 13.0 19.0
0 992.0 138.5 12.0 17.0
0 963.5 107.5 9.0 11.0
0 969.0 87.0 10.0 12.0
0 918.5 106.0 11.0 16.0
0 926.0 93.0 10.0 14.0
0 936.0 83.0 10.0 12.0
