0 55.0 178.5 20.0 21.0
0 244.0 134.0 12.0 14.0
0 235.5 124.5 13.0 15.0
0 287.0 122.5 12.0 17.0
0 300.0 126.0 12.0 16.0
0 315.5 131.0 15.0 16.0
0 291.0 106.5 12.0 13.0
0 302.0 109.0 12.0 12.0
0 316.5 113.0 13.0 14.0
0 326.5 96.5 11.0 15.0
0 342.5 96.0 13.0 18.0
0 357.5 108.0 13.0 16.0
0 356.5 139.5 19.0 21.0
0 417.0 115.5 20.0 15.0
0 410.0 111.0 14.0 16.0
0 351.0 136.0 16.0 22.0
0 375.0 93.5 16.0 15.0
0 400.0 96.0 14.0 16.0
0 425.0 96.5 14.0 11.0
0 457.5 93.0 11.0 16.0
0 476.5 98.0 15.0 16.0
0 498.0 80.5 12.0 15.0
0 515.5 83.0 13.0 16.0
0 412.0 75.0 12.0 12.0
0 431.5 67.5 13.0 11.0
0 507.0 60.5 10.0 15.0
0 530.5 70.5 9.0 15.0
0 546.5 74.5 13.0 13.0
0 540.0 64.5 8.0 11.0
0 543.5 58.5 9.0 13.0
0 532.5 59.5 13.0 11.0
0 572.0 68.0 10.0 14.0
0 569.5 59.0 11.0 10.0
0 608.0 57.0 12.0 12.0
0 445.0 146.0 24.0 24.0
0 496.5 124.5 17.0 21.0
0 517.5 146.0 21.0 24.0
0 557.0 153.5 22.0 29.0
0 545.0 130.0 16.0 18.0
0 557.5 101.5 13.0 17.0
0 584.0 101.5 16.0 19.0
0 576.0 93.0 12.0 16.0
0 613.5 74.5 11.0 13.0
0 623.5 88.0 13.0 14.0
0 626.0 109.0 20.0 20.0
0 602.0 126.5 18.0 23.0
0 640.0 147.0 18.0 20.0
0 687.0 132.0 20.0 24.0
0 652.5 100.5 15.0 17.0
0 642.5 82.0 11.0 14.0
0 632.5 72.0 11.0 16.0
0 654.0 58.5 10.0 11.0
0 660.0 73.0 12.0 14.0
0 677.0 63.0 12.0 16.0
0 694.5 68.0 13.0 16.0
0 685.5 81.0 11.0 14.0
0 675.0 111.0 16.0 18.0
0 684.5 99.5 13.0 17.0
0 712.5 82.5 11.0 15.0
0 743.0 76.0 14.0 14.0
0 754.0 76.0 14.0 18.0
0 751.0 93.5 16.0 17.0
0 745.5 109.5 13.0 19.0
0 753.5 156.0 21.0 26.0
0 751.5 135.0 19.0 26.0
0 815.0 137.5 18.0 23.0
0 819.5 114.5 15.0 19.0
0 806.5 103.5 17.0 15.0
0 789.0 87.5 14.0 17.0
0 795.5 79.0 17.0 16.0
