0 85.5 298.5 63.0 67.0
0 276.0 171.0 18.0 24.0
0 307.0 154.0 16.0 18.0
0 333.0 141.5 22.0 25.0
0 371.5 133.5 21.0 25.0
0 400.5 121.5 21.0 21.0
0 695.5 58.5 13.0 19.0
0 736.0 62.5 18.0 23.0
0 483.0 87.0 14.0 18.0
0 438.5 103.0 13.0 18.0
0 592.0 68.0 18.0 24.0
0 628.5 60.0 13.0 16.0
0 515.5 82.0 15.0 18.0
0 931.0 77.0 14.0 16.0
0 871.0 75.0 16.0 24.0
0 788.5 68.5 19.0 19.0
0 796.0 70.0 16.0 18.0
0 819.5 70.5 15.0 17.0
0 832.5 71.5 11.0 15.0
0 570.0 79.5 18.0 23.0
0 559.5 79.0 13.0 20.0
0 370.5 165.5 17.0 23.0
0 439.0 132.5 14.0 21.0
0 492.0 118.0 20.0 24.0
0 519.5 114.5 23.0 25.0
0 524.5 135.0 25.0 28.0
0 609.0 102.5 26.0 27.0
0 571.5 117.0 17.0 20.0
0 669.5 88.0 21.0 22.0
0 733.0 92.5 18.0 21.0
0 426.0 172.0 22.0 30.0
0 514.0 189.5 26.0 33.0
0 587.0 185.5 26.0 33.0
0 646.5 128.0 21.0 32.0
0 690.5 107.0 19.0 24.0
0 705.5 124.0 19.0 22.0
0 762.0 113.0 18.0 28.0
0 795.5 108.0 15.0 24.0
0 645.5 194.5 31.0 31.0
0 708.0 156.0 26.0 24.0
0 724.0 205.5 26.0 35.0
0 758.0 169.5 32.0 33.0
0 796.5 153.0 23.0 28.0
0 836.0 171.0 32.0 34.0
0 858.5 106.0 19.0 24.0
0 883.5 102.5 17.0 21.0
0 909.0 113.0 22.0 32.0
0 960.5 78.5 13.0 19.0
0 989.0 93.0 14.0 18.0
0 951.5 117.0 23.0 24.0
0 929.5 136.5 23.0 27.0
0 872.0 140.5 22.0 29.0
0 993.5 171.0 33.0 30.0
0 988.5 122.5 23.0 23.0
0 319.0 160.5 18.0 25.0
0 400.5 136.0 21.0 20.0
0 397.5 126.0 25.0 16.0
0 500.5 95.0 19.0 22.0
0 584.0 96.0 20.0 24.0
0 666.0 58.0 10.0 10.0
0 608.0 142.5 20.0 27.0
0 713.0 73.0 18.0 18.0
0 774.5 86.0 17.0 26.0
0 896.5 88.5 19.0 21.0
0 750.0 132.0 24.0 24.0
0 848.0 82.5 12.0 21.0
0 482.0 130.5 22.0 23.0
0 623.5 91.5 19.0 23.0
0 797.0 93.5 20.0 19.0
0 662.0 70.0 16.0 16.0
0 683.0 73.5 14.0 15.0
