0 133.0 293.5 56.0 67.0
0 274.0 171.5 18.0 19.0
0 287.0 164.5 18.0 19.0
0 309.5 173.0 21.0 20.0
0 323.5 155.5 17.0 21.0
0 334.5 173.0 19.0 22.0
0 335.5 141.0 17.0 20.0
0 360.0 144.0 18.0 24.0
0 365.5 171.5 25.0 25.0
0 388.5 138.0 19.0 28.0
0 398.0 136.0 16.0 22.0
0 429.5 179.0 29.0 32.0
0 429.0 142.0 18.0 20.0
0 418.0 123.5 18.0 21.0
0 440.0 107.0 18.0 20.0
0 465.0 133.0 20.0 22.0
0 494.5 143.0 23.0 30.0
0 486.0 122.0 24.0 24.0
0 461.5 117.5 17.0 17.0
0 480.5 92.5 17.0 17.0
0 508.5 100.0 19.0 18.0
0 509.0 89.0 14.0 14.0
0 519.0 83.0 12.0 14.0
0 543.0 114.5 14.0 17.0
0 551.0 99.5 18.0 23.0
0 568.5 85.0 17.0 22.0
0 577.5 117.0 21.0 24.0
0 592.0 93.0 20.0 20.0
0 611.5 105.0 25.0 20.0
0 600.0 72.0 18.0 20.0
0 628.0 89.0 18.0 16.0
0 661.5 85.5 17.0 19.0
0 636.0 60.0 16.0 16.0
0 669.5 63.5 13.0 15.0
0 696.0 60.0 12.0 16.0
0 694.5 72.5 13.0 13.0
0 713.0 72.5 16.0 21.0
0 746.0 63.0 18.0 18.0
0 599.5 153.0 25.0 28.0
0 518.5 189.0 27.0 32.0
0 581.0 192.5 32.0 35.0
0 625.5 226.0 39.0 38.0
0 719.0 210.0 32.0 42.0
0 653.5 159.5 27.0 31.0
0 653.5 127.5 25.0 27.0
0 691.5 105.5 21.0 21.0
0 709.5 126.5 23.0 27.0
0 708.5 155.5 25.0 33.0
0 731.5 111.0 21.0 26.0
0 749.5 135.5 23.0 29.0
0 776.0 174.0 30.0 36.0
0 803.0 155.0 22.0 34.0
0 836.0 172.5 26.0 37.0
0 778.5 121.5 23.0 27.0
0 731.0 96.5 26.0 25.0
0 768.0 82.0 18.0 20.0
0 780.0 68.5 16.0 19.0
0 796.0 82.0 14.0 16.0
0 792.5 102.5 17.0 21.0
0 819.0 96.0 18.0 20.0
0 820.5 83.0 17.0 20.0
0 802.0 71.5 14.0 17.0
0 830.5 76.0 13.0 18.0
0 852.5 83.0 17.0 18.0
0 858.0 76.0 14.0 14.0
0 890.0 81.5 16.0 19.0
0 873.0 102.5 18.0 21.0
0 853.5 111.0 17.0 24.0
0 874.5 158.5 25.0 27.0
0 905.0 116.0 18.0 26.0
0 925.5 130.0 21.0 22.0
0 946.0 120.0 24.0 24.0
0 924.0 97.5 18.0 21.0
0 924.0 83.5 12.0 17.0
0 951.5 98.0 21.0 22.0
0 960.0 86.5 16.0 19.0
0 987.5 124.0 21.0 26.0
0 991.0 103.5 18.0 25.0
0 987.5 179.0 31.0 36.0
