0 112.0 184.0 32.0 40.0
0 298.5 128.5 19.0 21.0
0 303.0 112.5 18.0 21.0
0 335.0 115.5 20.0 19.0
0 392.5 113.5 25.0 23.0
0 397.5 88.5 15.0 21.0
0 409.5 95.0 17.0 20.0
0 426.5 112.5 19.0 27.0
0 433.5 99.5 15.0 17.0
0 433.0 82.0 14.0 16.0
0 444.0 75.5 12.0 15.0
0 470.5 95.0 15.0 20.0
0 479.5 117.0 21.0 28.0
0 483.0 151.5 30.0 33.0
0 488.0 78.5 14.0 15.0
0 486.5 66.5 11.0 13.0
0 505.5 66.5 13.0 17.0
0 514.0 78.0 14.0 16.0
0 504.5 84.5 15.0 19.0
0 539.5 102.5 23.0 23.0
0 540.5 83.0 15.0 20.0
0 529.5 67.5 15.0 21.0
0 565.0 61.0 14.0 18.0
0 567.0 95.0 18.0 24.0
0 580.5 80.0 15.0 22.0
0 605.5 79.5 13.0 17.0
0 606.0 64.0 12.0 14.0
0 613.0 52.0 12.0 18.0
0 591.5 56.5 11.0 15.0
0 594.0 76.5 12.0 17.0
0 633.5 69.5 17.0 17.0
0 639.5 63.0 13.0 16.0
0 616.5 67.5 11.0 17.0
0 655.0 65.5 12.0 19.0
0 665.5 64.5 15.0 17.0
0 683.5 67.0 13.0 16.0
0 696.5 80.5 13.0 19.0
0 683.5 86.5 15.0 19.0
0 678.0 112.0 20.0 22.0
0 646.0 118.0 20.0 24.0
0 636.5 98.0 19.0 22.0
0 607.5 112.5 25.0 25.0
0 615.5 136.5 23.0 27.0
0 594.0 161.0 28.0 38.0
0 562.0 149.0 26.0 36.0
0 571.0 129.5 24.0 25.0
0 654.0 144.5 24.0 27.0
0 653.0 178.5 34.0 43.0
0 712.0 223.0 40.0 42.0
0 802.5 196.0 39.0 32.0
0 806.5 166.0 27.0 32.0
0 784.0 154.5 26.0 35.0
0 788.5 136.0 23.0 24.0
0 701.5 123.5 23.0 25.0
0 716.0 94.0 18.0 20.0
0 729.5 70.0 15.0 18.0
0 738.5 77.0 17.0 22.0
0 757.0 76.0 16.0 18.0
0 748.0 101.5 18.0 21.0
0 765.5 93.0 15.0 20.0
0 773.0 108.5 18.0 23.0
0 786.0 104.0 22.0 24.0
0 800.0 91.0 16.0 22.0
0 816.0 99.0 14.0 20.0
0 817.0 85.0 14.0 20.0
0 833.0 96.0 16.0 20.0
0 822.0 116.0 18.0 22.0
0 855.0 126.5 20.0 29.0
0 862.0 106.0 18.0 24.0
0 845.0 87.0 14.0 22.0
0 856.5 87.0 13.0 18.0
0 881.0 90.5 16.0 21.0
0 910.5 96.0 13.0 20.0
0 915.0 116.0 14.0 18.0
0 900.5 128.5 17.0 21.0
0 896.5 139.0 17.0 22.0
0 889.5 159.0 21.0 28.0
0 877.5 172.5 25.0 33.0
0 846.0 167.5 26.0 27.0
