0 289.5 295.5 57.0 59.0
0 350.5 195.5 23.0 23.0
0 361.5 186.5 23.0 23.0
0 416.0 186.5 32.0 29.0
0 444.5 181.5 27.0 27.0
0 420.0 159.5 24.0 23.0
0 426.0 152.5 16.0 17.0
0 499.0 179.5 32.0 29.0
0 527.0 185.0 30.0 34.0
0 575.0 154.0 26.0 30.0
0 621.0 147.0 22.0 28.0
0 495.0 138.0 20.0 26.0
0 515.5 123.5 19.0 25.0
0 534.0 128.0 20.0 26.0
0 554.0 114.0 22.0 22.0
0 587.5 111.0 17.0 26.0
0 598.5 138.5 21.0 27.0
0 641.5 130.0 21.0 26.0
0 677.0 137.5 24.0 29.0
0 687.5 112.0 23.0 30.0
0 722.0 133.0 22.0 32.0
0 642.5 104.0 19.0 22.0
0 624.5 89.5 17.0 21.0
0 739.0 105.5 18.0 23.0
0 767.5 104.5 17.0 23.0
0 787.0 94.0 18.0 22.0
0 807.0 85.5 16.0 19.0
0 835.0 85.0 18.0 22.0
0 764.0 73.0 14.0 16.0
0 748.5 76.5 17.0 21.0
0 622.5 214.0 37.0 42.0
0 682.5 219.5 41.0 43.0
0 697.5 190.0 31.0 46.0
0 765.0 180.0 32.0 36.0
0 781.5 147.0 29.0 38.0
0 823.5 120.0 27.0 32.0
0 821.5 160.0 29.0 36.0
0 817.5 191.5 33.0 39.0
0 867.0 219.5 40.0 43.0
0 897.5 200.5 33.0 45.0
0 893.0 164.0 28.0 30.0
0 870.0 139.5 26.0 27.0
0 868.5 118.5 23.0 27.0
0 902.5 113.0 23.0 24.0
0 928.5 108.5 23.0 25.0
0 963.0 96.5 20.0 25.0
0 980.5 106.5 17.0 19.0
0 1010.0 95.0 16.0 24.0
0 960.5 120.0 21.0 20.0
0 933.0 136.0 26.0 28.0
0 931.5 160.0 29.0 30.0
0 949.5 243.0 37.0 48.0
0 1005.0 196.5 32.0 43.0
0 1024.0 179.0 28.0 36.0
0 1030.5 152.5 27.0 31.0
0 986.0 149.5 26.0 29.0
0 1012.5 126.5 23.0 23.0
0 1032.5 113.5 23.0 27.0
0 1064.5 104.0 19.0 26.0
0 1055.5 134.0 23.0 28.0
0 1099.5 105.5 21.0 25.0
0 1113.0 135.5 20.0 29.0
0 1098.5 151.5 25.0 33.0
0 1087.5 192.0 31.0 40.0
0 1155.0 211.5 34.0 43.0
0 1067.5 219.5 35.0 45.0
