0 125.5 237.5 55.0 61.0
0 299.0 116.5 14.0 19.0
0 317.0 120.5 12.0 19.0
0 333.0 120.0 14.0 18.0
0 349.5 133.5 19.0 23.0
0 355.5 115.5 15.0 21.0
0 350.5 94.5 13.0 19.0
0 361.0 106.5 12.0 19.0
0 378.5 115.0 15.0 20.0
0 398.5 115.0 17.0 22.0
0 411.0 142.0 20.0 26.0
0 410.0 94.0 16.0 18.0
0 406.5 88.5 17.0 15.0
0 429.5 86.0 13.0 14.0
0 446.0 89.5 16.0 15.0
0 439.0 103.0 14.0 18.0
0 450.5 110.0 19.0 18.0
0 474.0 112.0 16.0 20.0
0 474.0 70.5 12.0 17.0
0 493.0 79.5 10.0 17.0
0 516.5 109.0 19.0 18.0
0 511.5 99.5 17.0 21.0
0 510.5 80.0 15.0 16.0
0 508.5 66.5 11.0 13.0
0 530.5 69.5 11.0 11.0
0 546.0 71.5 12.0 15.0
0 543.5 91.0 17.0 18.0
0 565.5 101.0 15.0 24.0
0 567.0 83.0 14.0 16.0
0 558.5 67.0 11.0 16.0
0 587.0 73.5 12.0 17.0
0 614.5 86.5 17.0 19.0
0 636.0 72.5 14.0 15.0
0 654.5 85.0 13.0 14.0
0 675.5 94.5 13.0 17.0
0 661.0 61.5 12.0 17.0
0 616.5 57.0 9.0 12.0
0 642.5 64.5 11.0 13.0
0 574.0 131.0 22.0 30.0
0 651.0 136.0 22.0 24.0
0 639.0 116.0 16.0 22.0
0 674.5 134.0 17.0 26.0
0 701.0 144.5 22.0 27.0
0 685.5 188.0 29.0 40.0
0 765.5 214.0 27.0 36.0
0 814.5 160.5 23.0 29.0
0 779.5 139.5 23.0 25.0
0 753.5 132.0 19.0 22.0
0 732.5 103.0 17.0 24.0
0 716.5 98.0 15.0 18.0
0 701.0 61.5 12.0 17.0
0 699.0 55.5 12.0 17.0
0 716.0 58.0 12.0 14.0
0 751.0 78.0 12.0 16.0
0 750.0 95.0 12.0 20.0
0 768.5 107.5 19.0 23.0
0 815.5 114.5 17.0 19.0
0 808.0 92.0 14.0 18.0
0 777.0 71.5 10.0 17.0
0 792.0 68.5 10.0 15.0
0 807.0 75.0 10.0 12.0
0 817.5 69.5 11.0 17.0
0 842.5 75.5 11.0 15.0
0 858.0 83.0 10.0 18.0
0 848.0 94.5 14.0 15.0
0 834.5 109.0 15.0 20.0
0 840.0 144.0 18.0 28.0
0 860.5 124.5 19.0 27.0
0 872.0 119.0 14.0 20.0
0 887.0 97.0 14.0 22.0
0 894.5 91.5 15.0 21.0
0 940.0 194.0 24.0 32.0
0 912.5 129.5 17.0 23.0
0 952.5 144.5 17.0 23.0
0 953.0 120.5 14.0 21.0
0 960.0 111.5 14.0 21.0
0 968.5 104.0 11.0 20.0
0 916.5 102.0 11.0 16.0
0 930.5 102.5 11.0 15.0
