0 69.5 239.5 33.0 45.0
0 274.0 167.0 16.0 16.0
0 288.5 161.5 19.0 19.0
0 314.0 150.5 18.0 21.0
0 335.5 129.0 17.0 20.0
0 364.5 157.5 15.0 19.0
0 354.0 152.5 16.0 17.0
0 374.5 125.0 17.0 20.0
0 394.5 124.5 15.0 19.0
0 409.0 116.0 16.0 20.0
0 416.5 129.5 15.0 17.0
0 442.5 128.5 15.0 17.0
0 466.5 134.0 17.0 20.0
0 487.0 141.5 20.0 21.0
0 464.0 159.0 18.0 20.0
0 512.5 171.0 27.0 26.0
0 435.5 97.5 13.0 13.0
0 458.5 99.5 17.0 17.0
0 481.5 90.5 11.0 13.0
0 477.0 106.5 16.0 19.0
0 488.0 120.5 20.0 19.0
0 504.5 84.0 15.0 14.0
0 512.5 92.5 15.0 17.0
0 521.0 75.5 14.0 13.0
0 545.5 112.5 17.0 19.0
0 560.5 94.0 13.0 14.0
0 565.5 77.5 17.0 17.0
0 588.0 79.0 16.0 18.0
0 582.5 112.5 19.0 19.0
0 581.0 93.5 16.0 17.0
0 619.0 92.5 18.0 19.0
0 607.0 62.5 12.0 13.0
0 632.0 62.5 12.0 13.0
0 634.5 53.0 13.0 14.0
0 653.5 61.5 13.0 15.0
0 669.5 55.5 13.0 15.0
0 684.5 55.5 13.0 15.0
0 667.0 78.0 14.0 18.0
0 709.0 68.5 16.0 17.0
0 685.0 70.5 14.0 15.0
0 735.5 54.5 15.0 17.0
0 600.0 140.0 24.0 26.0
0 597.0 171.0 24.0 30.0
0 640.5 200.0 25.0 30.0
0 714.0 196.0 30.0 28.0
0 646.5 152.0 23.0 28.0
0 652.5 121.5 19.0 21.0
0 707.0 147.0 22.0 26.0
0 699.5 104.0 17.0 20.0
0 714.0 119.0 16.0 20.0
0 727.0 86.5 20.0 23.0
0 743.0 106.5 20.0 21.0
0 769.5 90.0 15.0 22.0
0 793.0 63.0 14.0 16.0
0 803.0 58.5 14.0 15.0
0 796.0 78.0 16.0 20.0
0 811.0 74.0 16.0 20.0
0 813.0 91.5 18.0 21.0
0 784.0 115.5 20.0 23.0
0 755.0 127.0 22.0 26.0
0 767.0 167.5 28.0 27.0
0 815.0 151.5 20.0 21.0
0 824.0 170.0 24.0 30.0
0 835.0 64.5 12.0 17.0
0 851.5 79.5 13.0 17.0
0 864.5 73.0 13.0 16.0
0 859.0 99.0 24.0 26.0
0 887.0 78.0 14.0 16.0
0 885.0 109.0 12.0 14.0
0 900.0 112.5 18.0 21.0
0 908.0 85.5 16.0 23.0
0 931.5 70.5 11.0 13.0
0 931.0 89.0 14.0 18.0
0 958.5 71.5 11.0 15.0
0 989.5 89.0 15.0 18.0
0 952.0 94.0 16.0 12.0
0 950.5 115.0 15.0 20.0
0 986.5 111.0 17.0 22.0
0 923.5 132.0 19.0 24.0
0 984.5 169.0 23.0 30.0
