0 152.0 335.5 54.0 67.0
0 346.5 157.0 21.0 26.0
0 399.5 146.5 25.0 27.0
0 418.5 131.0 27.0 28.0
0 443.5 147.0 27.0 32.0
0 472.0 131.5 24.0 29.0
0 487.0 125.0 22.0 24.0
0 540.5 111.5 21.0 23.0
0 524.0 148.0 22.0 24.0
0 491.5 160.0 27.0 26.0
0 569.0 185.0 30.0 36.0
0 563.5 124.5 23.0 25.0
0 595.5 106.0 21.0 20.0
0 615.0 99.5 20.0 23.0
0 620.0 107.0 22.0 24.0
0 645.5 96.5 17.0 19.0
0 623.0 149.0 22.0 28.0
0 685.0 138.5 20.0 19.0
0 690.5 102.0 23.0 22.0
0 721.5 85.0 21.0 22.0
0 722.5 100.0 21.0 20.0
0 749.5 94.0 23.0 22.0
0 771.0 80.5 20.0 21.0
0 816.0 81.0 18.0 20.0
0 830.5 85.5 17.0 19.0
0 797.0 96.5 20.0 15.0
0 785.0 114.5 16.0 21.0
0 795.0 123.0 20.0 24.0
0 747.5 125.5 21.0 23.0
0 842.0 114.0 20.0 22.0
0 884.5 86.0 19.0 20.0
0 878.0 100.0 18.0 20.0
0 918.5 99.0 19.0 22.0
0 1004.0 107.0 22.0 20.0
0 973.0 120.0 18.0 22.0
0 950.0 129.5 20.0 27.0
0 916.0 133.0 18.0 18.0
0 842.5 159.5 21.0 27.0
0 794.5 182.0 31.0 36.0
0 724.0 222.5 28.0 35.0
0 783.0 229.0 30.0 32.0
0 917.5 160.5 25.0 31.0
0 980.0 176.5 24.0 27.0
0 994.0 142.0 22.0 24.0
0 1032.5 120.0 19.0 22.0
0 1060.0 136.5 22.0 23.0
0 1023.0 159.0 26.0 24.0
0 1043.0 184.5 24.0 33.0
0 955.0 142.5 20.0 23.0
0 1115.0 140.5 20.0 19.0
0 1105.0 147.5 18.0 21.0
0 1165.5 139.5 19.0 19.0
0 1157.0 153.5 20.0 21.0
0 1138.0 169.0 26.0 26.0
0 1204.5 145.0 17.0 18.0
0 1250.0 159.0 14.0 16.0
0 1178.0 207.5 20.0 33.0
0 1204.0 231.5 26.0 39.0
0 1245.5 190.0 19.0 36.0
0 1247.0 223.5 24.0 27.0
0 1212.5 279.5 25.0 43.0
0 1141.0 259.0 26.0 44.0
0 1102.0 222.5 24.0 29.0
0 1029.0 273.0 32.0 52.0
0 1100.5 318.0 39.0 48.0
0 949.0 256.0 32.0 42.0
0 845.5 245.0 31.0 38.0
