0 59.5 183.5 29.0 27.0
0 280.5 115.5 15.0 15.0
0 288.5 128.5 17.0 19.0
0 316.5 122.5 17.0 19.0
0 316.5 93.5 15.0 19.0
0 332.5 103.5 15.0 17.0
0 359.5 102.0 15.0 20.0
0 341.0 130.5 18.0 21.0
0 354.0 141.5 22.0 25.0
0 381.5 101.5 17.0 21.0
0 393.0 108.0 16.0 22.0
0 398.0 92.5 16.0 17.0
0 402.0 79.0 16.0 16.0
0 426.0 88.5 18.0 21.0
0 419.5 118.0 19.0 24.0
0 463.5 114.0 19.0 22.0
0 454.0 96.0 18.0 20.0
0 445.5 83.0 13.0 14.0
0 450.0 74.5 16.0 11.0
0 464.5 69.0 13.0 14.0
0 474.0 82.5 14.0 15.0
0 486.0 76.5 12.0 11.0
0 479.5 62.0 13.0 14.0
0 500.5 66.0 11.0 14.0
0 497.5 91.0 15.0 16.0
0 518.5 104.0 19.0 20.0
0 524.5 84.0 15.0 16.0
0 523.5 70.5 11.0 13.0
0 520.0 63.5 14.0 19.0
0 465.0 159.5 28.0 31.0
0 522.5 162.5 29.0 31.0
0 550.0 130.5 26.0 31.0
0 558.5 90.5 21.0 21.0
0 544.0 68.0 14.0 16.0
0 552.5 59.0 15.0 16.0
0 569.5 64.5 17.0 17.0
0 588.0 83.5 14.0 17.0
0 594.0 68.5 16.0 15.0
0 600.0 54.5 12.0 15.0
0 620.5 66.0 15.0 16.0
0 633.0 51.5 14.0 17.0
0 653.0 65.0 14.0 14.0
0 656.5 52.0 11.0 12.0
0 674.0 57.5 14.0 17.0
0 618.0 99.5 18.0 21.0
0 593.5 113.0 21.0 18.0
0 597.0 125.5 20.0 23.0
0 575.5 179.0 29.0 36.0
0 644.0 130.0 22.0 28.0
0 677.5 115.0 21.0 28.0
0 648.0 183.0 36.0 38.0
0 715.5 202.0 31.0 36.0
0 768.5 225.5 37.0 35.0
0 861.5 225.5 35.0 47.0
0 876.5 182.5 29.0 33.0
0 871.5 150.5 21.0 29.0
0 903.0 118.5 16.0 21.0
0 832.5 116.5 19.0 23.0
0 823.5 139.5 19.0 25.0
0 792.0 182.0 24.0 28.0
0 738.0 167.0 22.0 30.0
0 692.0 160.5 24.0 29.0
0 736.5 140.5 27.0 27.0
0 757.5 123.5 19.0 23.0
0 780.5 139.0 21.0 34.0
0 670.0 91.5 16.0 17.0
0 663.5 81.0 15.0 18.0
0 694.0 75.0 12.0 16.0
0 705.5 85.0 15.0 22.0
0 721.5 81.0 15.0 16.0
0 721.0 69.0 12.0 12.0
0 743.0 71.0 14.0 18.0
0 757.0 83.0 16.0 20.0
0 724.0 107.0 20.0 22.0
