0 250.0 287.5 56.0 63.0
0 346.5 184.5 23.0 21.0
0 363.5 178.0 23.0 24.0
0 404.0 180.5 20.0 29.0
0 430.5 194.0 25.0 30.0
0 479.5 187.5 29.0 31.0
0 514.0 184.5 28.0 35.0
0 387.5 159.5 25.0 25.0
0 417.0 156.0 22.0 26.0
0 519.0 155.0 24.0 32.0
0 544.5 157.0 23.0 30.0
0 641.0 209.0 28.0 38.0
0 608.0 160.5 26.0 35.0
0 504.0 134.0 22.0 26.0
0 530.0 121.5 22.0 25.0
0 567.0 101.0 18.0 24.0
0 589.0 107.0 18.0 22.0
0 628.5 131.5 19.0 23.0
0 627.0 88.5 16.0 19.0
0 650.5 102.5 19.0 19.0
0 655.5 84.0 19.0 18.0
0 676.0 119.0 20.0 22.0
0 686.5 136.0 19.0 26.0
0 714.5 117.0 25.0 26.0
0 706.5 92.0 19.0 22.0
0 745.0 102.0 18.0 24.0
0 743.5 78.5 17.0 23.0
0 772.0 104.5 18.0 23.0
0 782.5 91.5 17.0 23.0
0 812.0 81.5 16.0 23.0
0 837.0 83.0 18.0 22.0
0 692.0 210.0 38.0 40.0
0 721.5 172.5 27.0 33.0
0 766.0 175.5 30.0 37.0
0 790.0 143.5 24.0 31.0
0 819.5 117.0 25.0 30.0
0 839.0 138.5 24.0 29.0
0 817.0 186.0 32.0 34.0
0 880.5 217.0 37.0 46.0
0 902.0 184.0 30.0 42.0
0 878.0 162.0 24.0 34.0
0 851.5 115.0 21.0 22.0
0 887.0 128.0 24.0 26.0
0 904.0 105.5 22.0 31.0
0 934.0 134.5 24.0 33.0
0 938.5 165.0 25.0 34.0
0 938.0 244.0 42.0 48.0
0 1004.0 205.5 26.0 43.0
0 1028.5 174.0 27.0 38.0
0 1077.0 204.5 28.0 45.0
0 1092.5 175.0 27.0 38.0
0 1105.0 154.5 22.0 35.0
0 1113.5 134.0 21.0 28.0
0 1102.0 101.0 18.0 22.0
0 1145.0 185.5 24.0 39.0
0 982.0 147.0 22.0 26.0
0 958.5 125.5 21.0 27.0
0 962.0 97.5 18.0 23.0
0 985.0 102.5 18.0 25.0
0 1010.5 118.0 21.0 30.0
0 1027.0 106.5 20.0 29.0
0 1056.5 127.0 23.0 30.0
0 1043.5 108.0 17.0 18.0
