0 49.5 241.0 35.0 42.0
0 268.0 169.5 14.0 19.0
0 304.0 158.5 12.0 17.0
0 313.5 156.5 17.0 23.0
0 330.0 131.0 16.0 20.0
0 368.0 131.5 18.0 21.0
0 392.5 128.5 17.0 21.0
0 405.5 120.0 15.0 18.0
0 433.0 105.0 14.0 16.0
0 454.0 108.0 16.0 22.0
0 481.5 86.0 13.0 14.0
0 514.0 79.5 16.0 15.0
0 504.0 100.5 18.0 19.0
0 450.0 129.5 16.0 19.0
0 365.0 159.5 20.0 25.0
0 426.5 176.5 27.0 25.0
0 491.5 131.5 15.0 27.0
0 569.5 81.5 17.0 25.0
0 519.5 120.0 17.0 20.0
0 512.0 134.0 18.0 24.0
0 602.0 69.0 10.0 16.0
0 628.5 62.5 13.0 17.0
0 599.0 89.5 20.0 21.0
0 572.0 102.5 26.0 25.0
0 582.0 122.0 20.0 26.0
0 506.0 182.5 28.0 33.0
0 621.5 92.5 19.0 23.0
0 647.0 66.5 16.0 21.0
0 665.0 59.0 14.0 16.0
0 595.5 177.5 29.0 31.0
0 595.0 146.5 28.0 31.0
0 654.0 120.0 20.0 24.0
0 649.0 152.5 30.0 31.0
0 661.5 85.0 19.0 18.0
0 679.0 62.5 10.0 13.0
0 711.5 75.0 13.0 18.0
0 747.5 59.0 13.0 18.0
0 702.5 122.5 19.0 23.0
0 697.0 108.5 20.0 21.0
0 750.5 85.0 19.0 22.0
0 719.0 93.0 20.0 24.0
0 748.5 108.5 23.0 19.0
0 754.0 131.0 26.0 24.0
0 702.0 148.0 20.0 26.0
0 719.5 197.0 31.0 36.0
0 763.5 177.0 25.0 34.0
0 785.5 73.5 15.0 21.0
0 795.5 73.0 21.0 22.0
0 779.5 98.0 17.0 24.0
0 795.5 110.0 19.0 26.0
0 816.0 76.5 16.0 25.0
0 835.5 75.0 17.0 28.0
0 846.5 82.0 17.0 24.0
0 860.5 77.5 13.0 19.0
0 808.0 96.0 20.0 22.0
0 824.0 131.5 18.0 25.0
0 829.0 171.5 28.0 29.0
0 849.0 105.5 18.0 23.0
0 882.5 86.5 21.0 25.0
0 897.5 108.0 15.0 22.0
0 906.0 90.0 14.0 28.0
0 917.0 90.5 24.0 27.0
0 926.0 76.5 12.0 21.0
0 953.0 78.5 14.0 19.0
0 925.0 134.5 16.0 25.0
0 944.5 122.0 23.0 26.0
0 990.0 94.0 14.0 20.0
0 982.5 116.0 13.0 20.0
0 979.0 164.0 20.0 26.0
0 551.5 102.5 21.0 23.0
0 572.5 145.5 19.0 23.0
0 486.0 103.5 18.0 21.0
0 503.0 116.5 20.0 25.0
0 648.0 196.5 34.0 37.0
0 946.0 101.0 16.0 24.0
0 864.5 100.0 17.0 24.0
