0 58.0 148.5 26.0 29.0
0 271.5 111.0 17.0 16.0
0 297.5 113.0 13.0 16.0
0 304.5 117.0 15.0 18.0
0 329.0 114.0 16.0 22.0
0 361.0 120.5 18.0 23.0
0 386.0 123.5 18.0 23.0
0 402.0 129.5 18.0 21.0
0 425.0 115.0 18.0 22.0
0 413.0 103.5 16.0 21.0
0 394.0 95.5 14.0 17.0
0 355.0 107.0 12.0 14.0
0 347.5 96.0 13.0 16.0
0 327.5 91.0 15.0 16.0
0 358.0 90.0 12.0 12.0
0 410.0 75.0 10.0 16.0
0 416.0 85.5 14.0 17.0
0 431.0 95.0 12.0 18.0
0 392.5 84.0 13.0 12.0
0 451.5 101.0 19.0 16.0
0 465.5 83.0 13.0 18.0
0 459.0 75.0 12.0 12.0
0 473.0 62.0 12.0 12.0
0 487.0 95.0 16.0 16.0
0 482.0 76.0 14.0 16.0
0 499.0 64.0 14.0 12.0
0 506.5 78.0 13.0 18.0
0 521.0 82.5 14.0 17.0
0 529.5 95.0 17.0 20.0
0 525.0 63.0 12.0 14.0
0 547.0 75.0 10.0 16.0
0 568.5 81.0 17.0 18.0
0 566.0 57.0 12.0 16.0
0 583.5 66.5 9.0 13.0
0 592.0 68.5 12.0 17.0
0 610.0 79.0 14.0 18.0
0 618.0 75.0 12.0 18.0
0 616.5 56.0 13.0 16.0
0 590.0 52.5 12.0 13.0
0 646.5 61.0 13.0 18.0
0 658.0 55.5 10.0 13.0
0 675.5 55.0 11.0 14.0
0 609.5 98.5 21.0 21.0
0 558.5 117.5 25.0 25.0
0 586.5 128.5 25.0 27.0
0 626.0 104.0 16.0 20.0
0 662.5 136.5 23.0 27.0
0 661.5 122.5 21.0 21.0
0 676.0 178.0 30.0 36.0
0 714.5 192.0 31.0 34.0
0 762.0 152.5 26.0 31.0
0 722.0 125.0 22.0 24.0
0 698.0 120.0 18.0 26.0
0 679.5 93.5 17.0 19.0
0 696.5 75.0 15.0 18.0
0 695.5 92.5 15.0 17.0
0 717.0 99.5 16.0 21.0
0 715.0 70.5 12.0 17.0
0 727.5 66.5 11.0 15.0
0 748.0 73.0 12.0 16.0
0 761.5 72.5 11.0 11.0
0 753.5 85.5 15.0 15.0
0 750.5 101.5 15.0 21.0
0 771.0 111.5 16.0 15.0
0 786.0 92.0 16.0 18.0
0 793.0 72.0 14.0 14.0
0 801.5 79.5 13.0 15.0
0 808.5 76.5 11.0 15.0
0 821.0 90.5 14.0 17.0
0 811.5 110.5 15.0 21.0
0 800.0 113.0 18.0 20.0
0 783.5 129.5 21.0 21.0
0 861.5 175.5 25.0 31.0
0 845.0 127.0 18.0 26.0
0 851.0 115.5 18.0 19.0
0 854.5 93.0 17.0 18.0
0 863.0 80.5 12.0 17.0
0 883.5 114.0 15.0 22.0
0 885.5 139.5 23.0 23.0
0 893.0 94.5 14.0 15.0
