0 28.0 337.5 40.0 43.0
0 280.5 242.0 17.0 24.0
0 312.5 261.0 23.0 34.0
0 344.5 224.0 21.0 24.0
0 357.5 259.5 21.0 29.0
0 406.5 255.0 25.0 34.0
0 429.0 234.0 20.0 22.0
0 432.0 206.5 18.0 19.0
0 467.0 237.5 18.0 27.0
0 499.0 243.0 24.0 26.0
0 567.0 290.0 34.0 40.0
0 547.5 243.0 27.0 28.0
0 661.0 288.5 32.0 31.0
0 723.0 314.5 32.0 41.0
0 798.5 319.5 29.0 45.0
0 859.0 340.5 40.0 55.0
0 998.5 355.5 35.0 45.0
0 1106.5 332.5 31.0 45.0
0 1030.0 339.0 32.0 40.0
0 953.5 306.0 35.0 44.0
0 875.5 296.5 29.0 33.0
0 796.5 269.0 23.0 34.0
0 648.5 252.0 27.0 30.0
0 612.5 226.0 19.0 26.0
0 474.0 191.5 18.0 19.0
0 498.0 191.5 16.0 19.0
0 520.5 175.0 15.0 16.0
0 542.5 189.0 19.0 22.0
0 579.5 190.5 17.0 23.0
0 612.5 190.0 15.0 20.0
0 628.0 197.5 16.0 23.0
0 640.5 180.5 15.0 21.0
0 662.0 181.5 24.0 17.0
0 684.0 198.5 18.0 25.0
0 706.5 187.0 19.0 24.0
0 835.0 264.0 22.0 26.0
0 989.0 256.5 26.0 33.0
0 1044.5 264.0 29.0 32.0
0 1017.0 242.0 18.0 26.0
0 1067.0 254.5 22.0 29.0
0 1143.0 256.0 22.0 28.0
0 838.5 219.5 23.0 27.0
0 727.0 243.0 28.0 26.0
0 773.5 218.5 27.0 29.0
0 805.0 192.5 22.0 23.0
0 732.5 181.5 13.0 17.0
0 884.0 205.0 20.0 22.0
0 855.0 181.0 18.0 22.0
0 894.5 179.0 21.0 24.0
0 947.5 205.5 17.0 25.0
0 993.5 219.0 19.0 26.0
0 1036.0 201.5 18.0 21.0
0 1068.0 221.0 18.0 24.0
0 1103.0 235.5 22.0 25.0
0 1088.0 200.0 20.0 20.0
0 1064.0 188.0 16.0 28.0
0 1135.0 222.0 16.0 24.0
0 1001.0 193.0 16.0 24.0
0 968.0 176.0 18.0 24.0
0 951.0 177.0 14.0 18.0
0 927.5 167.5 17.0 19.0
0 852.5 160.5 15.0 21.0
0 741.5 149.0 11.0 20.0
0 677.5 166.5 13.0 23.0
0 697.0 159.5 16.0 17.0
0 775.0 161.0 14.0 18.0
0 805.5 157.5 15.0 17.0
0 823.0 165.0 14.0 18.0
0 1140.0 204.0 16.0 22.0
0 720.5 285.5 39.0 35.0
0 1022.5 221.5 21.0 21.0
0 1025.0 183.0 16.0 20.0
0 1117.5 222.5 17.0 29.0
0 930.0 189.0 16.0 18.0
0 730.0 159.0 14.0 20.0
0 759.5 156.5 13.0 19.0
0 783.5 174.0 15.0 20.0
0 493.0 217.0 16.0 20.0
0 526.5 225.0 23.0 24.0
0 567.5 228.0 25.0 28.0
0 565.5 175.0 15.0 18.0
0 786.0 252.0 24.0 32.0
