0 361.5 128.0 17.0 20.0
0 433.0 140.0 20.0 20.0
0 449.0 132.0 12.0 20.0
0 467.5 135.5 17.0 29.0
0 503.5 141.0 27.0 24.0
0 533.5 115.0 15.0 24.0
0 568.5 118.0 19.0 22.0
0 622.0 109.0 18.0 18.0
0 658.5 90.5 11.0 17.0
0 703.0 119.0 28.0 22.0
0 754.5 115.0 17.0 22.0
0 677.5 157.5 27.0 25.0
0 743.0 188.0 24.0 34.0
0 807.0 153.0 20.0 24.0
0 882.0 146.0 24.0 20.0
0 890.5 126.0 11.0 20.0
0 940.5 139.0 19.0 18.0
0 980.0 133.5 14.0 21.0
0 917.0 177.5 20.0 23.0
0 895.0 203.5 22.0 35.0
0 481.5 55.5 17.0 13.0
