0 408.0 135.0 16.0 20.0
0 427.0 139.0 18.0 22.0
0 433.0 145.5 22.0 23.0
0 394.5 109.5 19.0 23.0
0 434.0 114.5 16.0 19.0
0 451.5 119.5 19.0 21.0
0 431.5 92.5 19.0 19.0
0 444.0 90.5 16.0 21.0
0 483.5 93.5 15.0 21.0
0 493.5 100.0 17.0 20.0
0 475.0 122.0 22.0 22.0
0 490.5 78.0 13.0 12.0
0 495.5 88.5 13.0 17.0
0 507.5 89.0 15.0 20.0
0 501.5 78.0 11.0 12.0
0 517.5 68.0 11.0 16.0
0 519.0 121.5 20.0 25.0
0 525.0 110.5 18.0 21.0
0 554.5 108.5 17.0 21.0
0 555.5 91.5 15.0 17.0
0 556.0 79.0 16.0 16.0
0 582.5 73.5 13.0 19.0
0 598.5 79.5 15.0 17.0
0 575.5 94.0 19.0 18.0
0 625.5 92.0 15.0 18.0
0 622.5 60.0 13.0 14.0
0 628.0 71.0 14.0 14.0
0 646.5 55.5 9.0 13.0
0 648.5 69.5 15.0 13.0
0 646.0 82.0 16.0 16.0
0 676.5 85.0 17.0 16.0
0 682.0 62.5 16.0 19.0
0 708.5 69.0 13.0 14.0
0 731.0 63.5 14.0 15.0
0 690.0 105.0 18.0 20.0
0 649.0 123.5 22.0 21.0
0 634.0 140.0 28.0 32.0
0 580.5 152.5 27.0 31.0
0 653.5 162.0 29.0 30.0
0 685.0 212.0 36.0 42.0
0 781.5 254.5 67.0 73.0
0 745.0 103.0 16.0 20.0
0 749.5 85.0 17.0 18.0
0 787.0 77.5 12.0 13.0
0 812.5 72.0 13.0 20.0
0 822.5 89.0 11.0 20.0
0 785.5 96.0 15.0 16.0
0 786.5 110.0 17.0 20.0
0 824.0 116.0 18.0 22.0
0 832.5 98.5 15.0 17.0
0 857.0 101.5 14.0 17.0
0 872.5 86.0 13.0 18.0
0 891.0 107.5 16.0 15.0
0 907.5 95.0 13.0 16.0
0 930.5 110.0 13.0 18.0
0 937.0 122.5 16.0 19.0
0 971.0 93.5 12.0 23.0
0 976.5 112.0 17.0 26.0
0 966.0 140.0 16.0 20.0
0 921.5 132.5 21.0 23.0
0 871.0 123.5 18.0 21.0
0 854.5 147.5 23.0 29.0
0 878.0 171.5 26.0 31.0
0 909.0 151.5 22.0 29.0
0 960.0 179.5 26.0 31.0
0 782.5 137.5 21.0 31.0
0 774.0 148.5 28.0 31.0
