0 234.0 346.5 58.0 59.0
0 429.5 163.5 27.0 31.0
0 485.0 166.5 36.0 29.0
0 512.5 146.0 27.0 28.0
0 560.5 159.0 23.0 26.0
0 588.5 164.0 29.0 34.0
0 650.0 134.5 28.0 31.0
0 722.0 119.0 26.0 32.0
0 757.5 77.0 13.0 16.0
0 712.5 177.5 33.0 33.0
0 790.5 169.5 33.0 35.0
0 828.0 155.0 30.0 34.0
0 848.5 181.5 37.0 41.0
0 895.5 165.0 33.0 40.0
0 964.0 197.0 34.0 44.0
0 917.5 112.5 29.0 29.0
0 963.0 121.5 22.0 31.0
0 1009.5 123.0 25.0 34.0
0 1025.5 255.0 47.0 54.0
0 1053.5 230.0 41.0 52.0
0 1127.0 266.0 40.0 52.0
0 1130.5 214.5 33.0 47.0
0 1042.0 158.0 28.0 28.0
0 1060.5 126.0 19.0 28.0
0 1128.0 129.0 20.0 24.0
0 1101.0 166.5 24.0 33.0
0 1076.5 117.5 23.0 27.0
0 1164.0 169.5 24.0 35.0
