0 232.0 279.0 60.0 68.0
0 361.5 195.5 27.0 37.0
0 387.0 186.0 28.0 38.0
0 417.0 155.5 26.0 27.0
0 444.0 183.5 34.0 33.0
0 502.5 192.0 31.0 38.0
0 483.0 184.5 28.0 33.0
0 493.5 161.0 25.0 22.0
0 504.5 134.5 23.0 25.0
0 527.5 127.5 25.0 25.0
0 563.5 151.0 29.0 24.0
0 612.0 161.0 28.0 34.0
0 561.5 119.0 21.0 22.0
0 557.0 99.0 18.0 22.0
0 638.0 128.5 30.0 27.0
0 581.5 113.0 19.0 22.0
0 609.0 109.0 20.0 22.0
0 630.5 93.0 19.0 20.0
0 684.5 115.5 25.0 27.0
0 676.5 90.0 21.0 28.0
0 699.0 133.0 30.0 28.0
0 693.5 99.0 19.0 24.0
0 706.5 90.0 17.0 20.0
0 728.5 103.5 21.0 25.0
0 738.5 84.0 17.0 24.0
0 715.0 43.5 18.0 19.0
0 764.5 108.0 21.0 26.0
0 757.0 93.0 18.0 22.0
0 765.5 79.5 17.0 19.0
0 799.5 95.0 25.0 22.0
0 799.5 65.5 19.0 23.0
0 811.0 84.5 18.0 23.0
0 835.5 82.5 21.0 25.0
0 870.5 75.0 23.0 22.0
0 678.5 210.5 39.0 47.0
0 696.5 181.5 37.0 37.0
0 753.5 179.5 31.0 37.0
0 754.5 149.5 29.0 31.0
0 792.0 209.0 38.0 40.0
0 815.5 192.5 29.0 35.0
0 820.0 159.0 28.0 34.0
0 848.5 136.0 29.0 34.0
0 885.5 155.5 29.0 37.0
0 1017.0 289.5 46.0 49.0
0 1108.0 284.5 50.0 57.0
0 979.5 196.0 33.0 44.0
0 934.5 161.0 39.0 36.0
0 897.5 119.0 25.0 30.0
0 917.0 127.0 26.0 30.0
0 943.0 118.0 22.0 28.0
0 947.5 96.5 21.0 25.0
0 969.5 148.5 21.0 31.0
0 975.5 112.5 21.0 23.0
0 978.0 80.0 18.0 18.0
0 1016.0 166.5 26.0 35.0
0 1022.0 115.5 18.0 25.0
0 1033.0 146.5 30.0 33.0
0 1046.0 227.0 38.0 50.0
0 1142.0 218.5 32.0 45.0
0 1149.5 174.0 35.0 36.0
0 1067.5 175.0 29.0 36.0
0 1095.5 162.5 29.0 39.0
0 1011.5 88.0 19.0 24.0
0 1032.5 90.0 21.0 24.0
0 1069.5 113.5 19.0 27.0
0 1080.0 103.5 20.0 25.0
0 1113.0 129.5 22.0 29.0
0 1120.5 111.5 19.0 29.0
0 1050.0 130.0 24.0 26.0
