0 31.5 305.5 29.0 37.0
0 291.5 239.5 19.0 25.0
0 327.0 248.0 22.0 28.0
0 358.0 217.5 20.0 21.0
0 360.0 258.0 22.0 28.0
0 418.5 261.5 25.0 27.0
0 442.5 208.0 21.0 24.0
0 468.5 248.0 19.0 24.0
0 461.0 233.0 20.0 26.0
0 490.0 182.5 18.0 19.0
0 581.0 170.5 20.0 19.0
0 568.0 172.5 16.0 19.0
0 582.5 187.0 21.0 20.0
0 608.5 191.0 21.0 24.0
0 638.5 178.5 19.0 15.0
0 638.0 194.5 18.0 23.0
0 679.5 159.5 13.0 15.0
0 706.0 161.5 20.0 19.0
0 678.5 175.0 17.0 16.0
0 692.0 184.0 22.0 22.0
0 680.0 198.0 20.0 22.0
0 640.5 219.5 21.0 25.0
0 582.0 216.0 20.0 22.0
0 548.0 218.5 24.0 21.0
0 550.5 243.0 27.0 26.0
0 511.0 243.5 24.0 23.0
0 512.5 214.0 23.0 22.0
0 528.5 185.5 15.0 13.0
0 743.0 157.0 16.0 18.0
0 752.5 145.0 13.0 16.0
0 770.5 156.0 17.0 16.0
0 807.0 154.5 12.0 15.0
0 791.5 178.5 19.0 21.0
0 826.0 163.5 16.0 19.0
0 842.5 161.5 13.0 19.0
0 827.5 192.5 25.0 25.0
0 746.0 177.5 20.0 21.0
0 913.0 160.0 14.0 22.0
0 959.5 163.0 19.0 22.0
0 953.0 179.5 16.0 15.0
0 917.0 189.5 18.0 25.0
0 937.5 200.5 23.0 27.0
0 880.0 204.5 22.0 25.0
0 864.5 188.5 17.0 21.0
0 993.0 174.5 14.0 15.0
0 1032.0 183.5 18.0 19.0
0 1055.0 188.0 16.0 18.0
0 1071.0 181.5 18.0 21.0
0 1098.0 203.0 16.0 20.0
0 1148.0 201.0 14.0 18.0
0 1143.5 220.0 17.0 22.0
0 1070.0 226.0 18.0 26.0
0 1047.5 207.0 17.0 22.0
0 999.0 214.5 20.0 25.0
0 1028.0 218.5 20.0 29.0
0 994.0 242.5 22.0 23.0
0 985.0 259.5 22.0 29.0
0 1059.5 249.5 23.0 27.0
0 1135.5 251.5 19.0 21.0
0 1124.0 280.0 26.0 36.0
0 1055.5 288.5 27.0 33.0
0 1106.0 324.5 24.0 35.0
0 1031.0 324.0 30.0 28.0
0 964.5 288.0 27.0 28.0
0 907.5 281.0 27.0 32.0
0 847.5 243.5 27.0 27.0
0 815.0 263.5 32.0 31.0
0 800.5 239.0 21.0 24.0
0 782.0 220.5 22.0 25.0
0 734.5 231.5 25.0 27.0
0 619.5 277.0 27.0 40.0
0 666.5 263.5 29.0 33.0
0 668.0 285.0 30.0 36.0
0 716.0 294.5 30.0 29.0
0 750.5 302.5 37.0 39.0
0 814.0 324.5 36.0 43.0
0 873.0 354.5 44.0 55.0
0 1020.0 363.0 38.0 48.0
