0 61.5 128.0 19.0 22.0
0 91.5 133.0 21.0 22.0
0 196.5 131.5 23.0 27.0
0 272.5 119.5 23.0 29.0
0 290.0 117.5 20.0 23.0
0 327.0 98.5 14.0 17.0
0 370.5 110.0 27.0 30.0
0 387.0 102.0 18.0 26.0
0 409.0 133.0 24.0 24.0
0 414.5 116.0 19.0 22.0
0 421.5 91.0 17.0 20.0
0 430.0 70.5 16.0 19.0
0 455.0 84.0 18.0 20.0
0 456.0 112.5 18.0 25.0
0 520.0 94.0 16.0 18.0
0 508.5 88.0 15.0 18.0
0 587.5 60.5 15.0 17.0
0 585.0 110.5 22.0 27.0
0 576.0 132.5 24.0 27.0
0 593.5 157.5 33.0 37.0
0 624.5 113.5 21.0 25.0
0 620.5 95.0 21.0 24.0
0 653.5 81.5 19.0 21.0
0 700.5 84.0 21.0 20.0
0 681.5 112.0 21.0 22.0
0 624.5 150.0 21.0 26.0
0 633.5 188.5 31.0 39.0
0 752.0 149.5 26.0 31.0
0 746.5 123.0 21.0 24.0
0 789.5 161.0 27.0 32.0
0 805.5 147.0 23.0 24.0
0 863.0 120.5 24.0 23.0
0 842.5 184.5 23.0 39.0
0 857.5 197.5 27.0 33.0
