0 183.5 282.5 43.0 51.0
0 372.5 113.5 21.0 21.0
0 401.0 155.5 20.0 21.0
0 416.5 125.5 19.0 19.0
0 425.5 93.5 17.0 19.0
0 473.0 126.5 22.0 25.0
0 495.5 187.0 33.0 36.0
0 559.5 189.0 31.0 36.0
0 525.0 70.0 16.0 16.0
0 551.5 69.5 15.0 21.0
0 583.5 71.5 19.0 19.0
0 575.0 105.0 18.0 20.0
0 631.5 157.5 27.0 29.0
0 639.0 87.0 18.0 18.0
0 614.0 63.5 14.0 15.0
0 676.5 128.5 23.0 25.0
0 693.0 176.5 34.0 41.0
0 750.0 153.5 28.0 35.0
0 765.0 185.0 38.0 46.0
0 803.5 162.0 29.0 34.0
0 789.5 122.5 23.0 25.0
0 855.0 175.5 28.0 41.0
0 899.0 129.5 20.0 23.0
0 932.5 164.5 23.0 35.0
0 956.5 89.5 13.0 21.0
0 925.0 50.5 14.0 17.0
0 927.5 84.5 15.0 17.0
0 885.5 72.5 13.0 19.0
0 862.0 72.5 12.0 15.0
0 774.0 26.0 14.0 18.0
