0 198.0 182.5 40.0 47.0
0 256.5 121.5 17.0 21.0
0 301.5 136.0 17.0 22.0
0 335.0 107.5 18.0 21.0
0 349.0 103.5 16.0 21.0
0 354.0 133.5 20.0 23.0
0 386.0 144.0 22.0 24.0
0 392.0 111.0 16.0 20.0
0 405.5 116.5 17.0 21.0
0 373.5 92.5 13.0 15.0
0 387.5 89.5 13.0 15.0
0 432.0 119.0 20.0 26.0
0 417.0 91.0 16.0 18.0
0 423.5 77.5 13.0 13.0
0 455.5 85.0 15.0 16.0
0 454.5 72.5 15.0 15.0
0 478.0 71.5 12.0 15.0
0 483.0 76.0 14.0 16.0
0 459.5 114.0 27.0 28.0
0 489.5 105.5 19.0 17.0
0 490.5 92.0 15.0 16.0
0 514.0 102.0 20.0 22.0
0 524.0 76.0 12.0 16.0
0 525.5 65.0 11.0 12.0
0 538.0 74.0 12.0 14.0
0 550.5 97.5 19.0 23.0
0 558.5 67.0 15.0 20.0
0 568.5 67.5 13.0 17.0
0 578.0 64.5 12.0 17.0
0 575.5 54.0 11.0 12.0
0 597.5 62.0 13.0 14.0
0 591.0 70.5 10.0 13.0
0 606.5 81.0 17.0 16.0
0 624.0 80.0 16.0 16.0
0 629.5 62.0 15.0 20.0
0 652.5 58.5 11.0 13.0
0 657.5 66.0 15.0 16.0
0 679.0 63.5 14.0 15.0
0 603.5 106.0 21.0 26.0
0 550.5 132.5 23.0 31.0
0 525.5 164.5 31.0 33.0
0 598.0 140.0 32.0 34.0
0 648.5 143.0 23.0 26.0
0 637.5 121.5 23.0 23.0
0 638.0 99.0 18.0 20.0
0 665.5 92.5 17.0 19.0
0 680.0 106.0 20.0 24.0
0 684.0 125.5 20.0 27.0
0 702.0 144.5 26.0 37.0
0 729.0 135.0 20.0 26.0
0 730.5 109.5 17.0 23.0
0 751.0 121.5 20.0 25.0
0 705.5 100.0 15.0 20.0
0 702.0 81.0 16.0 20.0
0 723.0 76.0 12.0 12.0
0 717.0 95.0 12.0 16.0
0 745.0 78.0 12.0 16.0
0 755.5 70.5 13.0 15.0
0 759.0 87.5 14.0 17.0
0 769.5 82.5 13.0 17.0
0 782.0 75.0 12.0 16.0
0 791.5 93.5 15.0 19.0
0 800.0 108.5 18.0 21.0
0 796.5 127.5 19.0 23.0
0 753.0 158.0 28.0 36.0
0 802.0 176.0 26.0 32.0
0 814.5 155.5 21.0 33.0
0 867.0 176.5 26.0 35.0
0 890.0 148.5 20.0 29.0
0 868.5 139.5 19.0 23.0
0 847.5 123.5 17.0 19.0
0 821.0 106.0 18.0 22.0
0 803.5 84.0 15.0 18.0
0 811.0 77.5 12.0 15.0
0 840.0 87.0 16.0 18.0
0 866.5 90.5 13.0 13.0
0 896.0 90.5 16.0 17.0
0 894.5 125.5 19.0 19.0
0 897.0 113.0 12.0 14.0
