0 357.5 110.0 21.0 22.0
0 403.0 141.0 22.0 24.0
0 434.0 158.5 26.0 27.0
0 421.0 122.0 18.0 20.0
0 409.5 113.0 15.0 18.0
0 418.5 100.5 17.0 19.0
0 441.0 96.5 16.0 17.0
0 451.5 106.0 15.0 18.0
0 452.0 125.0 16.0 22.0
0 475.5 129.5 21.0 25.0
0 502.5 140.0 23.0 24.0
0 502.0 108.5 18.0 25.0
0 487.5 104.5 13.0 17.0
0 497.0 86.5 16.0 19.0
0 510.0 84.5 16.0 17.0
0 532.5 72.0 11.0 14.0
0 540.0 117.0 24.0 24.0
0 551.0 99.0 16.0 20.0
0 574.0 118.5 22.0 21.0
0 584.0 101.5 18.0 19.0
0 578.5 89.0 15.0 14.0
0 574.5 80.0 13.0 12.0
0 608.0 88.5 16.0 19.0
0 641.0 90.0 16.0 18.0
0 617.5 102.0 21.0 20.0
0 632.5 80.0 15.0 18.0
0 632.5 69.0 13.0 12.0
0 642.5 64.5 13.0 15.0
0 663.0 72.0 14.0 12.0
0 665.0 85.5 16.0 19.0
0 699.0 82.0 14.0 18.0
0 689.0 64.0 14.0 16.0
0 723.5 72.0 15.0 20.0
0 743.0 78.0 14.0 16.0
0 596.5 157.0 31.0 32.0
0 624.5 196.0 33.0 44.0
0 647.5 153.0 29.0 34.0
0 676.0 126.5 22.0 27.0
0 704.5 118.5 21.0 29.0
0 752.0 119.0 22.0 22.0
0 746.5 95.0 17.0 20.0
0 766.0 96.0 16.0 18.0
0 783.0 99.0 16.0 20.0
0 798.5 92.0 13.0 16.0
0 791.5 83.5 17.0 19.0
0 824.5 82.0 17.0 20.0
0 848.0 98.5 16.0 19.0
0 828.5 108.0 17.0 20.0
0 826.5 133.5 19.0 23.0
0 798.0 147.0 24.0 28.0
0 789.0 122.0 20.0 24.0
0 758.5 166.5 33.0 37.0
0 720.0 213.5 36.0 41.0
0 872.5 149.0 27.0 24.0
0 889.5 133.0 23.0 24.0
0 882.5 102.5 17.0 17.0
0 887.5 89.0 17.0 22.0
0 913.0 109.5 18.0 17.0
0 927.5 105.5 17.0 21.0
0 938.5 140.0 23.0 28.0
0 924.5 172.0 23.0 34.0
0 895.0 196.5 32.0 37.0
0 935.0 239.0 62.0 66.0
0 972.0 181.5 24.0 37.0
0 997.5 144.0 19.0 24.0
0 1010.0 133.0 20.0 24.0
0 995.0 116.0 18.0 22.0
0 991.0 99.0 16.0 18.0
0 947.0 121.0 14.0 20.0
