0 38.5 224.0 33.0 34.0
0 272.5 171.0 23.0 24.0
0 308.5 159.5 19.0 25.0
0 321.0 158.5 22.0 25.0
0 347.0 168.5 22.0 23.0
0 367.5 164.5 21.0 23.0
0 337.5 135.5 19.0 21.0
0 366.5 137.0 17.0 18.0
0 396.0 139.5 18.0 21.0
0 395.0 125.5 20.0 19.0
0 409.5 122.0 17.0 18.0
0 442.0 136.0 18.0 24.0
0 435.0 170.0 30.0 32.0
0 470.5 137.5 19.0 29.0
0 460.5 116.0 19.0 20.0
0 440.5 105.5 17.0 19.0
0 482.0 115.0 18.0 20.0
0 501.0 113.5 20.0 23.0
0 483.0 91.0 18.0 16.0
0 505.0 88.5 16.0 19.0
0 516.5 97.0 17.0 18.0
0 506.0 142.5 22.0 27.0
0 525.5 122.5 19.0 25.0
0 547.5 99.0 17.0 18.0
0 518.0 80.0 12.0 14.0
0 571.0 86.5 14.0 17.0
0 593.5 93.0 17.0 20.0
0 608.5 97.5 19.0 25.0
0 599.0 68.5 14.0 17.0
0 629.0 73.0 14.0 14.0
0 625.0 84.0 14.0 18.0
0 653.0 95.5 20.0 21.0
0 649.0 82.5 16.0 17.0
0 632.5 61.0 15.0 18.0
0 660.5 71.0 13.0 16.0
0 683.0 68.0 14.0 18.0
0 694.0 71.0 14.0 16.0
0 721.5 71.0 15.0 18.0
0 747.0 60.0 18.0 20.0
0 515.5 187.0 29.0 36.0
0 568.5 127.0 25.0 24.0
0 577.0 184.0 28.0 36.0
0 605.0 154.5 24.0 27.0
0 649.5 154.0 25.0 30.0
0 641.0 204.0 32.0 40.0
0 727.0 198.0 32.0 36.0
0 703.5 164.5 25.0 29.0
0 664.5 127.5 25.0 29.0
0 702.0 124.5 28.0 29.0
0 695.5 106.5 19.0 25.0
0 730.5 95.5 21.0 23.0
0 741.0 108.5 22.0 25.0
0 747.0 130.5 26.0 31.0
0 773.0 163.5 34.0 37.0
0 800.5 144.0 29.0 36.0
0 839.0 177.5 28.0 39.0
0 870.0 135.5 28.0 33.0
0 782.0 122.5 20.0 27.0
0 761.0 83.5 18.0 23.0
0 781.5 96.0 21.0 22.0
0 785.0 74.5 16.0 17.0
0 803.0 71.5 16.0 17.0
0 801.0 91.0 18.0 24.0
0 813.5 99.0 19.0 22.0
0 820.0 78.5 14.0 19.0
0 837.0 70.5 14.0 19.0
0 851.5 82.5 13.0 19.0
0 851.5 107.5 21.0 23.0
0 870.0 101.5 18.0 23.0
0 883.0 81.5 18.0 21.0
0 868.5 76.5 17.0 21.0
0 902.0 115.0 22.0 26.0
0 931.5 136.0 21.0 24.0
0 982.0 172.0 30.0 34.0
0 952.0 115.5 18.0 23.0
0 930.0 102.0 20.0 22.0
0 914.5 96.0 15.0 20.0
0 920.5 82.5 15.0 17.0
0 927.5 76.0 15.0 16.0
0 949.0 92.0 16.0 16.0
0 959.0 79.0 12.0 16.0
0 987.0 122.5 14.0 25.0
0 991.5 105.0 13.0 14.0
0 990.5 95.0 11.0 14.0
