0 208.0 348.0 52.0 56.0
0 362.0 202.5 32.0 37.0
0 384.5 168.5 21.0 23.0
0 421.0 163.0 22.0 28.0
0 420.0 199.5 28.0 33.0
0 444.5 210.5 31.0 35.0
0 495.5 211.0 29.0 36.0
0 453.0 164.5 24.0 29.0
0 470.0 169.5 24.0 25.0
0 496.0 177.0 32.0 30.0
0 515.0 145.0 26.0 26.0
0 561.0 151.0 24.0 28.0
0 592.5 167.0 23.0 34.0
0 601.0 143.0 26.0 26.0
0 563.5 137.0 23.0 24.0
0 543.0 126.0 18.0 22.0
0 562.5 118.5 23.0 21.0
0 591.5 110.0 19.0 20.0
0 618.0 113.0 20.0 18.0
0 618.5 95.5 19.0 23.0
0 636.0 99.0 18.0 24.0
0 654.0 117.0 20.0 26.0
0 678.0 123.0 24.0 26.0
0 665.0 100.5 18.0 23.0
0 692.0 107.0 18.0 22.0
0 708.0 118.5 22.0 29.0
0 719.0 108.5 20.0 23.0
0 700.0 93.5 16.0 19.0
0 709.5 85.0 19.0 18.0
0 731.0 94.0 14.0 20.0
0 733.0 72.5 16.0 19.0
0 766.0 106.5 22.0 27.0
0 778.5 88.0 17.0 18.0
0 765.5 78.0 15.0 20.0
0 804.0 98.0 20.0 24.0
0 800.0 87.5 16.0 17.0
0 813.0 68.0 18.0 20.0
0 831.0 77.5 20.0 23.0
0 831.0 95.0 20.0 22.0
0 866.0 79.5 16.0 21.0
0 668.0 213.5 38.0 43.0
0 687.5 194.5 35.0 31.0
0 762.5 190.5 29.0 39.0
0 776.0 150.5 26.0 29.0
0 822.5 155.5 27.0 31.0
0 831.0 186.0 30.0 40.0
0 766.0 238.5 48.0 47.0
0 869.0 164.5 30.0 39.0
0 855.5 133.0 21.0 26.0
0 903.0 98.0 20.0 22.0
0 913.5 139.0 29.0 28.0
0 939.0 183.5 42.0 43.0
0 971.0 151.5 24.0 29.0
0 954.5 131.0 21.0 24.0
0 950.5 106.5 21.0 27.0
0 936.5 88.0 19.0 20.0
0 983.5 109.0 19.0 26.0
0 996.0 88.0 16.0 24.0
0 1014.0 90.0 20.0 24.0
0 1010.0 122.5 20.0 29.0
0 1030.5 117.0 17.0 24.0
0 1042.0 101.0 16.0 18.0
0 1053.5 93.0 17.0 20.0
0 1059.5 136.0 21.0 24.0
0 1068.0 118.5 20.0 25.0
0 1086.0 107.0 20.0 26.0
0 1089.5 101.5 21.0 23.0
0 1037.0 154.5 22.0 23.0
0 1027.5 178.5 25.0 35.0
0 963.5 223.5 35.0 43.0
0 1010.5 285.5 45.0 55.0
0 1070.0 309.0 58.0 56.0
0 1044.5 225.0 35.0 46.0
0 1087.5 180.5 29.0 37.0
0 1103.0 155.0 28.0 32.0
0 1116.0 136.0 24.0 28.0
0 1131.5 99.0 19.0 22.0
0 1167.5 110.5 21.0 27.0
0 1140.0 160.5 22.0 29.0
0 1161.5 156.5 21.0 31.0
0 1135.0 248.0 34.0 48.0
0 1159.0 217.5 36.0 43.0
