0 118.0 333.0 66.0 68.0
0 250.5 176.0 27.0 30.0
0 275.5 165.5 27.0 29.0
0 347.0 142.0 26.0 28.0
0 397.5 139.5 25.0 27.0
0 417.5 137.0 25.0 32.0
0 410.5 115.0 21.0 24.0
0 448.0 125.5 24.0 25.0
0 463.0 116.5 22.0 21.0
0 472.5 154.5 25.0 31.0
0 498.0 136.0 20.0 26.0
0 523.0 103.0 18.0 22.0
0 542.5 96.5 17.0 19.0
0 556.5 111.5 19.0 25.0
0 578.5 97.5 23.0 25.0
0 592.0 80.5 16.0 21.0
0 607.5 101.0 21.0 28.0
0 625.5 87.5 19.0 23.0
0 632.0 119.0 20.0 22.0
0 599.0 146.5 26.0 33.0
0 558.0 177.5 32.0 33.0
0 693.5 133.0 21.0 28.0
0 666.5 93.5 21.0 23.0
0 700.5 93.5 19.0 23.0
0 702.5 79.0 19.0 20.0
0 737.5 78.0 19.0 22.0
0 757.5 73.5 21.0 23.0
0 734.5 117.5 21.0 25.0
0 734.5 99.5 17.0 21.0
0 763.0 108.5 18.0 23.0
0 787.0 113.5 22.0 25.0
0 778.0 91.0 20.0 22.0
0 784.5 75.5 21.0 25.0
0 815.0 82.5 18.0 23.0
0 832.5 87.0 21.0 26.0
0 827.5 106.5 19.0 23.0
0 866.5 94.5 23.0 27.0
0 874.0 78.0 22.0 26.0
0 901.5 87.5 17.0 23.0
0 891.0 124.5 22.0 25.0
0 727.0 198.0 34.0 38.0
0 768.5 182.5 33.0 35.0
0 773.0 222.5 36.0 43.0
0 832.0 240.0 38.0 46.0
0 847.0 136.0 30.0 32.0
0 911.5 155.0 31.0 34.0
0 930.5 125.0 21.0 30.0
0 953.0 134.5 26.0 27.0
0 961.5 115.0 19.0 22.0
0 976.5 105.5 17.0 21.0
0 1024.0 111.5 20.0 29.0
0 1051.5 125.0 21.0 26.0
0 1030.5 144.5 21.0 27.0
0 1004.0 151.0 26.0 30.0
0 968.0 167.5 26.0 29.0
0 1031.5 177.0 27.0 38.0
0 917.0 238.5 36.0 41.0
0 1015.0 277.0 52.0 48.0
0 1109.0 249.5 38.0 45.0
0 1089.5 201.0 27.0 32.0
0 1084.0 308.5 40.0 51.0
0 1100.0 136.5 18.0 23.0
0 1110.0 127.5 16.0 19.0
0 1137.0 138.5 20.0 21.0
0 1134.5 170.0 27.0 34.0
0 1173.0 158.5 18.0 29.0
0 1163.5 192.0 21.0 32.0
0 1193.0 222.5 24.0 39.0
0 1198.5 271.0 33.0 44.0
0 1229.5 220.0 23.0 34.0
0 1229.0 193.5 20.0 27.0
0 1228.0 173.0 20.0 24.0
0 1238.0 161.0 16.0 20.0
0 1198.0 143.5 18.0 25.0
