0 58.0 240.5 24.0 29.0
0 274.5 158.5 17.0 17.0
0 292.0 160.0 16.0 18.0
0 335.0 147.0 16.0 18.0
0 362.0 150.0 16.0 16.0
0 355.5 127.5 11.0 15.0
0 372.0 130.5 12.0 15.0
0 381.5 135.5 17.0 15.0
0 383.5 171.0 15.0 22.0
0 428.5 169.5 23.0 27.0
0 407.5 136.0 17.0 22.0
0 411.0 111.0 14.0 16.0
0 430.0 109.5 14.0 15.0
0 429.5 125.5 15.0 17.0
0 478.5 136.0 17.0 22.0
0 506.0 136.5 18.0 21.0
0 478.5 113.0 15.0 16.0
0 513.0 116.0 14.0 16.0
0 540.5 117.0 15.0 16.0
0 507.0 102.0 16.0 14.0
0 490.0 91.0 10.0 14.0
0 510.0 83.0 10.0 12.0
0 567.0 98.0 14.0 20.0
0 589.0 95.0 10.0 14.0
0 619.0 101.5 14.0 17.0
0 605.0 88.5 12.0 15.0
0 605.5 72.0 11.0 14.0
0 640.5 85.5 11.0 15.0
0 635.0 75.0 10.0 14.0
0 653.0 80.0 10.0 14.0
0 659.0 87.5 10.0 15.0
0 658.0 71.0 10.0 14.0
0 682.5 86.0 11.0 16.0
0 694.5 72.5 13.0 15.0
0 730.0 72.0 12.0 14.0
0 706.0 102.5 16.0 15.0
0 663.0 123.0 16.0 20.0
0 590.0 146.5 20.0 25.0
0 565.5 125.5 19.0 23.0
0 537.0 175.0 22.0 32.0
0 614.5 177.5 25.0 29.0
0 661.5 154.5 21.0 29.0
0 656.5 192.5 23.0 29.0
0 699.0 169.0 24.0 34.0
0 697.0 128.0 16.0 20.0
0 744.0 107.0 18.0 22.0
0 742.0 87.0 12.0 16.0
0 756.5 91.5 13.0 15.0
0 770.5 103.5 15.0 17.0
0 781.5 120.5 17.0 19.0
0 766.0 137.0 20.0 24.0
0 748.0 176.0 20.0 26.0
0 824.5 174.0 23.0 28.0
0 902.0 194.5 24.0 29.0
0 804.5 148.0 19.0 26.0
0 815.0 126.5 22.0 23.0
0 816.5 100.5 15.0 19.0
0 834.0 96.5 16.0 19.0
0 820.0 76.5 16.0 19.0
0 799.5 82.5 15.0 17.0
0 793.0 68.5 14.0 17.0
0 880.0 125.5 18.0 25.0
0 893.5 118.0 15.0 22.0
0 892.0 95.0 14.0 18.0
0 911.5 95.0 13.0 20.0
0 916.0 144.0 20.0 32.0
0 978.0 153.0 20.0 28.0
0 967.5 139.5 17.0 21.0
0 950.5 124.0 15.0 24.0
0 942.5 98.5 15.0 21.0
0 950.5 95.5 13.0 15.0
