0 205.0 257.0 42.0 46.0
0 286.0 161.5 14.0 15.0
0 316.5 170.5 19.0 19.0
0 311.0 152.5 20.0 19.0
0 363.5 173.5 21.0 21.0
0 408.5 169.5 17.0 21.0
0 388.5 143.0 15.0 18.0
0 401.0 121.0 16.0 18.0
0 427.5 122.0 15.0 14.0
0 424.0 138.5 20.0 19.0
0 429.5 103.0 15.0 14.0
0 465.0 109.5 18.0 17.0
0 484.0 142.5 18.0 19.0
0 527.5 134.0 17.0 22.0
0 494.0 113.5 14.0 17.0
0 485.0 93.0 12.0 16.0
0 512.5 94.0 13.0 12.0
0 557.5 124.0 15.0 22.0
0 559.0 88.0 14.0 14.0
0 572.0 104.0 12.0 16.0
0 549.5 80.5 11.0 15.0
0 531.5 114.5 13.0 15.0
0 541.0 99.5 14.0 17.0
0 604.0 103.5 16.0 17.0
0 628.5 104.5 17.0 17.0
0 633.5 89.0 15.0 14.0
0 652.5 92.5 17.0 15.0
0 637.0 72.5 14.0 13.0
0 614.5 78.0 11.0 16.0
0 601.0 77.5 12.0 15.0
0 704.5 85.0 13.0 16.0
0 720.0 71.5 14.0 15.0
0 764.0 64.0 10.0 18.0
0 681.5 68.5 11.0 11.0
0 669.5 62.5 11.0 15.0
0 691.0 85.5 12.0 13.0
0 546.5 192.5 29.0 27.0
0 570.5 212.0 23.0 30.0
0 604.5 158.0 21.0 26.0
0 677.0 151.5 18.0 27.0
0 680.5 129.0 19.0 22.0
0 722.5 132.5 19.0 23.0
0 722.0 101.5 16.0 19.0
0 752.0 112.5 20.0 27.0
0 751.5 95.0 15.0 14.0
0 787.5 102.0 15.0 20.0
0 800.5 71.0 15.0 18.0
0 655.5 188.5 25.0 35.0
0 748.5 190.5 31.0 31.0
0 787.0 153.0 20.0 28.0
0 758.0 146.5 20.0 21.0
0 788.0 125.0 14.0 20.0
0 810.5 95.5 15.0 15.0
0 837.5 81.5 11.0 17.0
0 847.0 85.5 14.0 17.0
0 877.0 97.0 14.0 18.0
0 900.5 86.5 13.0 15.0
0 936.5 79.0 11.0 14.0
0 831.5 127.0 19.0 20.0
0 812.0 145.0 20.0 26.0
0 808.5 207.0 31.0 40.0
0 857.0 173.5 20.0 29.0
0 873.0 158.0 20.0 24.0
0 896.0 126.5 18.0 25.0
0 924.5 88.0 13.0 14.0
0 919.5 109.5 13.0 17.0
0 958.5 103.0 11.0 14.0
0 968.5 112.5 13.0 17.0
0 1002.5 98.0 11.0 16.0
0 992.0 131.0 16.0 14.0
0 996.0 152.0 18.0 22.0
0 973.0 180.5 24.0 35.0
0 949.5 225.0 29.0 38.0
0 879.0 206.0 32.0 36.0
0 904.0 184.0 24.0 34.0
0 933.5 162.5 19.0 27.0
0 943.5 127.0 17.0 28.0
