0 98.0 341.5 60.0 61.0
0 254.0 173.5 26.0 31.0
0 286.5 170.0 31.0 30.0
0 348.5 149.0 25.0 28.0
0 387.0 149.0 24.0 26.0
0 387.0 132.0 24.0 30.0
0 411.5 141.0 21.0 30.0
0 433.5 135.0 23.0 28.0
0 456.5 164.0 23.0 32.0
0 495.5 151.5 25.0 27.0
0 459.0 123.5 22.0 25.0
0 486.0 122.0 20.0 24.0
0 540.0 121.5 24.0 27.0
0 553.0 103.5 22.0 23.0
0 585.5 151.5 27.0 27.0
0 538.5 200.5 29.0 41.0
0 616.0 129.5 24.0 27.0
0 600.0 110.0 20.0 24.0
0 581.5 107.5 21.0 23.0
0 566.5 103.0 15.0 18.0
0 616.5 96.5 21.0 23.0
0 646.0 107.5 28.0 27.0
0 685.0 134.0 22.0 24.0
0 689.0 88.5 16.0 25.0
0 701.0 102.5 18.0 19.0
0 720.5 85.5 19.0 21.0
0 745.0 80.5 18.0 21.0
0 756.5 98.0 21.0 20.0
0 756.0 114.5 18.0 23.0
0 725.0 110.5 22.0 21.0
0 775.0 125.0 22.0 26.0
0 785.5 83.0 19.0 24.0
0 816.5 93.0 17.0 22.0
0 819.0 117.0 22.0 24.0
0 831.0 83.5 20.0 23.0
0 861.0 88.0 18.0 22.0
0 883.5 96.0 17.0 24.0
0 859.0 106.0 22.0 24.0
0 709.0 134.0 22.0 24.0
0 716.5 206.0 29.0 34.0
0 743.5 239.0 37.0 40.0
0 765.0 180.0 34.0 34.0
0 827.5 156.5 27.0 33.0
0 868.5 137.0 23.0 26.0
0 820.0 243.0 32.0 38.0
0 903.5 241.5 37.0 39.0
0 991.0 276.0 40.0 50.0
0 1089.5 294.5 43.0 45.0
0 904.5 162.5 27.0 33.0
0 937.0 181.0 26.0 26.0
0 925.5 143.0 21.0 28.0
0 931.0 117.5 20.0 23.0
0 960.5 115.0 19.0 26.0
0 974.0 127.5 18.0 25.0
0 992.5 159.0 23.0 34.0
0 1013.5 181.5 33.0 35.0
0 1021.5 141.0 21.0 26.0
0 1008.0 117.5 22.0 25.0
0 1048.5 133.0 19.0 22.0
0 1083.0 141.5 18.0 25.0
0 1095.0 140.0 16.0 22.0
0 1122.0 158.0 18.0 22.0
0 1130.0 142.5 16.0 19.0
0 1107.5 182.0 25.0 28.0
0 1081.0 193.5 26.0 33.0
0 1056.5 230.0 29.0 38.0
0 1105.5 241.0 31.0 42.0
0 1155.5 202.0 25.0 32.0
0 1158.0 169.5 22.0 29.0
0 1181.0 152.5 20.0 27.0
0 1189.5 266.0 29.0 42.0
0 1180.0 230.5 28.0 37.0
0 1212.5 221.0 25.0 34.0
0 1214.0 193.0 18.0 22.0
0 1228.0 162.5 20.0 29.0
