0 166.5 389.0 57.0 64.0
0 283.5 237.5 19.0 25.0
0 320.5 243.5 27.0 27.0
0 343.0 264.0 24.0 28.0
0 351.0 216.5 22.0 25.0
0 403.0 263.0 28.0 34.0
0 431.5 225.5 21.0 23.0
0 432.0 208.0 22.0 20.0
0 472.0 239.0 26.0 26.0
0 500.5 235.0 27.0 28.0
0 497.5 210.5 21.0 23.0
0 482.5 180.5 19.0 25.0
0 519.5 184.0 17.0 18.0
0 533.0 192.0 20.0 22.0
0 533.0 217.5 24.0 27.0
0 546.0 237.5 30.0 29.0
0 576.5 217.0 19.0 26.0
0 611.0 229.0 30.0 28.0
0 637.0 195.0 20.0 26.0
0 609.5 187.5 21.0 27.0
0 583.0 187.0 22.0 24.0
0 570.0 170.0 24.0 22.0
0 635.0 173.0 22.0 24.0
0 660.5 174.5 19.0 25.0
0 677.0 199.5 20.0 25.0
0 700.5 177.5 17.0 21.0
0 693.0 154.0 14.0 18.0
0 712.5 166.5 17.0 23.0
0 730.5 180.5 21.0 25.0
0 734.0 159.5 16.0 19.0
0 742.0 146.5 14.0 17.0
0 764.5 152.0 21.0 20.0
0 780.5 158.0 19.0 24.0
0 785.0 174.0 14.0 20.0
0 818.0 161.5 18.0 17.0
0 818.5 146.0 19.0 20.0
0 838.5 162.5 17.0 25.0
0 659.0 247.5 36.0 33.0
0 601.0 271.5 42.0 39.0
0 663.0 285.5 32.0 41.0
0 715.0 313.5 42.0 43.0
0 734.0 265.5 36.0 41.0
0 731.0 234.0 32.0 32.0
0 785.0 213.0 30.0 38.0
0 790.0 247.5 26.0 29.0
0 809.5 270.0 31.0 46.0
0 777.5 331.5 43.0 51.0
0 853.5 381.0 51.0 46.0
0 837.0 255.5 32.0 41.0
0 817.0 196.5 28.0 29.0
0 848.5 211.0 25.0 28.0
0 863.5 212.5 23.0 29.0
0 861.5 175.0 17.0 26.0
0 897.5 176.0 23.0 26.0
0 913.5 162.0 15.0 20.0
0 936.5 194.5 21.0 25.0
0 951.5 171.0 19.0 18.0
0 951.5 189.0 17.0 24.0
0 994.5 213.0 23.0 24.0
0 995.0 190.0 18.0 22.0
0 986.5 171.5 19.0 21.0
0 987.0 250.5 28.0 37.0
0 887.5 281.5 33.0 37.0
0 965.5 304.5 39.0 47.0
0 1013.0 355.5 44.0 47.0
0 1031.5 306.5 35.0 45.0
0 1047.5 262.0 25.0 36.0
0 1123.5 328.5 39.0 39.0
0 1111.5 275.0 29.0 32.0
0 1136.5 249.5 23.0 29.0
0 1128.5 219.5 23.0 27.0
0 1145.5 191.0 19.0 20.0
0 1112.5 211.0 21.0 28.0
0 1084.5 228.0 23.0 28.0
0 1059.0 237.0 24.0 32.0
0 1028.5 220.0 27.0 28.0
0 1044.0 193.5 22.0 25.0
0 1027.5 181.5 21.0 25.0
0 1068.0 180.5 20.0 27.0
0 1091.0 191.0 18.0 26.0
