0 64.5 177.0 21.0 30.0
0 298.5 137.0 19.0 22.0
0 318.5 136.5 15.0 21.0
0 361.0 106.0 16.0 18.0
0 383.0 116.5 18.0 21.0
0 371.5 129.0 21.0 20.0
0 375.5 143.5 19.0 23.0
0 396.0 144.0 18.0 24.0
0 429.5 110.0 19.0 22.0
0 441.0 120.0 18.0 20.0
0 442.5 135.0 21.0 24.0
0 461.0 128.0 20.0 24.0
0 431.0 83.0 16.0 22.0
0 464.5 102.0 21.0 24.0
0 506.5 129.0 19.0 24.0
0 500.5 107.5 19.0 19.0
0 491.5 80.5 15.0 17.0
0 507.0 86.0 12.0 18.0
0 528.0 72.0 12.0 14.0
0 539.0 80.0 12.0 16.0
0 526.5 86.0 11.0 14.0
0 528.5 104.0 17.0 22.0
0 542.5 97.0 17.0 20.0
0 578.5 105.5 17.0 21.0
0 576.0 91.5 14.0 15.0
0 568.0 84.5 12.0 15.0
0 575.0 71.0 14.0 16.0
0 596.5 73.5 13.0 19.0
0 603.0 67.5 12.0 17.0
0 607.0 101.5 16.0 19.0
0 610.5 89.0 15.0 18.0
0 628.0 71.5 14.0 17.0
0 642.5 85.0 13.0 18.0
0 652.0 75.5 14.0 19.0
0 636.5 65.5 11.0 15.0
0 653.5 64.0 11.0 12.0
0 682.5 82.0 17.0 20.0
0 684.0 66.0 14.0 14.0
0 692.5 62.5 11.0 15.0
0 710.0 70.0 14.0 16.0
0 711.5 59.5 13.0 15.0
0 733.5 60.5 13.0 15.0
0 586.5 138.0 27.0 34.0
0 512.0 167.0 34.0 38.0
0 561.0 172.5 30.0 41.0
0 628.5 137.5 29.0 29.0
0 656.0 127.0 22.0 26.0
0 639.0 174.5 38.0 33.0
0 696.0 143.0 24.0 34.0
0 688.0 103.5 18.0 21.0
0 727.5 92.0 17.0 20.0
0 737.5 110.0 17.0 24.0
0 731.0 133.0 22.0 28.0
0 748.0 166.0 28.0 36.0
0 714.0 178.0 30.0 32.0
0 751.0 82.0 14.0 18.0
0 774.0 97.0 18.0 22.0
0 779.0 113.5 20.0 25.0
0 778.5 81.0 17.0 16.0
0 826.5 91.0 17.0 20.0
0 820.0 82.5 14.0 17.0
0 827.5 132.5 21.0 29.0
0 803.0 139.0 24.0 26.0
0 810.0 186.0 26.0 34.0
0 780.0 217.0 36.0 40.0
0 870.0 217.5 32.0 41.0
0 862.5 179.5 27.0 35.0
0 851.5 148.5 21.0 27.0
0 894.5 151.0 23.0 34.0
0 918.5 134.5 25.0 27.0
0 969.5 125.5 17.0 27.0
0 955.0 165.5 20.0 27.0
0 949.0 188.5 24.0 35.0
0 939.0 248.0 40.0 44.0
