0 194.5 287.5 47.0 51.0
0 365.5 157.5 19.0 21.0
0 386.0 157.5 20.0 27.0
0 445.5 131.5 19.0 23.0
0 475.5 142.0 23.0 20.0
0 554.5 110.5 17.0 21.0
0 514.5 116.0 21.0 24.0
0 476.5 112.5 19.0 19.0
0 482.5 90.0 11.0 10.0
0 491.5 96.5 19.0 19.0
0 521.5 57.5 11.0 13.0
0 563.0 44.5 20.0 15.0
0 668.0 52.0 22.0 20.0
0 689.0 64.0 20.0 18.0
0 697.0 50.5 14.0 15.0
0 739.5 48.5 15.0 17.0
0 808.5 62.5 17.0 21.0
0 931.0 125.5 18.0 21.0
0 591.5 169.5 25.0 29.0
0 586.0 139.5 24.0 23.0
0 517.0 184.5 32.0 27.0
0 454.0 163.5 28.0 27.0
