0 66.0 220.5 30.0 33.0
0 277.5 175.0 19.0 22.0
0 318.5 163.5 19.0 21.0
0 348.0 166.0 16.0 22.0
0 367.0 165.5 20.0 21.0
0 340.5 137.0 21.0 24.0
0 371.5 140.0 21.0 24.0
0 399.5 143.0 19.0 20.0
0 444.5 171.0 27.0 26.0
0 408.5 126.5 17.0 19.0
0 445.0 138.5 20.0 27.0
0 471.0 142.0 18.0 24.0
0 506.5 143.0 23.0 28.0
0 444.5 107.5 17.0 21.0
0 460.0 116.5 18.0 17.0
0 483.5 116.5 17.0 19.0
0 503.0 114.5 16.0 19.0
0 529.5 127.0 19.0 22.0
0 485.5 90.0 17.0 18.0
0 507.0 92.0 16.0 20.0
0 518.0 98.0 16.0 18.0
0 521.0 83.0 14.0 16.0
0 538.0 93.5 12.0 15.0
0 550.0 102.5 20.0 21.0
0 572.0 88.0 16.0 22.0
0 593.0 93.5 18.0 21.0
0 580.5 117.5 21.0 27.0
0 610.0 101.0 22.0 24.0
0 599.0 71.5 12.0 15.0
0 633.5 62.5 15.0 15.0
0 627.5 86.5 15.0 13.0
0 652.5 84.0 15.0 16.0
0 661.5 96.0 17.0 16.0
0 633.5 76.0 15.0 16.0
0 663.0 75.0 12.0 14.0
0 658.0 67.5 12.0 13.0
0 686.0 67.5 14.0 17.0
0 696.0 71.5 10.0 17.0
0 693.5 82.5 11.0 11.0
0 737.0 76.0 16.0 16.0
0 747.5 63.0 13.0 18.0
0 516.5 186.5 31.0 35.0
0 579.5 188.5 31.0 39.0
0 605.5 153.5 27.0 31.0
0 653.5 153.0 31.0 32.0
0 646.0 207.0 36.0 40.0
0 727.0 199.0 32.0 38.0
0 704.0 167.5 26.0 33.0
0 704.0 130.0 24.0 30.0
0 668.0 128.0 24.0 32.0
0 695.0 109.5 24.0 27.0
0 733.0 93.0 18.0 26.0
0 744.5 112.5 21.0 25.0
0 760.0 84.5 18.0 19.0
0 786.0 74.5 18.0 19.0
0 800.0 89.0 18.0 22.0
0 805.5 71.5 13.0 19.0
0 821.0 79.5 16.0 21.0
0 834.5 73.5 15.0 19.0
0 822.0 98.0 18.0 26.0
0 783.5 98.0 17.0 20.0
0 783.0 122.5 22.0 25.0
0 748.5 137.0 23.0 28.0
0 799.5 145.0 23.0 28.0
0 793.5 173.0 31.0 42.0
0 838.5 176.5 25.0 37.0
0 878.0 136.0 20.0 32.0
0 853.0 110.0 20.0 26.0
0 853.5 87.5 15.0 19.0
0 867.0 79.0 16.0 20.0
0 893.0 82.5 18.0 25.0
0 871.5 103.5 15.0 21.0
0 906.0 116.0 20.0 30.0
0 912.5 90.5 19.0 23.0
0 930.0 92.5 16.0 21.0
0 930.5 78.5 17.0 15.0
0 960.5 81.0 13.0 18.0
0 955.5 120.0 19.0 28.0
0 952.5 100.5 17.0 17.0
0 990.0 123.5 20.0 27.0
0 983.0 173.5 28.0 37.0
0 932.0 140.0 26.0 30.0
0 995.5 109.0 15.0 16.0
0 994.0 96.5 14.0 17.0
