0 72.5 184.5 35.0 37.0
0 248.5 103.5 15.0 19.0
0 285.0 122.5 20.0 25.0
0 283.0 102.0 14.0 16.0
0 297.5 103.0 13.0 18.0
0 299.5 87.5 17.0 21.0
0 332.0 87.0 16.0 18.0
0 337.5 109.0 17.0 24.0
0 345.5 101.0 15.0 18.0
0 368.5 111.0 17.0 22.0
0 341.5 78.0 15.0 14.0
0 378.0 76.0 16.0 18.0
0 384.0 69.0 14.0 16.0
0 392.5 93.0 19.0 18.0
0 376.5 92.5 17.0 21.0
0 400.0 114.0 18.0 22.0
0 410.5 90.5 17.0 21.0
0 410.5 68.5 13.0 19.0
0 427.0 59.0 12.0 14.0
0 430.0 67.0 12.0 16.0
0 431.0 90.5 16.0 21.0
0 474.5 80.0 15.0 20.0
0 449.5 67.0 13.0 16.0
0 448.5 52.0 11.0 14.0
0 484.0 71.0 12.0 16.0
0 476.0 58.5 12.0 17.0
0 493.5 63.5 11.0 15.0
0 507.0 85.5 14.0 21.0
0 509.5 72.5 13.0 15.0
0 510.0 62.0 12.0 14.0
0 493.5 54.0 11.0 10.0
0 531.0 78.5 14.0 19.0
0 539.5 73.0 11.0 12.0
0 546.0 61.0 14.0 12.0
0 541.0 49.5 10.0 11.0
0 560.5 45.0 9.0 12.0
0 572.0 50.0 10.0 14.0
0 563.5 61.0 13.0 14.0
0 572.5 68.0 15.0 18.0
0 594.0 62.0 14.0 16.0
0 600.0 49.5 12.0 13.0
0 610.0 48.0 12.0 16.0
0 634.0 52.0 12.0 16.0
0 611.0 62.5 14.0 15.0
0 637.5 80.5 17.0 19.0
0 602.0 89.0 22.0 22.0
0 564.5 99.0 19.0 24.0
0 575.0 111.0 22.0 24.0
0 539.5 107.0 21.0 22.0
0 597.5 122.0 19.0 22.0
0 625.0 119.5 22.0 25.0
0 644.5 157.0 31.0 36.0
0 678.0 173.0 28.0 32.0
0 709.0 140.5 22.0 29.0
0 684.0 116.0 20.0 24.0
0 668.0 110.0 18.0 26.0
0 666.0 79.5 16.0 21.0
0 661.0 65.0 14.0 18.0
0 682.0 57.0 14.0 18.0
0 695.5 54.5 11.0 15.0
0 711.5 63.0 13.0 16.0
0 723.0 59.5 12.0 17.0
0 721.5 75.5 13.0 17.0
0 717.5 97.0 19.0 24.0
0 691.0 92.5 14.0 17.0
0 755.5 121.5 19.0 27.0
0 745.5 98.5 19.0 21.0
0 746.5 64.0 11.0 12.0
0 766.0 66.0 14.0 18.0
0 788.0 81.5 12.0 17.0
0 806.0 113.5 18.0 25.0
0 815.5 106.0 13.0 18.0
0 815.5 82.5 13.0 19.0
0 826.0 72.5 12.0 23.0
0 817.0 158.0 28.0 34.0
0 751.5 83.5 15.0 15.0
0 840.5 128.5 17.0 19.0
0 840.5 105.5 15.0 21.0
0 851.0 98.0 16.0 18.0
0 853.5 76.5 13.0 17.0
