0 61.0 279.5 30.0 41.0
0 361.0 195.0 22.0 30.0
0 398.5 198.0 27.0 28.0
0 387.0 167.0 20.0 22.0
0 432.0 186.5 24.0 29.0
0 434.5 222.5 23.0 29.0
0 483.5 209.5 27.0 31.0
0 440.5 163.5 21.0 23.0
0 443.5 150.0 19.0 20.0
0 477.5 164.0 23.0 26.0
0 513.0 140.0 20.0 22.0
0 535.0 163.0 24.0 30.0
0 558.0 138.5 16.0 23.0
0 582.0 168.0 22.0 30.0
0 551.5 127.5 21.0 27.0
0 564.5 110.0 19.0 20.0
0 589.0 104.5 18.0 21.0
0 589.0 121.5 18.0 19.0
0 635.0 96.0 16.0 20.0
0 642.5 120.0 19.0 26.0
0 635.0 135.0 22.0 26.0
0 659.5 113.0 15.0 22.0
0 662.5 101.0 19.0 20.0
0 684.5 119.0 19.0 24.0
0 702.0 102.0 18.0 24.0
0 694.0 94.5 16.0 19.0
0 711.0 89.0 16.0 20.0
0 729.0 117.5 16.0 23.0
0 742.5 121.5 19.0 27.0
0 739.0 99.5 20.0 25.0
0 743.0 76.0 18.0 18.0
0 773.5 77.0 15.0 18.0
0 817.5 72.0 15.0 18.0
0 770.0 95.0 18.0 20.0
0 805.5 101.5 19.0 23.0
0 832.0 96.5 16.0 21.0
0 828.0 78.5 14.0 19.0
0 863.0 80.0 16.0 20.0
0 773.0 151.5 22.0 31.0
0 685.5 209.0 35.0 40.0
0 713.0 182.5 26.0 33.0
0 765.5 179.0 29.0 38.0
0 748.0 236.5 42.0 45.0
0 839.0 184.5 34.0 43.0
0 848.5 155.5 25.0 35.0
0 859.0 135.5 22.0 29.0
0 884.5 156.5 27.0 35.0
0 978.5 84.5 17.0 21.0
0 1010.0 89.0 16.0 22.0
0 1052.5 91.0 15.0 24.0
0 1047.0 97.5 18.0 23.0
0 1099.5 96.0 15.0 24.0
0 1086.5 105.0 17.0 24.0
0 1137.0 100.5 16.0 27.0
0 1122.0 115.5 18.0 23.0
0 1175.0 117.5 18.0 27.0
0 1118.0 132.5 20.0 23.0
0 1168.0 151.0 22.0 30.0
0 1166.0 163.0 22.0 30.0
0 1068.5 116.5 17.0 25.0
0 1027.5 110.5 19.0 25.0
0 984.0 111.0 18.0 22.0
0 970.0 104.0 16.0 26.0
0 927.5 102.0 19.0 22.0
0 915.0 97.5 16.0 23.0
0 912.5 131.0 23.0 28.0
0 956.0 127.5 24.0 27.0
0 1008.0 130.0 22.0 28.0
0 928.0 165.5 30.0 39.0
0 971.5 191.0 31.0 40.0
0 1019.5 179.0 25.0 34.0
0 973.0 154.5 24.0 33.0
0 1035.5 153.5 21.0 31.0
0 1074.0 173.5 26.0 33.0
0 1038.5 245.5 35.0 53.0
0 1047.5 215.5 33.0 45.0
0 1097.5 160.5 25.0 35.0
0 1140.5 220.0 29.0 42.0
0 1111.0 309.5 38.0 55.0
0 902.0 113.5 18.0 25.0
