0 69.5 147.0 21.0 24.0
0 280.0 114.0 16.0 24.0
0 297.0 90.5 18.0 19.0
0 312.5 99.0 15.0 16.0
0 368.0 98.0 16.0 18.0
0 372.5 85.5 13.0 19.0
0 399.0 100.0 16.0 20.0
0 392.0 75.0 14.0 16.0
0 420.5 90.5 15.0 19.0
0 427.0 110.0 20.0 24.0
0 412.5 74.0 11.0 14.0
0 416.5 63.5 13.0 17.0
0 430.5 77.5 13.0 15.0
0 453.0 79.0 14.0 20.0
0 444.5 69.5 13.0 13.0
0 454.5 55.5 13.0 13.0
0 465.5 62.5 13.0 13.0
0 473.0 72.5 12.0 15.0
0 483.0 81.5 12.0 17.0
0 485.5 92.0 17.0 16.0
0 487.0 58.0 10.0 12.0
0 494.0 70.5 12.0 15.0
0 516.0 79.5 16.0 19.0
0 528.5 68.0 11.0 14.0
0 522.0 54.0 12.0 14.0
0 533.5 58.5 11.0 13.0
0 536.0 50.0 10.0 14.0
0 555.0 70.5 12.0 15.0
0 556.0 56.5 14.0 13.0
0 567.5 53.0 11.0 14.0
0 572.0 69.5 10.0 13.0
0 578.5 64.5 11.0 11.0
0 586.0 55.5 10.0 11.0
0 606.0 59.5 12.0 13.0
0 508.0 123.0 22.0 26.0
0 451.0 141.5 24.0 29.0
0 520.0 149.5 26.0 33.0
0 511.5 140.0 19.0 24.0
0 554.5 125.5 21.0 27.0
0 550.5 100.0 21.0 22.0
0 593.0 104.0 18.0 26.0
0 583.0 159.0 30.0 30.0
0 578.5 139.0 23.0 22.0
0 636.5 112.0 19.0 24.0
0 619.5 98.0 19.0 26.0
0 593.0 86.5 16.0 23.0
0 625.0 79.0 14.0 18.0
0 660.0 62.0 16.0 20.0
0 649.0 85.5 16.0 21.0
0 673.0 73.0 14.0 18.0
0 677.0 60.0 12.0 14.0
0 687.0 69.0 14.0 18.0
0 682.5 90.0 15.0 18.0
0 694.0 103.0 18.0 24.0
0 708.0 79.5 12.0 17.0
0 717.0 95.0 16.0 20.0
0 728.0 88.5 14.0 17.0
0 741.5 77.0 13.0 16.0
0 745.5 90.0 15.0 16.0
0 743.0 105.0 16.0 20.0
0 704.5 138.5 21.0 29.0
0 713.0 126.5 22.0 23.0
0 729.5 149.5 25.0 29.0
0 719.0 180.0 34.0 38.0
0 602.0 182.5 36.0 39.0
0 791.5 210.5 35.0 45.0
0 803.0 162.5 24.0 35.0
0 769.0 125.0 22.0 24.0
0 779.0 108.5 18.0 23.0
0 764.0 90.5 16.0 21.0
0 770.0 78.5 12.0 15.0
0 776.0 73.5 12.0 15.0
0 791.5 78.5 13.0 15.0
0 801.5 81.0 11.0 14.0
0 802.5 118.0 19.0 20.0
0 817.5 138.0 21.0 24.0
0 819.5 114.5 13.0 15.0
0 831.5 105.5 13.0 15.0
0 828.5 85.0 17.0 20.0
