0 256.0 131.0 20.0 26.0
0 324.0 101.5 24.0 29.0
0 399.5 133.5 25.0 27.0
0 392.5 111.0 19.0 20.0
0 416.5 110.5 17.0 19.0
0 434.0 118.0 16.0 24.0
0 453.5 147.0 25.0 26.0
0 471.0 120.5 20.0 23.0
0 394.0 73.5 18.0 19.0
0 396.5 51.5 23.0 19.0
0 422.5 76.5 17.0 17.0
0 432.0 62.5 16.0 17.0
0 486.5 133.0 21.0 24.0
0 462.5 64.5 21.0 21.0
0 473.0 77.5 22.0 21.0
0 494.0 48.5 16.0 17.0
0 493.5 69.5 15.0 15.0
0 517.5 100.5 19.0 23.0
0 495.5 118.0 19.0 20.0
0 537.5 87.5 17.0 17.0
0 539.5 56.0 13.0 16.0
0 561.5 71.0 15.0 14.0
0 577.5 56.5 17.0 19.0
0 600.5 60.0 17.0 18.0
0 614.0 72.0 16.0 18.0
0 618.0 58.5 12.0 13.0
0 580.5 75.0 13.0 14.0
0 646.5 77.0 15.0 16.0
0 667.5 82.5 13.0 17.0
0 675.5 60.5 15.0 17.0
0 702.5 66.5 19.0 17.0
0 695.5 39.0 11.0 12.0
0 724.0 65.0 14.0 12.0
0 563.0 112.5 24.0 25.0
0 572.0 158.5 26.0 31.0
0 621.0 147.5 26.0 31.0
0 629.5 126.0 19.0 20.0
0 660.5 116.0 23.0 24.0
0 577.0 97.0 18.0 20.0
0 691.5 108.5 21.0 23.0
0 725.0 107.5 22.0 23.0
0 762.0 114.5 28.0 33.0
0 744.0 82.5 14.0 19.0
0 630.5 190.5 27.0 33.0
0 806.5 128.0 19.0 26.0
0 820.5 152.5 27.0 31.0
0 762.0 61.5 16.0 17.0
0 786.5 67.5 17.0 21.0
0 847.5 95.5 17.0 19.0
0 843.0 61.5 20.0 25.0
0 809.5 96.0 17.0 18.0
0 884.5 59.0 17.0 20.0
0 933.0 84.5 18.0 23.0
0 909.5 111.0 27.0 32.0
0 878.5 104.0 21.0 22.0
0 863.0 129.5 18.0 25.0
0 990.5 170.5 33.0 45.0
0 988.0 224.0 40.0 50.0
0 959.5 115.0 29.0 38.0
0 971.5 99.5 21.0 29.0
0 1000.0 86.5 16.0 21.0
0 989.5 74.5 15.0 21.0
