0 204.5 199.5 41.0 43.0
0 317.0 122.5 14.0 13.0
0 307.0 114.0 12.0 18.0
0 343.0 104.0 14.0 18.0
0 398.0 116.0 14.0 14.0
0 434.5 116.0 13.0 16.0
0 469.0 119.0 18.0 18.0
0 408.5 96.0 13.0 12.0
0 412.5 81.0 13.0 12.0
0 441.0 98.0 12.0 14.0
0 444.0 80.5 14.0 11.0
0 467.5 78.5 11.0 11.0
0 477.5 91.0 13.0 14.0
0 522.5 98.0 11.0 16.0
0 513.5 78.0 9.0 12.0
0 500.0 79.5 10.0 11.0
0 484.5 76.5 11.0 13.0
0 475.0 72.0 10.0 14.0
0 497.5 62.0 9.0 12.0
0 537.0 92.0 12.0 16.0
0 567.5 96.0 15.0 14.0
0 550.0 76.0 16.0 16.0
0 534.5 69.5 9.0 9.0
0 576.5 58.0 11.0 12.0
0 581.0 78.5 14.0 15.0
0 593.0 72.5 8.0 11.0
0 620.5 77.0 11.0 12.0
0 610.0 75.0 8.0 14.0
0 607.5 53.0 9.0 10.0
0 617.0 52.5 10.0 9.0
0 641.0 64.5 10.0 13.0
0 655.5 60.5 7.0 9.0
0 670.0 65.5 8.0 11.0
0 680.0 69.5 8.0 9.0
0 683.5 63.5 13.0 13.0
0 655.5 91.5 13.0 19.0
0 633.5 74.5 11.0 13.0
0 493.5 157.5 19.0 25.0
0 571.0 148.0 24.0 32.0
0 558.0 130.0 18.0 20.0
0 612.5 111.0 17.0 22.0
0 612.0 162.0 22.0 30.0
0 603.0 132.0 20.0 24.0
0 645.5 146.0 19.0 24.0
0 647.5 117.0 17.0 24.0
0 686.5 106.5 15.0 19.0
0 692.5 85.0 15.0 18.0
0 718.5 96.0 13.0 18.0
0 706.0 125.5 22.0 19.0
0 671.5 169.5 25.0 35.0
0 722.0 180.0 26.0 32.0
0 745.5 147.5 21.0 25.0
0 794.5 191.5 25.0 27.0
0 825.0 163.5 20.0 25.0
0 872.0 220.5 26.0 37.0
0 889.5 177.0 15.0 26.0
0 912.0 149.5 18.0 21.0
0 896.5 136.0 13.0 18.0
0 913.5 120.0 13.0 12.0
0 907.0 128.5 12.0 13.0
0 906.5 92.5 13.0 15.0
0 887.5 97.5 11.0 17.0
0 861.5 124.0 13.0 22.0
0 836.0 99.0 14.0 16.0
0 858.5 108.0 13.0 14.0
0 816.5 80.5 13.0 15.0
0 849.5 154.0 17.0 28.0
0 825.0 120.0 18.0 18.0
0 787.5 146.5 17.0 23.0
0 763.0 107.5 16.0 23.0
0 794.5 111.0 17.0 18.0
0 804.5 93.0 11.0 16.0
0 775.5 85.5 15.0 19.0
0 759.5 72.5 13.0 15.0
0 748.5 93.5 13.0 17.0
0 746.5 75.5 11.0 13.0
0 731.5 67.0 13.0 14.0
