0 183.0 233.0 40.0 44.0
0 174.0 121.0 22.0 24.0
0 242.0 121.5 22.0 25.0
0 417.5 80.0 15.0 18.0
0 440.5 94.0 19.0 20.0
0 442.0 79.5 14.0 17.0
0 462.5 86.5 15.0 19.0
0 493.0 99.0 16.0 22.0
0 471.0 103.5 18.0 21.0
0 473.0 77.0 12.0 18.0
0 488.5 70.0 11.0 16.0
0 518.5 68.0 17.0 18.0
0 614.0 118.5 22.0 27.0
0 641.5 101.0 17.0 24.0
0 620.0 64.0 16.0 16.0
0 650.5 63.0 15.0 16.0
0 684.0 96.5 16.0 19.0
0 702.0 102.5 18.0 21.0
0 716.0 80.5 14.0 19.0
0 725.0 93.5 18.0 19.0
0 747.0 95.5 18.0 19.0
0 771.5 90.5 17.0 19.0
0 793.0 78.5 14.0 23.0
0 807.0 100.5 18.0 21.0
0 777.5 114.5 19.0 19.0
0 849.0 157.5 28.0 29.0
0 907.0 125.5 18.0 21.0
0 906.0 106.0 14.0 16.0
0 914.0 93.5 12.0 17.0
0 877.0 90.5 14.0 19.0
