0 121.5 196.5 39.0 47.0
0 267.0 118.5 20.0 17.0
0 297.5 123.0 17.0 20.0
0 324.5 98.0 15.0 18.0
0 321.0 127.5 18.0 19.0
0 353.5 101.5 13.0 19.0
0 361.5 86.5 13.0 15.0
0 358.5 124.5 19.0 21.0
0 386.5 107.0 17.0 18.0
0 403.0 108.5 20.0 19.0
0 386.0 127.0 16.0 18.0
0 405.0 134.0 20.0 20.0
0 428.5 109.5 23.0 21.0
0 399.0 89.0 16.0 16.0
0 425.5 88.5 15.0 17.0
0 463.5 100.5 21.0 19.0
0 468.0 79.0 12.0 16.0
0 483.0 64.5 10.0 13.0
0 502.0 72.0 14.0 10.0
0 530.5 68.5 13.0 11.0
0 493.5 82.5 15.0 15.0
0 501.0 97.5 18.0 19.0
0 522.5 85.5 15.0 19.0
0 542.5 84.5 17.0 21.0
0 535.5 99.5 15.0 17.0
0 568.0 86.5 16.0 19.0
0 582.5 79.0 17.0 16.0
0 577.5 63.5 15.0 15.0
0 608.0 61.0 14.0 12.0
0 623.0 57.0 12.0 14.0
0 610.0 81.5 14.0 15.0
0 633.0 81.0 14.0 14.0
0 661.0 57.5 12.0 13.0
0 668.0 67.0 16.0 14.0
0 686.0 59.0 12.0 14.0
0 596.0 113.0 20.0 22.0
0 548.5 131.5 23.0 27.0
0 618.5 130.5 21.0 29.0
0 646.5 117.5 25.0 27.0
0 642.5 97.0 17.0 22.0
0 685.5 98.0 17.0 20.0
0 702.0 79.0 14.0 20.0
0 723.0 71.0 14.0 16.0
0 747.5 72.0 13.0 12.0
0 769.5 77.5 13.0 15.0
0 790.5 71.5 13.0 15.0
0 845.0 61.0 16.0 18.0
0 894.5 60.0 17.0 18.0
0 872.0 93.5 14.0 17.0
0 903.5 90.5 11.0 13.0
0 913.0 99.5 16.0 13.0
0 862.0 101.5 16.0 17.0
0 841.5 102.5 17.0 19.0
0 828.0 75.5 12.0 11.0
0 813.5 81.0 21.0 14.0
0 797.5 96.0 17.0 18.0
0 763.5 91.5 17.0 13.0
0 780.5 103.5 21.0 19.0
0 763.5 113.5 21.0 23.0
0 727.5 106.0 15.0 20.0
0 711.0 98.0 16.0 18.0
0 711.0 130.5 18.0 21.0
0 738.0 133.0 20.0 20.0
0 670.0 139.5 26.0 27.0
0 674.5 172.5 35.0 37.0
0 725.0 198.0 32.0 28.0
0 763.5 163.5 25.0 25.0
0 802.5 132.5 19.0 25.0
0 812.0 119.5 14.0 19.0
0 896.0 188.5 24.0 31.0
0 903.0 141.0 14.0 20.0
0 894.0 117.5 18.0 21.0
0 864.0 132.0 18.0 26.0
0 870.0 115.5 16.0 19.0
