0 171.0 140.5 22.0 23.0
0 242.0 139.5 24.0 27.0
0 197.0 290.5 56.0 51.0
0 290.0 129.0 20.0 26.0
0 332.5 110.5 21.0 21.0
0 336.0 131.5 18.0 27.0
0 360.5 145.5 21.0 27.0
0 433.5 141.5 23.0 23.0
0 350.5 121.0 19.0 18.0
0 384.5 112.0 21.0 24.0
0 436.0 118.5 24.0 21.0
0 469.5 122.0 21.0 22.0
0 418.0 88.5 12.0 17.0
0 442.0 86.5 18.0 11.0
0 445.5 100.0 21.0 16.0
0 485.5 87.5 13.0 17.0
0 499.5 102.0 17.0 20.0
0 506.5 128.5 23.0 23.0
0 564.0 103.5 20.0 23.0
0 502.0 153.0 26.0 30.0
0 533.0 70.5 16.0 15.0
0 508.5 86.0 13.0 16.0
0 549.5 76.0 15.0 16.0
0 554.0 86.5 18.0 13.0
0 585.5 96.0 15.0 18.0
0 578.5 76.5 15.0 15.0
0 585.5 63.0 13.0 14.0
0 627.0 84.0 12.0 14.0
0 611.0 69.5 14.0 15.0
0 632.5 66.5 11.0 13.0
0 649.0 73.5 16.0 15.0
0 651.0 61.5 14.0 15.0
0 671.0 68.0 14.0 18.0
0 698.0 60.0 12.0 14.0
0 694.5 73.0 13.0 16.0
0 661.0 101.5 18.0 19.0
0 621.0 132.0 16.0 26.0
0 545.5 176.5 29.0 31.0
0 574.0 145.0 26.0 26.0
0 616.5 183.0 31.0 38.0
0 684.0 198.0 34.0 32.0
0 738.5 229.5 31.0 35.0
0 668.5 160.5 25.0 31.0
0 730.5 175.0 25.0 30.0
0 779.0 178.0 24.0 34.0
0 854.0 184.0 26.0 36.0
0 908.0 196.0 28.0 32.0
0 916.0 167.5 20.0 21.0
0 873.5 168.5 21.0 23.0
0 811.5 140.0 25.0 30.0
0 808.5 115.5 17.0 19.0
0 769.0 138.0 24.0 24.0
0 739.5 130.5 23.0 25.0
0 703.0 118.5 22.0 23.0
0 706.0 99.0 14.0 16.0
0 726.5 84.0 15.0 16.0
0 710.0 69.0 10.0 16.0
0 756.5 76.0 17.0 20.0
0 785.5 79.5 15.0 19.0
0 885.5 129.5 17.0 21.0
0 937.0 126.5 20.0 25.0
0 973.0 88.5 16.0 23.0
