0 740.5 154.5 21.0 29.0
0 760.5 118.0 19.0 26.0
0 818.0 121.5 14.0 23.0
0 827.0 136.0 16.0 24.0
0 764.0 80.5 10.0 15.0
0 790.0 80.5 8.0 13.0
0 787.5 86.5 11.0 15.0
0 784.0 104.5 12.0 21.0
0 748.0 94.0 12.0 18.0
0 731.0 110.5 14.0 21.0
0 706.5 93.0 13.0 18.0
0 715.0 67.5 8.0 13.0
0 736.5 74.5 11.0 17.0
0 651.0 63.5 10.0 13.0
0 628.0 71.0 10.0 14.0
0 602.0 62.5 10.0 13.0
0 607.0 78.5 12.0 17.0
0 608.5 98.0 15.0 20.0
0 637.5 86.0 11.0 16.0
0 636.5 110.5 17.0 21.0
0 648.5 102.0 15.0 20.0
0 681.0 70.0 12.0 16.0
0 697.5 75.0 11.0 16.0
0 668.0 88.0 12.0 18.0
0 679.0 113.5 18.0 25.0
0 687.0 148.5 20.0 31.0
0 640.5 143.0 21.0 28.0
0 596.0 128.0 18.0 26.0
0 550.5 124.5 17.0 25.0
0 572.5 95.0 13.0 20.0
0 581.5 107.0 15.0 22.0
0 558.5 105.0 15.0 22.0
0 567.0 62.5 8.0 11.0
0 546.0 63.0 8.0 10.0
0 525.5 63.0 7.0 10.0
0 522.0 73.5 10.0 15.0
0 540.5 70.5 9.0 13.0
0 546.0 76.0 10.0 14.0
0 495.0 66.5 10.0 13.0
0 432.0 70.5 8.0 11.0
0 442.0 77.5 10.0 13.0
0 449.0 96.0 14.0 18.0
0 474.0 85.5 12.0 15.0
0 478.0 98.5 16.0 21.0
0 506.0 86.0 14.0 18.0
0 490.5 124.0 17.0 22.0
0 527.5 170.5 23.0 31.0
0 503.0 145.5 20.0 29.0
0 432.0 154.5 20.0 29.0
0 405.5 74.0 7.0 12.0
0 424.5 98.5 13.0 17.0
0 397.0 97.5 10.0 15.0
0 420.0 119.0 16.0 22.0
0 381.5 120.5 15.0 17.0
0 362.0 99.0 12.0 16.0
0 342.5 97.0 11.0 14.0
0 351.0 111.0 14.0 14.0
0 322.0 104.0 12.0 12.0
0 326.0 125.0 16.0 22.0
0 330.0 139.0 18.0 22.0
0 346.0 140.5 20.0 25.0
0 309.5 117.5 13.0 17.0
0 301.5 132.0 17.0 22.0
0 221.5 132.5 11.0 15.0
0 267.0 129.5 12.0 17.0
0 282.0 125.0 14.0 20.0
0 291.0 117.0 12.0 16.0
0 491.5 77.5 9.0 13.0
0 171.0 207.0 34.0 38.0
0 392.5 89.0 13.0 16.0
