0 150.5 386.5 51.0 61.0
0 268.0 232.0 18.0 24.0
0 304.5 237.5 25.0 31.0
0 327.5 258.5 23.0 29.0
0 339.0 211.0 22.0 26.0
0 388.5 256.0 31.0 34.0
0 421.5 221.0 21.0 28.0
0 417.0 204.5 18.0 21.0
0 457.0 232.5 22.0 31.0
0 483.5 228.5 21.0 25.0
0 480.5 203.5 21.0 23.0
0 468.0 176.5 20.0 23.0
0 505.5 178.5 15.0 17.0
0 514.0 184.0 18.0 22.0
0 518.5 212.0 27.0 32.0
0 535.0 230.5 24.0 33.0
0 561.5 209.5 21.0 25.0
0 600.0 225.5 24.0 25.0
0 559.0 184.0 20.0 22.0
0 552.5 165.5 19.0 19.0
0 600.5 178.5 21.0 23.0
0 619.5 190.0 21.0 22.0
0 619.5 166.5 19.0 23.0
0 646.5 169.0 21.0 26.0
0 664.0 194.0 16.0 26.0
0 687.0 177.0 20.0 24.0
0 677.5 150.0 15.0 20.0
0 696.0 161.5 16.0 19.0
0 716.5 172.5 15.0 21.0
0 719.5 155.0 15.0 20.0
0 727.0 143.0 18.0 20.0
0 751.0 148.0 16.0 24.0
0 762.5 154.0 17.0 18.0
0 769.5 168.5 17.0 19.0
0 802.5 158.5 17.0 21.0
0 805.5 143.0 17.0 22.0
0 820.5 158.0 15.0 22.0
0 585.0 268.0 38.0 38.0
0 647.5 242.5 31.0 39.0
0 646.0 284.5 36.0 43.0
0 701.5 307.5 43.0 49.0
0 718.0 260.5 38.0 35.0
0 716.0 229.5 28.0 29.0
0 766.0 206.0 26.0 32.0
0 778.0 240.0 30.0 34.0
0 796.0 261.0 32.0 40.0
0 764.0 324.5 46.0 57.0
0 837.5 377.5 47.0 51.0
0 993.5 347.5 45.0 51.0
0 881.0 273.5 34.0 35.0
0 826.0 251.0 30.0 36.0
0 833.0 207.0 24.0 28.0
0 799.0 190.5 24.0 27.0
0 850.0 205.5 18.0 25.0
0 847.5 171.0 23.0 22.0
0 875.5 175.0 19.0 26.0
0 882.5 162.5 17.0 23.0
0 898.5 158.5 15.0 21.0
0 920.0 190.5 16.0 21.0
0 939.0 166.5 20.0 23.0
0 934.0 183.0 18.0 24.0
0 975.0 205.5 22.0 25.0
0 986.5 189.0 19.0 24.0
0 973.0 168.0 16.0 24.0
0 976.0 244.0 26.0 38.0
0 947.5 298.0 37.0 48.0
0 1018.0 312.5 42.0 49.0
0 1110.0 325.5 40.0 49.0
0 1033.5 260.0 37.0 38.0
0 1043.5 242.5 29.0 35.0
0 1060.5 218.5 23.0 25.0
0 1075.5 189.0 23.0 26.0
0 1051.0 177.0 14.0 20.0
0 1028.0 188.5 20.0 25.0
0 1013.0 178.5 22.0 27.0
0 1015.0 214.5 22.0 23.0
0 1096.0 271.0 26.0 32.0
0 1121.0 243.5 22.0 27.0
0 1130.0 225.0 22.0 24.0
0 1121.0 210.5 18.0 21.0
0 1127.5 190.5 19.0 25.0
0 1097.5 209.0 19.0 26.0
