0 190.5 275.5 57.0 65.0
0 251.5 222.5 47.0 65.0
0 292.5 126.0 27.0 28.0
0 360.5 168.5 21.0 27.0
0 376.0 158.0 20.0 22.0
0 462.0 170.5 30.0 31.0
0 447.5 134.5 21.0 23.0
0 434.5 114.0 19.0 20.0
0 477.5 135.5 27.0 29.0
0 487.5 110.5 19.0 21.0
0 510.0 121.0 20.0 22.0
0 490.5 91.5 17.0 17.0
0 506.0 93.0 14.0 18.0
0 516.5 99.5 19.0 19.0
0 520.5 82.0 15.0 16.0
0 547.5 105.5 19.0 19.0
0 571.0 84.5 18.0 21.0
0 601.0 92.5 16.0 19.0
0 606.5 70.5 17.0 17.0
0 624.5 97.0 15.0 22.0
0 579.0 124.0 26.0 24.0
0 520.5 188.5 29.0 37.0
0 668.5 144.5 31.0 31.0
0 688.0 77.0 24.0 32.0
0 704.5 152.0 27.0 36.0
0 735.5 97.5 21.0 23.0
0 765.5 90.0 17.0 20.0
0 782.0 99.0 20.0 22.0
0 749.0 58.0 14.0 18.0
0 757.0 46.5 12.0 17.0
0 782.5 45.0 15.0 18.0
0 809.0 63.0 14.0 16.0
0 801.0 87.0 16.0 24.0
0 811.5 102.5 17.0 25.0
0 771.0 169.0 36.0 36.0
0 832.0 163.5 34.0 37.0
0 859.0 110.5 20.0 25.0
0 874.5 79.0 17.0 22.0
0 914.0 108.5 16.0 21.0
0 938.0 139.5 18.0 29.0
