0 215.0 272.0 48.0 54.0
0 255.0 228.5 38.0 59.0
0 281.0 126.5 28.0 21.0
0 354.0 170.0 22.0 26.0
0 373.0 160.0 22.0 24.0
0 429.0 116.5 18.0 21.0
0 459.0 133.5 26.0 21.0
0 460.0 166.0 26.0 30.0
0 520.5 186.5 33.0 35.0
0 486.0 96.0 16.0 22.0
0 504.0 94.0 22.0 26.0
0 516.5 80.0 23.0 18.0
0 518.5 114.5 23.0 25.0
0 544.0 104.0 18.0 22.0
0 556.5 127.0 21.0 18.0
0 565.5 83.5 19.0 19.0
0 605.0 69.0 18.0 18.0
0 597.0 90.5 18.0 19.0
0 620.0 95.5 18.0 19.0
0 674.0 61.5 18.0 21.0
0 706.5 62.5 13.0 17.0
0 747.0 57.5 20.0 19.0
0 663.5 146.5 21.0 31.0
0 706.0 155.5 24.0 33.0
0 747.0 107.5 22.0 25.0
0 760.5 90.0 25.0 24.0
0 801.5 63.0 13.0 20.0
0 798.0 88.0 18.0 22.0
0 866.5 76.5 17.0 15.0
0 856.5 115.0 23.0 22.0
0 769.0 169.0 28.0 32.0
0 829.5 184.0 23.0 30.0
0 907.0 116.0 14.0 22.0
0 933.5 136.5 23.0 27.0
0 779.5 98.0 19.0 22.0
0 737.5 95.0 19.0 24.0
0 485.5 114.0 23.0 20.0
0 475.5 137.0 19.0 20.0
