0 191.0 290.5 36.0 41.0
0 270.0 161.0 16.0 14.0
0 293.5 163.5 17.0 15.0
0 340.5 164.5 19.0 21.0
0 326.5 159.0 13.0 18.0
0 322.0 141.5 18.0 17.0
0 353.0 134.5 16.0 17.0
0 377.0 154.5 20.0 19.0
0 396.5 160.5 19.0 23.0
0 420.5 164.0 21.0 28.0
0 381.0 135.5 18.0 21.0
0 389.5 119.5 17.0 17.0
0 421.5 132.0 19.0 18.0
0 440.5 119.0 17.0 16.0
0 429.5 108.0 11.0 16.0
0 467.0 114.5 18.0 17.0
0 461.5 144.0 19.0 22.0
0 509.0 145.5 22.0 27.0
0 525.5 123.5 19.0 19.0
0 479.0 92.0 14.0 12.0
0 504.5 98.5 13.0 17.0
0 515.5 101.0 15.0 16.0
0 543.5 100.0 15.0 16.0
0 520.0 79.5 14.0 15.0
0 569.5 101.5 15.0 19.0
0 610.0 104.0 16.0 18.0
0 600.5 88.5 11.0 13.0
0 588.0 79.5 14.0 15.0
0 560.0 128.5 22.0 23.0
0 636.0 84.5 12.0 15.0
0 625.5 84.0 11.0 14.0
0 648.5 77.5 15.0 17.0
0 659.5 87.5 13.0 17.0
0 678.0 88.0 14.0 18.0
0 682.5 70.5 9.0 13.0
0 711.5 74.0 15.0 16.0
0 542.0 171.5 28.0 29.0
0 604.0 175.5 28.0 29.0
0 652.0 200.0 28.0 30.0
0 589.0 150.5 26.0 25.0
0 664.0 148.0 22.0 28.0
0 657.0 123.0 18.0 20.0
0 700.5 107.0 17.0 22.0
0 734.5 90.0 15.0 16.0
0 745.5 107.5 15.0 19.0
0 741.5 141.0 19.0 22.0
0 719.0 149.0 22.0 26.0
0 760.5 172.5 27.0 27.0
0 754.5 93.5 15.0 17.0
0 768.0 106.5 16.0 21.0
0 784.5 123.0 19.0 18.0
0 794.0 86.5 16.0 15.0
0 793.0 71.5 14.0 15.0
0 814.5 80.0 15.0 16.0
0 816.5 98.0 17.0 20.0
0 830.0 113.5 20.0 23.0
0 826.0 138.5 20.0 33.0
0 821.0 182.5 28.0 31.0
0 896.5 208.5 27.0 25.0
0 914.0 156.0 28.0 34.0
0 981.5 166.5 19.0 25.0
0 978.0 140.0 20.0 24.0
0 962.0 125.0 18.0 22.0
0 945.0 109.0 18.0 20.0
0 955.0 97.5 16.0 19.0
0 926.0 96.0 18.0 20.0
0 904.0 107.0 16.0 22.0
0 890.5 124.5 19.0 25.0
0 862.5 109.0 17.0 20.0
0 890.0 92.5 16.0 19.0
0 834.0 85.0 16.0 20.0
