0 203.0 290.5 54.0 57.0
0 356.5 151.5 21.0 25.0
0 386.0 153.5 22.0 27.0
0 456.0 165.0 26.0 32.0
0 446.5 131.0 21.0 24.0
0 474.0 136.5 22.0 25.0
0 472.5 110.0 19.0 20.0
0 499.0 115.0 22.0 22.0
0 487.5 88.0 13.0 14.0
0 513.5 84.0 15.0 16.0
0 559.0 128.0 22.0 22.0
0 556.0 83.5 16.0 17.0
0 585.0 88.0 20.0 18.0
0 608.0 93.5 18.0 21.0
0 698.0 151.0 26.0 30.0
0 759.0 162.0 26.0 32.0
0 732.5 87.0 19.0 28.0
0 746.0 84.5 18.0 19.0
0 761.0 93.0 22.0 20.0
0 785.0 75.0 14.0 20.0
0 802.0 70.5 18.0 21.0
0 856.0 103.5 22.0 23.0
0 853.0 77.0 16.0 22.0
0 927.5 130.5 23.0 27.0
0 829.5 162.0 33.0 34.0
0 1017.0 255.0 38.0 66.0
