0 161.0 265.5 52.0 53.0
0 340.5 131.0 15.0 20.0
0 337.5 113.0 15.0 18.0
0 349.0 117.5 14.0 17.0
0 415.0 118.5 18.0 19.0
0 449.0 127.5 20.0 19.0
0 485.5 128.5 21.0 21.0
0 422.0 104.0 16.0 18.0
0 452.5 106.0 17.0 18.0
0 474.0 114.0 18.0 20.0
0 429.5 90.5 15.0 15.0
0 446.0 92.5 16.0 15.0
0 467.0 83.5 14.0 13.0
0 481.0 87.0 16.0 18.0
0 503.0 93.0 16.0 20.0
0 506.0 81.0 14.0 14.0
0 510.0 72.5 10.0 15.0
0 523.0 79.0 12.0 16.0
0 531.0 70.5 12.0 15.0
0 541.5 80.0 15.0 16.0
0 539.5 92.0 15.0 18.0
0 546.5 107.0 17.0 18.0
0 568.5 94.5 15.0 15.0
0 571.0 84.5 16.0 15.0
0 591.5 66.5 13.0 15.0
0 617.5 59.0 13.0 12.0
0 610.0 71.0 12.0 18.0
0 624.5 70.0 13.0 14.0
0 639.0 62.0 10.0 16.0
0 601.0 85.0 16.0 18.0
0 594.5 99.5 17.0 21.0
0 578.0 138.5 22.0 27.0
0 555.0 170.0 28.0 36.0
0 521.0 167.5 30.0 31.0
0 628.5 87.5 15.0 19.0
0 634.5 119.5 21.0 29.0
0 621.0 155.5 24.0 27.0
0 608.0 175.5 30.0 39.0
0 652.0 77.0 12.0 12.0
0 663.5 64.0 11.0 14.0
0 663.0 82.0 12.0 16.0
0 685.0 68.5 10.0 13.0
0 692.0 74.5 10.0 15.0
0 712.5 76.5 11.0 15.0
0 729.0 86.5 14.0 19.0
0 713.5 95.5 15.0 19.0
0 713.0 110.5 18.0 21.0
0 672.5 127.5 21.0 25.0
0 661.5 115.0 19.0 24.0
0 684.0 160.0 24.0 26.0
0 687.0 185.0 28.0 38.0
0 728.5 136.5 21.0 31.0
0 758.5 75.0 13.0 18.0
0 764.5 73.0 11.0 14.0
0 762.5 88.0 15.0 18.0
0 753.5 101.5 13.0 21.0
0 771.5 110.5 17.0 21.0
0 785.5 81.0 13.0 18.0
0 808.0 101.0 14.0 18.0
0 795.5 120.5 19.0 21.0
0 805.5 165.5 23.0 33.0
0 815.0 156.0 18.0 28.0
0 820.0 119.0 14.0 22.0
0 837.5 104.0 15.0 22.0
0 847.5 93.0 13.0 20.0
0 859.0 110.5 14.0 23.0
0 869.5 105.0 15.0 20.0
0 881.5 91.0 13.0 20.0
0 840.0 132.5 18.0 25.0
0 891.0 86.0 14.0 14.0
0 922.5 96.5 13.0 19.0
0 915.5 103.0 11.0 14.0
0 909.5 112.5 15.0 19.0
0 899.5 116.0 15.0 18.0
0 888.0 140.5 20.0 31.0
0 878.0 157.0 20.0 30.0
0 852.5 181.0 25.0 30.0
0 840.5 206.0 25.0 38.0
0 764.0 196.0 28.0 38.0
0 923.0 192.5 20.0 33.0
0 940.5 178.0 21.0 32.0
0 936.0 146.0 22.0 28.0
0 934.5 131.5 19.0 23.0
0 955.5 119.0 15.0 18.0
0 949.0 103.5 14.0 21.0
