0 209.0 205.5 48.0 49.0
0 301.5 130.0 23.0 22.0
0 340.5 136.0 21.0 24.0
0 343.5 123.0 17.0 18.0
0 363.5 114.0 15.0 18.0
0 359.0 102.5 14.0 17.0
0 389.5 114.5 17.0 21.0
0 370.0 142.0 22.0 24.0
0 392.0 143.5 20.0 21.0
0 429.5 139.5 25.0 25.0
0 425.0 126.0 20.0 18.0
0 411.0 110.5 18.0 19.0
0 438.5 84.0 11.0 14.0
0 450.5 96.5 17.0 15.0
0 462.5 85.5 15.0 17.0
0 481.0 95.0 18.0 20.0
0 484.5 79.0 11.0 14.0
0 497.0 101.5 16.0 19.0
0 466.0 126.0 22.0 22.0
0 495.0 131.0 20.0 24.0
0 508.0 86.5 18.0 19.0
0 508.0 75.5 14.0 13.0
0 518.0 67.0 16.0 18.0
0 526.5 81.0 15.0 18.0
0 541.0 72.0 14.0 18.0
0 550.0 103.0 16.0 20.0
0 512.0 163.5 28.0 35.0
0 565.5 170.0 33.0 38.0
0 584.5 135.0 25.0 26.0
0 574.5 102.0 17.0 18.0
0 570.5 90.0 15.0 18.0
0 583.5 87.0 13.0 20.0
0 602.5 96.0 19.0 22.0
0 564.5 84.0 11.0 14.0
0 566.5 72.5 15.0 15.0
0 602.0 67.5 12.0 19.0
0 614.0 77.0 14.0 18.0
0 638.0 94.5 18.0 19.0
0 643.5 72.5 13.0 17.0
0 626.0 65.5 14.0 17.0
0 658.0 60.5 12.0 15.0
0 667.0 76.5 14.0 19.0
0 673.0 68.5 14.0 13.0
0 685.5 60.0 9.0 14.0
0 704.0 68.0 12.0 14.0
0 710.0 58.0 14.0 12.0
0 632.0 140.0 24.0 28.0
0 638.0 130.0 20.0 20.0
0 631.0 185.5 30.0 33.0
0 726.0 181.5 30.0 35.0
0 708.5 142.0 23.0 32.0
0 692.0 104.0 20.0 24.0
0 719.0 91.0 16.0 18.0
0 736.5 103.0 19.0 24.0
0 740.5 64.0 11.0 16.0
0 771.0 78.0 16.0 20.0
0 794.5 90.5 15.0 19.0
0 782.0 107.0 18.0 22.0
0 740.5 134.0 25.0 28.0
0 751.5 112.5 17.0 23.0
0 783.5 157.5 23.0 29.0
0 755.0 165.5 26.0 31.0
0 775.5 213.0 35.0 38.0
0 802.5 179.5 27.0 31.0
0 838.0 163.5 24.0 35.0
0 859.5 177.5 27.0 37.0
0 826.5 126.5 19.0 25.0
0 817.0 99.5 18.0 21.0
0 901.0 150.5 20.0 29.0
0 904.5 130.0 19.0 28.0
0 947.0 191.0 24.0 34.0
0 949.0 166.5 22.0 29.0
0 923.5 239.5 39.0 45.0
0 842.0 228.0 40.0 44.0
0 959.0 122.0 14.0 22.0
