0 216.5 215.5 49.0 49.0
0 318.5 124.0 17.0 20.0
0 341.0 129.0 18.0 20.0
0 352.5 117.5 15.0 19.0
0 363.5 130.5 19.0 19.0
0 377.0 148.0 20.0 20.0
0 391.0 139.5 14.0 21.0
0 381.0 115.5 18.0 23.0
0 399.5 121.0 17.0 20.0
0 419.5 150.0 25.0 28.0
0 427.0 101.5 18.0 21.0
0 433.0 84.5 14.0 19.0
0 461.0 129.0 24.0 20.0
0 455.5 98.5 17.0 21.0
0 472.5 90.0 15.0 14.0
0 485.5 87.0 13.0 16.0
0 493.5 134.5 21.0 23.0
0 499.5 101.0 19.0 20.0
0 504.5 78.5 13.0 17.0
0 519.0 107.5 14.0 21.0
0 524.0 70.0 16.0 14.0
0 527.5 85.5 15.0 17.0
0 545.5 72.5 17.0 17.0
0 563.5 114.5 19.0 19.0
0 563.5 100.0 13.0 20.0
0 578.0 87.5 14.0 17.0
0 559.5 76.5 13.0 17.0
0 600.5 98.5 17.0 23.0
0 595.0 75.5 12.0 17.0
0 602.0 66.5 14.0 17.0
0 623.0 71.0 16.0 18.0
0 634.5 64.0 15.0 16.0
0 643.5 74.0 15.0 14.0
0 657.0 67.0 16.0 16.0
0 682.0 57.0 10.0 16.0
0 716.5 60.5 9.0 11.0
0 706.5 68.5 13.0 15.0
0 690.5 75.5 17.0 17.0
0 743.5 64.0 11.0 16.0
0 509.0 163.0 24.0 36.0
0 561.0 166.5 28.0 33.0
0 584.5 145.0 21.0 30.0
0 620.0 196.5 28.0 35.0
0 639.5 124.5 23.0 23.0
0 653.5 138.0 21.0 30.0
0 686.0 105.0 18.0 24.0
0 706.0 151.5 18.0 25.0
0 712.0 178.5 22.0 37.0
0 755.0 168.0 18.0 30.0
0 727.5 91.0 19.0 20.0
0 751.5 84.0 13.0 20.0
0 772.5 77.0 13.0 20.0
0 738.0 109.5 16.0 19.0
0 748.0 136.0 16.0 26.0
0 775.5 103.0 19.0 22.0
0 785.5 107.5 19.0 23.0
0 779.5 151.5 17.0 29.0
0 802.0 79.5 12.0 13.0
0 816.0 92.0 14.0 22.0
0 836.0 89.5 16.0 21.0
0 832.0 118.0 20.0 26.0
0 830.5 140.5 19.0 25.0
0 807.0 183.0 20.0 32.0
0 762.5 225.5 33.0 41.0
0 836.5 238.0 31.0 40.0
0 864.5 201.0 23.0 32.0
0 900.5 149.5 17.0 29.0
0 915.0 133.5 18.0 25.0
0 958.0 127.0 16.0 24.0
0 950.0 166.0 20.0 28.0
0 944.5 200.0 21.0 32.0
0 922.5 248.0 29.0 46.0
0 641.5 89.0 17.0 18.0
0 485.0 81.0 12.0 16.0
