0 150.0 263.0 52.0 52.0
0 273.5 160.5 21.0 21.0
0 334.5 143.0 25.0 18.0
0 322.5 161.5 25.0 27.0
0 294.0 163.5 28.0 23.0
0 355.5 130.0 21.0 16.0
0 383.0 120.5 22.0 17.0
0 414.0 108.0 18.0 18.0
0 478.5 101.5 19.0 25.0
0 522.0 80.5 18.0 17.0
0 532.5 93.0 21.0 22.0
0 437.0 115.5 16.0 17.0
0 422.0 133.0 26.0 22.0
0 391.0 154.5 38.0 25.0
0 415.0 175.0 28.0 28.0
0 462.0 148.5 28.0 29.0
0 500.5 145.5 23.0 25.0
0 467.0 123.0 28.0 26.0
0 544.0 118.0 26.0 26.0
0 566.0 128.0 26.0 30.0
0 577.5 95.5 25.0 21.0
0 608.5 74.0 21.0 22.0
0 601.5 92.0 23.0 24.0
0 619.5 105.5 15.0 15.0
0 594.5 155.0 29.0 32.0
0 525.5 190.0 33.0 36.0
0 606.0 178.0 34.0 40.0
0 663.0 95.0 22.0 22.0
0 678.0 77.5 16.0 13.0
0 720.5 72.0 15.0 18.0
0 703.0 112.0 16.0 22.0
0 669.0 122.5 22.0 25.0
0 663.0 151.5 24.0 25.0
0 708.5 134.0 29.0 32.0
0 722.5 158.0 29.0 34.0
0 736.0 122.0 24.0 28.0
0 756.0 93.5 20.0 21.0
0 790.0 78.0 20.0 20.0
0 767.0 109.0 20.0 18.0
0 772.0 138.5 22.0 33.0
0 783.5 161.0 29.0 36.0
0 830.0 170.5 26.0 41.0
0 806.0 137.0 26.0 26.0
0 817.0 103.5 18.0 19.0
0 818.5 84.5 17.0 21.0
0 864.0 76.5 16.0 23.0
0 841.0 94.5 20.0 21.0
0 832.0 123.0 20.0 26.0
0 862.5 111.5 23.0 21.0
0 897.0 87.0 26.0 26.0
0 888.5 130.0 21.0 26.0
0 894.5 193.5 27.0 45.0
0 907.0 120.5 20.0 23.0
0 913.5 101.0 17.0 24.0
0 956.0 91.0 22.0 18.0
0 954.5 112.5 23.0 25.0
0 922.0 160.0 30.0 28.0
0 980.0 157.0 26.0 30.0
0 986.5 141.0 17.0 30.0
0 507.0 120.5 28.0 27.0
0 372.0 142.5 22.0 17.0
0 336.5 176.5 25.0 27.0
0 949.0 124.0 18.0 26.0
