0 43.0 286.5 26.0 29.0
0 288.5 244.5 17.0 21.0
0 318.5 267.0 19.0 24.0
0 411.5 257.0 23.0 26.0
0 357.5 220.5 19.0 21.0
0 440.5 211.0 19.0 22.0
0 468.0 234.5 14.0 19.0
0 500.0 241.5 20.0 27.0
0 500.0 216.5 20.0 19.0
0 500.5 197.5 17.0 19.0
0 478.5 187.0 15.0 18.0
0 524.5 184.5 15.0 15.0
0 546.0 192.5 16.0 17.0
0 531.5 220.0 17.0 18.0
0 564.0 243.0 22.0 28.0
0 574.0 217.5 18.0 23.0
0 582.5 195.0 15.0 20.0
0 567.0 181.5 16.0 15.0
0 580.0 170.5 20.0 17.0
0 627.0 194.0 16.0 20.0
0 636.5 181.5 11.0 15.0
0 642.0 170.5 14.0 15.0
0 659.5 194.5 17.0 23.0
0 684.0 209.5 18.0 21.0
0 619.0 231.0 24.0 26.0
0 713.5 188.0 17.0 22.0
0 685.0 168.0 16.0 20.0
0 705.5 162.5 13.0 17.0
0 739.0 161.0 18.0 20.0
0 747.5 150.0 19.0 16.0
0 564.0 298.5 32.0 31.0
0 658.0 254.0 30.0 28.0
0 670.0 293.0 32.0 42.0
0 749.0 303.5 32.0 35.0
0 751.0 263.0 28.0 30.0
0 734.0 239.5 22.0 25.0
0 773.0 216.0 22.0 28.0
0 782.5 179.0 15.0 18.0
0 736.0 184.5 16.0 17.0
0 768.5 159.0 11.0 18.0
0 783.0 163.5 14.0 11.0
0 803.5 155.0 13.0 16.0
0 828.5 167.5 15.0 17.0
0 854.5 163.5 13.0 21.0
0 827.0 196.0 18.0 24.0
0 804.5 263.5 27.0 35.0
0 844.0 256.0 22.0 28.0
0 834.5 318.5 39.0 39.0
0 860.5 349.5 41.0 51.0
0 894.0 289.5 32.0 33.0
0 888.5 209.5 21.0 21.0
0 864.0 187.0 18.0 20.0
0 905.5 177.5 15.0 21.0
0 920.5 165.0 15.0 18.0
0 918.5 194.5 17.0 21.0
0 932.5 184.0 15.0 20.0
0 946.0 210.0 20.0 30.0
0 952.0 175.0 14.0 18.0
0 966.0 183.5 16.0 19.0
0 999.5 193.0 19.0 18.0
0 1027.5 186.5 15.0 19.0
0 1001.5 214.0 17.0 22.0
0 1002.0 363.5 34.0 41.0
0 952.0 307.0 26.0 36.0
0 1032.5 317.0 33.0 36.0
0 1119.5 336.0 39.0 42.0
0 992.0 264.5 24.0 31.0
0 999.5 240.0 15.0 18.0
0 1031.5 225.5 21.0 25.0
0 1053.5 270.0 23.0 34.0
0 1076.0 252.5 18.0 25.0
0 1081.0 229.5 18.0 19.0
0 1119.5 237.0 21.0 28.0
0 1143.5 250.5 23.0 27.0
0 1098.0 208.0 18.0 22.0
0 1043.5 202.0 17.0 18.0
0 1054.0 193.5 16.0 21.0
0 1069.0 183.0 18.0 22.0
0 1143.0 201.0 16.0 20.0
0 1130.0 208.5 14.0 17.0
0 357.0 270.5 24.0 27.0
0 438.5 241.5 23.0 23.0
