0 43.0 285.0 48.0 60.0
0 274.5 165.0 25.0 30.0
0 310.0 158.5 32.0 31.0
0 341.0 139.0 24.0 32.0
0 397.5 131.0 25.0 28.0
0 411.5 112.0 25.0 30.0
0 442.5 123.5 29.0 31.0
0 458.5 115.5 21.0 29.0
0 493.0 143.5 20.0 25.0
0 522.5 138.0 23.0 32.0
0 479.5 107.0 23.0 26.0
0 509.0 104.5 22.0 25.0
0 565.0 176.5 32.0 33.0
0 563.0 101.5 22.0 23.0
0 567.0 89.0 24.0 22.0
0 590.0 89.0 20.0 26.0
0 605.0 100.5 22.0 23.0
0 644.0 110.5 26.0 29.0
0 608.5 137.0 29.0 34.0
0 709.5 120.5 23.0 27.0
0 671.0 89.5 26.0 27.0
0 641.5 79.5 21.0 23.0
0 711.0 69.0 22.0 22.0
0 745.0 67.5 22.0 21.0
0 721.5 86.0 25.0 26.0
0 739.5 113.0 21.0 28.0
0 749.5 91.5 23.0 25.0
0 778.0 101.5 22.0 23.0
0 780.0 81.5 22.0 23.0
0 770.5 62.0 21.0 22.0
0 801.0 106.0 20.0 30.0
0 810.0 64.0 20.0 24.0
0 837.0 72.0 20.0 26.0
0 844.5 95.0 19.0 22.0
0 855.0 74.5 18.0 21.0
0 880.0 69.5 18.0 19.0
0 881.0 83.5 20.0 25.0
0 929.0 84.0 20.0 22.0
0 908.5 113.5 23.0 29.0
0 849.0 140.0 30.0 38.0
0 778.0 160.0 38.0 40.0
0 723.0 194.0 38.0 40.0
0 761.0 226.0 36.0 38.0
0 844.0 242.5 38.0 41.0
0 939.0 235.0 34.0 50.0
0 924.5 152.0 29.0 34.0
0 963.5 165.5 27.0 37.0
0 949.0 124.0 24.0 32.0
0 971.5 102.5 17.0 23.0
0 994.0 111.5 18.0 23.0
0 1016.0 135.5 20.0 29.0
0 1040.0 165.5 28.0 41.0
0 1047.5 122.0 21.0 24.0
0 1033.5 102.0 19.0 22.0
0 1062.5 117.5 17.0 25.0
0 1103.0 126.0 18.0 22.0
0 1092.0 192.5 26.0 37.0
0 1133.5 225.0 33.0 38.0
0 1093.0 277.5 36.0 49.0
0 1009.0 256.0 44.0 52.0
0 1108.5 173.5 23.0 33.0
0 1129.5 153.5 21.0 29.0
0 1142.5 140.0 17.0 24.0
0 1153.5 127.5 19.0 23.0
0 1180.0 188.5 22.0 33.0
0 1184.5 151.0 23.0 26.0
0 1201.0 130.5 20.0 23.0
0 1221.0 263.5 30.0 47.0
0 1223.5 223.5 29.0 39.0
0 1234.5 205.5 25.0 31.0
0 1239.5 178.0 21.0 30.0
0 1246.5 142.5 19.0 27.0
