0 187.0 292.0 36.0 38.0
0 271.0 162.0 14.0 20.0
0 290.0 168.0 16.0 18.0
0 316.5 159.0 19.0 20.0
0 372.0 181.5 18.0 19.0
0 375.5 160.0 17.0 22.0
0 327.5 141.5 17.0 17.0
0 354.5 135.0 15.0 20.0
0 377.5 138.0 15.0 14.0
0 408.0 136.0 14.0 14.0
0 422.5 160.0 19.0 24.0
0 404.5 118.0 11.0 14.0
0 417.5 113.5 11.0 19.0
0 444.5 111.0 13.0 18.0
0 474.0 111.0 12.0 14.0
0 486.0 132.5 18.0 23.0
0 513.5 139.5 17.0 21.0
0 542.0 115.0 16.0 20.0
0 512.5 120.0 17.0 18.0
0 506.5 100.5 13.0 15.0
0 479.0 89.5 12.0 13.0
0 513.0 86.0 12.0 14.0
0 548.0 99.0 14.0 12.0
0 579.5 115.5 15.0 21.0
0 590.5 101.0 11.0 18.0
0 622.0 102.5 14.0 17.0
0 603.0 74.5 14.0 17.0
0 649.5 97.0 13.0 16.0
0 673.0 84.5 16.0 15.0
0 687.0 71.5 12.0 17.0
0 726.5 76.0 11.0 16.0
0 653.0 71.5 10.0 11.0
0 612.5 88.5 13.0 11.0
0 559.5 180.5 23.0 25.0
0 602.0 179.5 24.0 31.0
0 659.0 189.5 24.0 35.0
0 648.0 158.0 22.0 28.0
0 616.5 138.0 23.0 28.0
0 666.0 131.0 18.0 22.0
0 713.0 133.0 16.0 22.0
0 724.5 159.0 21.0 30.0
0 753.5 163.5 21.0 29.0
0 719.0 115.5 14.0 17.0
0 748.0 115.0 18.0 22.0
0 736.5 96.0 13.0 18.0
0 750.5 88.5 13.0 17.0
0 769.0 100.5 16.0 19.0
0 778.0 83.5 12.0 15.0
0 791.5 80.5 15.0 19.0
0 814.5 78.0 13.0 18.0
0 812.5 102.5 15.0 17.0
0 827.5 98.5 15.0 19.0
0 779.0 123.0 16.0 18.0
0 761.0 133.5 18.0 23.0
0 824.0 138.0 20.0 30.0
0 816.5 173.5 27.0 29.0
0 898.0 172.0 22.0 34.0
0 982.0 152.0 20.0 32.0
0 948.5 131.5 17.0 21.0
0 946.5 106.5 11.0 15.0
0 951.5 97.5 13.0 19.0
0 892.5 138.0 15.0 22.0
0 901.5 117.0 17.0 20.0
0 910.5 103.0 15.0 20.0
0 886.0 93.0 14.0 14.0
0 859.0 100.5 16.0 23.0
