0 52.5 221.0 27.0 28.0
0 280.5 148.0 17.0 22.0
0 291.0 156.5 20.0 21.0
0 346.5 145.0 17.0 22.0
0 373.5 156.5 23.0 25.0
0 364.5 148.0 19.0 20.0
0 346.5 126.0 15.0 18.0
0 366.0 124.0 14.0 20.0
0 378.0 134.5 16.0 21.0
0 381.0 115.0 16.0 20.0
0 405.5 112.5 19.0 21.0
0 426.0 128.0 18.0 22.0
0 412.5 153.5 23.0 25.0
0 432.5 154.5 25.0 29.0
0 447.0 112.0 16.0 22.0
0 477.5 113.5 17.0 21.0
0 485.0 135.5 18.0 25.0
0 499.0 137.5 24.0 27.0
0 515.5 116.0 23.0 24.0
0 506.5 98.0 19.0 22.0
0 489.0 90.5 16.0 19.0
0 516.0 79.5 12.0 15.0
0 526.0 91.5 16.0 17.0
0 544.0 96.0 16.0 20.0
0 546.0 113.0 20.0 22.0
0 568.0 111.5 20.0 27.0
0 587.0 94.5 16.0 19.0
0 602.0 88.0 14.0 16.0
0 616.5 96.5 19.0 23.0
0 595.5 71.5 17.0 17.0
0 534.0 172.5 28.0 33.0
0 590.0 141.0 24.0 34.0
0 622.5 170.0 29.0 36.0
0 639.0 165.5 26.0 31.0
0 627.5 87.0 17.0 18.0
0 643.0 79.0 14.0 16.0
0 637.0 71.5 12.0 13.0
0 648.5 67.5 13.0 15.0
0 659.5 85.5 15.0 15.0
0 682.0 82.0 16.0 18.0
0 685.5 69.0 15.0 16.0
0 721.0 66.0 18.0 18.0
0 725.5 86.5 15.0 19.0
0 690.0 107.0 22.0 20.0
0 692.5 119.0 23.0 24.0
0 658.5 123.0 21.0 24.0
0 718.5 150.0 25.0 28.0
0 672.0 180.5 36.0 39.0
0 763.5 174.0 27.0 38.0
0 753.5 135.0 21.0 30.0
0 747.0 105.5 18.0 23.0
0 765.5 100.0 19.0 24.0
0 751.5 84.5 19.0 23.0
0 783.5 71.0 17.0 20.0
0 779.5 119.0 21.0 28.0
0 806.0 140.0 24.0 32.0
0 821.5 155.0 29.0 32.0
0 817.5 121.0 23.0 28.0
0 793.0 104.0 18.0 22.0
0 813.5 95.0 19.0 24.0
0 813.0 75.0 18.0 16.0
0 829.0 81.5 18.0 23.0
0 850.0 97.0 18.0 26.0
0 888.5 122.5 23.0 33.0
0 902.5 89.5 17.0 23.0
0 888.0 91.5 16.0 21.0
0 942.0 101.0 18.0 20.0
0 948.5 91.0 15.0 18.0
0 960.5 111.5 15.0 19.0
0 948.0 125.0 18.0 26.0
0 898.5 161.5 25.0 29.0
0 903.5 189.5 27.0 41.0
0 976.5 153.0 19.0 30.0
0 975.0 129.5 20.0 23.0
