0 277.0 128.5 20.0 21.0
0 346.5 134.5 19.0 21.0
0 371.5 154.5 27.0 21.0
0 417.0 157.5 18.0 21.0
0 436.5 124.0 15.0 18.0
0 458.0 125.0 12.0 20.0
0 492.5 128.5 23.0 17.0
0 397.5 129.0 15.0 16.0
0 376.0 112.5 18.0 23.0
0 409.0 95.0 16.0 20.0
0 433.0 98.0 16.0 18.0
0 492.0 92.0 20.0 16.0
0 481.0 77.5 16.0 19.0
0 526.5 104.0 17.0 22.0
0 545.5 115.0 15.0 22.0
0 585.5 159.0 27.0 30.0
0 593.0 137.0 22.0 16.0
0 641.0 116.0 18.0 18.0
0 694.5 149.5 27.0 23.0
0 690.0 126.0 18.0 18.0
0 736.0 139.0 14.0 22.0
0 725.5 107.0 17.0 18.0
0 699.0 69.0 14.0 16.0
0 728.5 63.0 17.0 22.0
0 684.0 62.5 14.0 15.0
0 593.5 68.0 11.0 18.0
0 529.0 74.0 18.0 16.0
0 751.5 150.5 19.0 27.0
0 779.5 168.0 25.0 36.0
0 837.0 171.0 28.0 32.0
0 921.0 196.0 24.0 34.0
0 884.0 154.0 18.0 26.0
0 859.0 135.5 18.0 21.0
0 805.5 128.5 23.0 21.0
0 755.5 115.5 17.0 17.0
0 775.5 100.0 11.0 14.0
0 812.0 91.5 12.0 15.0
0 801.0 80.5 10.0 15.0
0 832.0 81.5 10.0 19.0
0 861.0 89.0 16.0 18.0
0 925.0 119.5 16.0 17.0
0 910.5 87.5 13.0 15.0
0 932.5 89.5 11.0 17.0
0 952.5 133.5 13.0 19.0
0 952.5 176.0 19.0 22.0
0 930.5 149.5 17.0 23.0
0 594.0 100.5 12.0 17.0
0 627.5 97.5 15.0 17.0
0 739.5 86.0 15.0 18.0
0 626.5 170.0 39.0 36.0
0 617.5 69.5 11.0 11.0
0 619.0 58.0 14.0 10.0
0 637.0 68.5 10.0 11.0
0 667.0 66.5 10.0 13.0
0 875.5 89.0 11.0 18.0
0 863.5 117.5 19.0 17.0
0 974.5 123.0 17.0 16.0
0 880.5 104.0 15.0 20.0
0 973.5 103.5 17.0 21.0
0 669.5 81.5 15.0 21.0
0 643.0 78.5 14.0 17.0
0 542.0 82.5 18.0 17.0
0 479.0 114.5 16.0 19.0
0 436.0 85.5 14.0 15.0
0 507.5 73.5 15.0 11.0
0 508.0 85.0 14.0 16.0
0 393.0 110.0 16.0 24.0
