0 129.0 342.5 56.0 67.0
0 273.0 166.0 18.0 20.0
0 304.0 148.5 22.0 19.0
0 333.5 156.0 19.0 26.0
0 413.5 111.0 17.0 14.0
0 443.0 115.5 20.0 19.0
0 466.0 109.5 16.0 19.0
0 458.5 124.0 21.0 26.0
0 431.0 139.5 18.0 21.0
0 414.5 162.5 21.0 27.0
0 388.0 161.0 22.0 22.0
0 488.5 138.5 21.0 25.0
0 515.0 139.0 20.0 26.0
0 505.5 95.5 15.0 19.0
0 511.0 104.0 16.0 20.0
0 547.0 110.5 20.0 21.0
0 545.0 82.0 12.0 14.0
0 558.5 91.0 15.0 16.0
0 573.0 89.0 20.0 16.0
0 602.5 77.0 19.0 16.0
0 631.0 83.0 20.0 20.0
0 643.0 71.5 18.0 17.0
0 646.0 59.0 14.0 10.0
0 667.5 59.5 9.0 15.0
0 693.5 59.5 11.0 13.0
0 717.0 62.0 12.0 18.0
0 756.5 68.0 11.0 16.0
0 697.0 83.0 10.0 18.0
0 664.5 86.5 15.0 17.0
0 624.5 105.0 21.0 20.0
0 572.5 120.0 21.0 22.0
0 588.0 108.5 16.0 17.0
0 818.0 73.0 16.0 18.0
0 831.0 76.0 14.0 18.0
0 842.5 87.5 19.0 25.0
0 867.5 87.5 15.0 23.0
0 897.5 85.5 13.0 19.0
0 909.5 82.0 15.0 24.0
0 930.5 85.0 13.0 20.0
0 970.5 83.0 13.0 18.0
0 1007.0 94.0 12.0 16.0
0 957.5 101.0 19.0 26.0
0 928.5 105.0 19.0 20.0
0 888.5 125.0 21.0 26.0
0 842.5 119.0 21.0 26.0
0 817.5 128.5 19.0 29.0
0 787.5 121.0 19.0 24.0
0 751.5 104.5 19.0 25.0
0 740.0 94.5 18.0 21.0
0 705.0 111.0 18.0 24.0
0 729.5 119.5 17.0 27.0
0 665.5 128.0 21.0 26.0
0 609.0 151.5 20.0 25.0
0 665.5 153.0 23.0 22.0
0 608.5 180.0 29.0 30.0
0 546.0 175.0 26.0 28.0
0 681.5 176.5 25.0 27.0
0 762.5 137.5 21.0 25.0
0 752.5 182.5 31.0 31.0
0 788.5 150.0 23.0 28.0
0 811.0 202.0 32.0 44.0
0 847.5 162.5 25.0 31.0
0 867.0 143.5 20.0 25.0
0 875.5 232.0 41.0 38.0
0 899.5 185.5 25.0 37.0
0 933.0 154.5 22.0 29.0
0 944.5 130.0 17.0 26.0
0 996.5 123.5 17.0 23.0
0 987.0 139.0 20.0 22.0
0 1000.5 154.0 19.0 20.0
0 982.5 180.0 27.0 32.0
0 951.0 213.5 30.0 37.0
0 814.5 89.5 19.0 19.0
