0 202.0 202.5 46.0 55.0
0 301.5 130.0 23.0 26.0
0 322.0 101.0 18.0 24.0
0 346.5 110.5 21.0 19.0
0 401.0 107.0 22.0 20.0
0 412.0 92.0 14.0 16.0
0 411.5 81.0 15.0 14.0
0 440.0 95.5 20.0 23.0
0 436.5 113.5 19.0 23.0
0 468.0 116.5 28.0 31.0
0 437.0 81.0 14.0 14.0
0 447.5 73.0 11.0 12.0
0 458.0 81.0 14.0 18.0
0 473.0 93.5 20.0 21.0
0 492.0 82.0 14.0 18.0
0 495.0 71.5 14.0 15.0
0 509.5 66.5 13.0 15.0
0 514.0 84.0 16.0 18.0
0 524.0 96.5 20.0 19.0
0 546.0 95.5 16.0 21.0
0 548.0 79.5 16.0 17.0
0 561.0 78.0 16.0 20.0
0 531.5 77.5 15.0 15.0
0 522.5 68.5 11.0 13.0
0 535.5 69.5 13.0 13.0
0 578.0 56.0 14.0 18.0
0 590.5 77.0 17.0 20.0
0 590.5 67.0 13.0 16.0
0 576.5 95.0 17.0 24.0
0 626.5 81.5 15.0 19.0
0 637.0 78.0 12.0 18.0
0 608.5 53.0 13.0 14.0
0 625.5 52.5 13.0 15.0
0 636.0 61.0 10.0 16.0
0 651.0 65.5 14.0 17.0
0 666.0 57.0 10.0 16.0
0 678.5 64.0 13.0 16.0
0 694.0 62.5 14.0 19.0
0 499.0 153.5 28.0 31.0
0 562.5 129.5 23.0 29.0
0 576.5 155.0 29.0 32.0
0 622.5 164.5 29.0 37.0
0 624.0 144.0 22.0 26.0
0 622.5 105.0 21.0 22.0
0 659.5 99.5 17.0 25.0
0 671.0 114.0 22.0 26.0
0 661.5 144.5 25.0 27.0
0 679.0 173.0 30.0 38.0
0 712.0 193.0 36.0 42.0
0 699.0 112.5 20.0 25.0
0 716.5 124.5 23.0 31.0
0 704.0 88.0 16.0 22.0
0 736.0 92.5 16.0 21.0
0 762.0 77.0 18.0 20.0
0 755.0 65.0 18.0 24.0
0 785.0 72.0 18.0 20.0
0 774.5 94.0 19.0 26.0
0 799.5 107.5 19.0 23.0
0 810.0 102.5 16.0 21.0
0 827.0 96.0 16.0 22.0
0 831.5 117.0 17.0 22.0
0 850.5 101.0 17.0 24.0
0 845.5 82.0 15.0 16.0
0 867.0 95.0 16.0 18.0
0 878.0 80.0 14.0 20.0
0 891.0 107.5 20.0 21.0
0 886.5 132.0 23.0 30.0
0 851.0 171.5 22.0 31.0
0 863.0 161.5 20.0 29.0
0 799.0 144.5 22.0 25.0
0 801.0 164.5 28.0 33.0
0 806.0 201.5 36.0 43.0
0 894.0 238.0 28.0 48.0
0 917.0 181.0 26.0 36.0
0 933.0 153.5 24.0 31.0
0 921.5 132.5 17.0 25.0
0 938.5 134.0 15.0 20.0
0 936.0 110.0 12.0 18.0
0 938.0 93.0 12.0 16.0
0 916.0 85.0 12.0 14.0
0 915.0 98.5 14.0 17.0
