0 27.0 279.0 32.0 34.0
0 283.0 226.5 22.0 27.0
0 313.5 249.0 27.0 34.0
0 347.5 208.0 21.0 24.0
0 362.0 243.0 26.0 30.0
0 406.5 238.5 27.0 31.0
0 439.5 221.0 23.0 26.0
0 433.5 196.5 19.0 23.0
0 471.5 225.0 19.0 26.0
0 500.0 226.0 26.0 28.0
0 499.0 199.5 22.0 25.0
0 473.5 176.0 17.0 22.0
0 496.0 176.0 18.0 20.0
0 531.5 205.5 21.0 23.0
0 543.0 176.0 20.0 20.0
0 524.5 157.5 17.0 21.0
0 577.5 200.0 19.0 20.0
0 577.0 176.0 18.0 22.0
0 573.5 156.0 15.0 20.0
0 608.0 174.0 18.0 26.0
0 635.5 182.0 21.0 24.0
0 638.5 162.5 17.0 19.0
0 665.0 163.5 18.0 23.0
0 612.0 212.0 24.0 28.0
0 545.0 231.0 28.0 34.0
0 568.5 279.5 37.0 37.0
0 652.5 238.5 33.0 35.0
0 675.5 191.5 19.0 25.0
0 709.5 176.0 19.0 26.0
0 698.5 162.5 15.0 17.0
0 682.0 147.5 16.0 21.0
0 702.5 144.5 15.0 19.0
0 729.0 163.5 16.0 21.0
0 733.0 145.0 14.0 20.0
0 743.0 135.5 16.0 17.0
0 763.5 140.5 15.0 21.0
0 781.5 148.5 17.0 21.0
0 782.5 161.0 17.0 24.0
0 802.5 135.5 17.0 21.0
0 823.0 149.5 16.0 21.0
0 853.0 145.0 16.0 20.0
0 854.0 163.0 18.0 24.0
0 822.0 173.5 20.0 23.0
0 774.5 201.5 21.0 31.0
0 839.0 215.0 28.0 32.0
0 730.5 224.5 31.0 39.0
0 726.0 265.0 36.0 42.0
0 727.0 307.5 40.0 49.0
0 664.5 275.5 39.0 45.0
0 786.0 233.0 28.0 36.0
0 801.5 249.5 31.0 35.0
0 780.5 319.0 43.0 42.0
0 867.0 318.5 44.0 53.0
0 879.5 277.5 39.0 39.0
0 841.0 240.5 28.0 31.0
0 939.5 291.5 39.0 47.0
0 884.5 190.5 21.0 25.0
0 908.0 173.0 20.0 28.0
0 905.0 158.0 18.0 20.0
0 929.5 150.0 19.0 24.0
0 926.0 172.5 18.0 21.0
0 943.0 186.0 24.0 32.0
0 950.5 160.5 17.0 23.0
0 963.5 164.0 17.0 22.0
0 998.5 175.0 21.0 26.0
0 996.5 205.0 23.0 24.0
0 991.0 244.0 30.0 34.0
0 1019.5 224.5 25.0 27.0
0 1022.5 208.5 19.0 23.0
0 1054.0 249.5 28.0 37.0
0 1032.5 298.5 35.0 41.0
0 1018.5 353.0 41.0 52.0
0 1110.0 319.5 38.0 47.0
0 1086.0 233.5 20.0 31.0
0 1083.0 208.5 22.0 27.0
0 1041.0 188.0 18.0 26.0
0 1026.0 167.0 14.0 18.0
0 1045.5 176.0 17.0 20.0
0 1064.5 161.0 17.0 24.0
0 1090.5 188.0 21.0 26.0
0 1110.0 214.0 24.0 30.0
0 1131.0 237.5 26.0 39.0
0 1136.5 205.5 19.0 21.0
0 1141.0 184.0 16.0 16.0
