0 916.0 210.5 44.0 57.0
0 692.0 70.0 18.0 18.0
0 631.0 77.0 18.0 16.0
0 796.0 81.5 12.0 13.0
0 857.0 85.0 16.0 16.0
0 898.0 87.0 18.0 16.0
0 964.5 97.5 17.0 23.0
0 992.5 102.0 17.0 22.0
0 844.5 92.0 21.0 18.0
0 877.5 91.5 19.0 19.0
0 910.5 103.0 23.0 18.0
0 929.5 103.5 17.0 17.0
0 1028.0 116.0 22.0 20.0
0 559.5 86.5 15.0 15.0
0 587.5 89.0 21.0 14.0
0 617.5 93.0 21.0 12.0
0 652.5 86.0 21.0 20.0
0 673.0 92.0 26.0 18.0
0 735.0 91.0 20.0 22.0
0 749.0 82.0 18.0 16.0
0 776.0 116.5 28.0 27.0
0 803.0 99.0 22.0 18.0
0 517.0 98.0 14.0 16.0
0 543.5 103.5 21.0 19.0
0 588.5 112.5 21.0 25.0
0 651.5 122.0 25.0 18.0
0 488.0 111.0 20.0 20.0
0 424.0 121.5 24.0 19.0
0 468.0 117.0 26.0 24.0
0 528.0 138.0 26.0 20.0
0 562.5 131.0 25.0 22.0
0 400.0 130.5 24.0 23.0
0 360.0 133.0 26.0 24.0
0 707.0 137.5 28.0 29.0
0 740.0 127.0 26.0 26.0
0 737.0 152.5 34.0 35.0
0 807.0 120.5 22.0 25.0
0 825.5 114.5 17.0 25.0
0 864.0 121.0 26.0 24.0
0 815.5 143.5 25.0 27.0
0 890.5 131.0 17.0 24.0
0 933.5 118.5 17.0 21.0
0 1055.5 113.0 19.0 18.0
0 1054.5 146.5 19.0 27.0
0 968.5 135.0 19.0 22.0
0 993.0 149.5 18.0 33.0
0 1033.0 161.0 24.0 28.0
0 982.5 178.0 21.0 22.0
0 505.5 159.5 27.0 21.0
0 625.5 181.0 29.0 26.0
0 602.0 144.5 26.0 25.0
0 704.0 113.0 28.0 16.0
0 705.0 100.0 28.0 14.0
0 639.0 100.0 30.0 16.0
0 607.0 121.5 22.0 19.0
0 502.0 135.0 24.0 24.0
