0 166.5 366.5 49.0 55.0
0 278.0 235.5 20.0 25.0
0 305.5 268.0 29.0 28.0
0 349.0 252.5 24.0 31.0
0 344.0 217.0 22.0 24.0
0 409.5 247.5 27.0 35.0
0 430.0 230.0 20.0 26.0
0 460.0 240.5 24.0 31.0
0 427.5 207.5 21.0 21.0
0 473.0 181.5 18.0 23.0
0 495.0 189.0 16.0 20.0
0 497.5 231.5 25.0 31.0
0 493.5 209.0 19.0 18.0
0 526.0 217.5 22.0 23.0
0 536.0 232.0 26.0 28.0
0 528.5 196.0 17.0 22.0
0 516.0 179.0 16.0 20.0
0 556.5 187.5 19.0 25.0
0 563.5 215.0 21.0 20.0
0 565.0 166.5 20.0 19.0
0 601.5 183.0 17.0 20.0
0 638.5 192.0 23.0 22.0
0 633.5 172.5 21.0 21.0
0 662.5 169.5 19.0 21.0
0 675.5 195.0 19.0 24.0
0 696.0 184.0 22.0 22.0
0 688.5 152.0 15.0 18.0
0 735.0 173.0 18.0 20.0
0 723.0 160.5 14.0 17.0
0 741.0 145.5 16.0 19.0
0 762.0 147.0 14.0 16.0
0 774.5 173.0 17.0 20.0
0 815.5 145.0 15.0 20.0
0 821.0 162.5 18.0 19.0
0 833.0 154.5 20.0 21.0
0 608.0 229.0 22.0 28.0
0 585.5 281.0 37.0 44.0
0 651.5 303.5 41.0 43.0
0 733.5 313.5 39.0 47.0
0 656.0 248.5 30.0 35.0
0 733.5 230.0 31.0 32.0
0 754.5 256.5 37.0 35.0
0 776.5 324.5 39.0 47.0
0 863.0 356.5 54.0 55.0
0 800.0 261.5 30.0 41.0
0 784.5 238.0 27.0 30.0
0 771.5 211.5 21.0 29.0
0 816.0 191.0 20.0 26.0
0 843.5 202.5 23.0 27.0
0 858.0 172.0 22.0 26.0
0 838.5 251.0 29.0 36.0
0 878.5 279.5 37.0 35.0
0 946.5 302.5 35.0 45.0
0 1018.0 351.5 42.0 49.0
0 1024.0 323.5 38.0 41.0
0 988.5 252.0 29.0 38.0
0 896.0 166.0 18.0 20.0
0 902.5 162.0 13.0 20.0
0 907.5 185.5 23.0 29.0
0 947.0 195.5 20.0 27.0
0 956.5 182.0 17.0 22.0
0 936.0 184.5 18.0 23.0
0 955.5 166.5 21.0 21.0
0 985.5 169.0 19.0 26.0
0 999.0 192.5 22.0 23.0
0 986.5 215.5 21.0 23.0
0 1006.5 236.0 23.0 32.0
0 1028.5 230.5 23.0 25.0
0 1040.5 192.0 21.0 26.0
0 1026.5 179.0 17.0 20.0
0 1070.5 177.5 17.0 21.0
0 1087.0 194.0 18.0 22.0
0 1057.5 233.5 19.0 31.0
0 1085.5 225.5 21.0 27.0
0 1043.0 283.0 34.0 42.0
0 1109.0 316.5 40.0 49.0
0 1123.0 259.5 26.0 35.0
0 1110.0 223.0 22.0 26.0
0 1134.5 213.5 19.0 27.0
0 1142.0 199.5 18.0 17.0
