0 128.0 113.5 18.0 19.0
0 716.5 196.5 43.0 51.0
0 482.0 25.0 14.0 18.0
0 461.0 30.5 12.0 15.0
0 307.5 77.5 13.0 15.0
0 352.0 65.0 14.0 16.0
0 405.0 58.0 10.0 10.0
0 377.5 66.0 15.0 16.0
0 426.0 59.5 12.0 15.0
0 436.5 51.0 15.0 14.0
0 349.5 84.0 21.0 18.0
0 366.0 84.0 16.0 14.0
0 388.0 86.0 22.0 14.0
0 413.0 82.5 18.0 19.0
0 444.5 66.5 13.0 15.0
0 488.0 69.0 20.0 16.0
0 520.5 55.5 13.0 13.0
0 545.5 54.0 11.0 12.0
0 599.0 69.0 14.0 18.0
0 574.0 87.5 14.0 23.0
0 536.5 86.5 19.0 19.0
0 517.0 94.5 16.0 19.0
0 578.0 105.5 16.0 19.0
0 629.0 58.5 12.0 15.0
0 634.0 80.5 14.0 19.0
0 647.0 96.5 16.0 23.0
0 712.5 123.5 15.0 19.0
0 648.5 74.5 17.0 19.0
0 658.5 70.5 11.0 17.0
0 681.5 80.0 11.0 14.0
0 737.5 88.0 17.0 16.0
0 759.5 106.0 13.0 16.0
0 750.5 82.5 15.0 17.0
0 767.0 70.5 12.0 17.0
0 763.0 89.5 22.0 19.0
0 466.5 65.0 13.0 14.0
0 395.5 67.0 13.0 12.0
0 600.0 80.5 10.0 15.0
0 569.0 76.0 16.0 22.0
0 461.0 41.5 14.0 17.0
