0 126.0 272.0 48.0 50.0
0 273.5 156.5 25.0 23.0
0 292.0 159.0 18.0 18.0
0 315.5 155.5 21.0 21.0
0 335.5 137.0 17.0 20.0
0 353.5 135.0 17.0 22.0
0 347.0 163.0 24.0 28.0
0 371.5 157.0 25.0 28.0
0 379.5 131.5 23.0 23.0
0 388.0 117.5 20.0 21.0
0 407.5 116.5 17.0 19.0
0 409.0 152.5 24.0 29.0
0 430.0 161.0 24.0 28.0
0 425.5 126.5 23.0 27.0
0 463.0 143.0 24.0 26.0
0 473.0 115.5 22.0 23.0
0 507.5 135.5 23.0 23.0
0 474.5 94.0 17.0 18.0
0 490.0 100.5 18.0 19.0
0 518.5 116.0 23.0 22.0
0 531.0 97.5 18.0 19.0
0 518.0 81.5 18.0 19.0
0 593.5 70.0 19.0 18.0
0 570.0 110.5 26.0 25.0
0 616.0 129.5 26.0 31.0
0 605.0 102.0 20.0 22.0
0 584.0 94.0 16.0 20.0
0 513.0 186.5 34.0 37.0
0 621.0 170.5 32.0 35.0
0 675.5 180.0 37.0 36.0
0 660.5 151.5 25.0 31.0
0 659.0 124.5 24.0 27.0
0 620.5 85.0 17.0 18.0
0 630.0 72.5 10.0 15.0
0 646.0 89.5 16.0 21.0
0 684.5 78.5 17.0 17.0
0 722.0 71.5 14.0 21.0
0 653.0 70.5 16.0 15.0
0 690.5 131.0 25.0 30.0
0 705.0 106.0 18.0 24.0
0 730.5 113.0 19.0 24.0
0 726.0 92.5 20.0 23.0
0 752.5 93.5 15.0 21.0
0 770.0 99.0 18.0 24.0
0 748.5 129.0 21.0 24.0
0 718.0 146.0 26.0 34.0
0 761.5 164.0 33.0 38.0
0 827.0 173.0 30.0 36.0
0 824.5 139.5 29.0 35.0
0 784.5 118.5 23.0 25.0
0 814.0 102.0 22.0 26.0
0 795.0 84.5 20.0 21.0
0 782.0 64.5 18.0 19.0
0 814.0 78.0 20.0 20.0
0 836.5 87.0 19.0 22.0
0 853.5 98.0 21.0 22.0
0 858.5 78.0 15.0 20.0
0 884.0 83.5 18.0 25.0
0 890.5 114.0 17.0 24.0
0 881.5 128.5 23.0 31.0
0 910.0 96.0 16.0 22.0
0 949.0 102.5 20.0 25.0
0 951.5 90.5 15.0 23.0
0 955.5 122.5 19.0 25.0
0 932.0 165.0 24.0 32.0
0 887.0 189.5 28.0 39.0
0 979.5 163.0 21.0 32.0
0 987.0 143.5 24.0 29.0
