0 1076.5 184.0 13.0 20.0
0 1029.0 184.5 14.0 21.0
0 1044.0 194.5 14.0 23.0
0 1096.0 201.0 16.0 22.0
0 1085.0 225.0 14.0 24.0
0 1068.0 241.5 20.0 23.0
0 1036.5 221.5 17.0 25.0
0 1048.5 274.5 25.0 41.0
0 1114.0 217.0 16.0 18.0
0 1115.5 237.5 23.0 23.0
0 1142.0 253.5 20.0 31.0
0 1140.5 221.5 17.0 23.0
0 1148.5 198.0 15.0 20.0
0 991.0 177.0 18.0 22.0
0 996.0 202.0 16.0 20.0
0 992.0 214.5 16.0 27.0
0 1117.5 293.5 23.0 37.0
0 1126.5 328.5 35.0 45.0
0 990.5 242.5 17.0 23.0
0 995.0 255.0 24.0 34.0
0 1035.5 322.5 31.0 43.0
0 1003.5 363.5 39.0 51.0
0 962.5 302.5 35.0 39.0
0 957.5 174.0 15.0 22.0
0 964.5 192.0 17.0 26.0
0 949.5 198.0 17.0 22.0
0 914.0 172.0 14.0 20.0
0 897.0 181.5 16.0 25.0
0 864.5 180.0 17.0 22.0
0 851.5 217.0 19.0 26.0
0 843.0 257.0 24.0 32.0
0 886.5 285.5 33.0 41.0
0 810.0 259.0 30.0 40.0
0 778.0 218.5 22.0 27.0
0 787.5 177.5 15.0 19.0
0 823.5 198.5 19.0 25.0
0 825.5 151.5 11.0 17.0
0 826.0 165.5 14.0 19.0
0 839.0 163.5 14.0 15.0
0 782.5 161.0 13.0 16.0
0 738.5 153.0 11.0 18.0
0 741.0 161.5 14.0 19.0
0 742.5 180.0 13.0 18.0
0 740.5 234.0 25.0 34.0
0 777.5 331.0 33.0 52.0
0 853.0 385.5 34.0 47.0
0 728.5 317.5 33.0 47.0
0 714.0 295.0 30.0 30.0
0 671.0 290.0 28.0 42.0
0 684.0 201.0 18.0 24.0
0 714.5 191.5 15.0 21.0
0 718.0 171.5 14.0 19.0
0 701.5 154.0 13.0 14.0
0 682.0 164.0 14.0 20.0
0 665.5 183.0 15.0 24.0
0 662.0 254.5 24.0 35.0
0 619.0 232.5 18.0 25.0
0 641.5 199.0 17.0 22.0
0 625.0 188.0 18.0 24.0
0 639.5 178.5 13.0 17.0
0 589.5 285.0 31.0 40.0
0 584.0 219.5 18.0 23.0
0 583.0 190.0 16.0 18.0
0 573.0 174.0 14.0 20.0
0 525.5 186.5 15.0 17.0
0 504.5 215.5 17.0 23.0
0 520.5 208.5 15.0 19.0
0 507.5 237.5 29.0 27.0
0 535.0 222.0 18.0 24.0
0 547.0 237.0 24.0 30.0
0 482.0 189.0 14.0 20.0
0 436.0 212.5 18.0 21.0
0 412.5 257.5 25.0 33.0
0 435.0 237.0 18.0 24.0
0 471.5 243.0 21.0 28.0
0 354.5 220.0 17.0 22.0
0 327.5 245.5 19.0 29.0
0 344.5 269.5 17.0 27.0
0 285.0 243.5 18.0 25.0
0 117.5 400.0 47.0 54.0
0 865.5 211.5 17.0 25.0
0 798.0 246.5 26.0 37.0
