0 54.5 227.5 31.0 37.0
0 270.5 172.5 19.0 19.0
0 293.0 164.0 18.0 20.0
0 341.5 152.5 19.0 19.0
0 335.5 133.0 19.0 18.0
0 359.5 132.5 19.0 19.0
0 368.0 168.5 18.0 21.0
0 375.0 155.0 18.0 22.0
0 425.5 174.0 19.0 28.0
0 398.0 132.5 16.0 19.0
0 437.0 135.5 18.0 21.0
0 410.5 121.0 15.0 16.0
0 434.0 105.5 16.0 17.0
0 474.5 87.5 11.0 13.0
0 502.5 101.5 15.0 15.0
0 488.0 121.5 16.0 19.0
0 487.0 143.5 22.0 21.0
0 462.0 135.0 18.0 22.0
0 454.0 119.5 18.0 19.0
0 475.0 116.0 14.0 14.0
0 500.5 88.0 11.0 14.0
0 510.0 85.5 12.0 15.0
0 522.0 119.0 18.0 24.0
0 575.5 117.5 17.0 21.0
0 567.0 99.5 16.0 19.0
0 563.5 82.0 19.0 20.0
0 591.0 71.0 14.0 18.0
0 582.5 86.0 15.0 18.0
0 607.0 95.0 16.0 24.0
0 639.5 85.5 17.0 23.0
0 619.0 80.0 16.0 20.0
0 637.5 60.5 13.0 17.0
0 654.5 74.5 15.0 15.0
0 665.5 59.0 13.0 16.0
0 687.5 71.5 13.0 19.0
0 681.0 64.0 12.0 16.0
0 713.0 69.0 12.0 14.0
0 732.0 61.0 12.0 18.0
0 504.5 180.0 27.0 30.0
0 591.5 179.0 25.0 32.0
0 600.0 142.0 20.0 22.0
0 643.5 127.5 23.0 23.0
0 646.0 156.5 22.0 29.0
0 705.5 161.5 23.0 27.0
0 711.5 205.5 29.0 37.0
0 639.0 203.0 28.0 38.0
0 712.0 125.0 20.0 26.0
0 686.5 109.0 17.0 22.0
0 719.5 89.5 17.0 19.0
0 732.5 113.0 19.0 26.0
0 760.5 85.5 15.0 19.0
0 786.5 111.0 17.0 24.0
0 736.0 138.5 20.0 23.0
0 767.0 176.0 28.0 36.0
0 831.0 168.5 22.0 29.0
0 810.5 131.0 19.0 26.0
0 862.0 150.0 20.0 30.0
0 796.5 67.0 11.0 18.0
0 783.0 75.0 10.0 16.0
0 793.0 89.0 14.0 18.0
0 812.0 81.5 16.0 21.0
0 824.0 96.5 16.0 19.0
0 829.0 72.5 12.0 21.0
0 846.0 80.5 12.0 15.0
0 862.0 81.5 14.0 15.0
0 870.0 102.5 16.0 21.0
0 846.5 108.5 15.0 21.0
0 896.5 114.5 19.0 23.0
0 884.0 84.5 12.0 19.0
0 914.5 77.0 11.0 18.0
0 925.0 137.0 18.0 24.0
0 946.5 120.0 13.0 20.0
0 981.5 115.0 17.0 24.0
0 988.0 166.5 22.0 25.0
0 987.0 95.0 14.0 18.0
0 952.5 80.5 15.0 17.0
0 955.0 103.0 14.0 16.0
0 938.0 104.5 12.0 15.0
0 785.0 93.5 14.0 17.0
