0 92.0 183.5 24.0 25.0
0 158.5 225.5 45.0 47.0
0 270.0 155.0 18.0 18.0
0 286.0 155.0 18.0 22.0
0 360.5 147.0 21.0 24.0
0 401.5 156.0 21.0 24.0
0 380.0 114.5 16.0 19.0
0 408.0 133.0 18.0 20.0
0 409.5 113.0 11.0 16.0
0 419.5 119.0 13.0 14.0
0 419.5 104.5 13.0 15.0
0 449.5 133.5 19.0 23.0
0 448.5 120.0 19.0 20.0
0 463.0 91.0 16.0 16.0
0 482.5 98.5 17.0 23.0
0 505.0 115.5 18.0 21.0
0 495.5 107.5 15.0 17.0
0 516.5 92.5 13.0 15.0
0 536.5 98.5 17.0 17.0
0 540.5 115.0 19.0 24.0
0 533.0 79.0 14.0 16.0
0 546.0 82.0 16.0 20.0
0 564.0 98.5 18.0 19.0
0 581.5 81.5 15.0 17.0
0 574.5 65.5 13.0 17.0
0 567.0 46.5 16.0 13.0
0 609.5 43.5 11.0 13.0
0 600.5 98.0 17.0 20.0
0 599.0 83.0 14.0 14.0
0 604.5 72.0 11.0 12.0
0 614.5 65.0 11.0 14.0
0 636.5 61.5 11.0 15.0
0 663.5 61.5 11.0 15.0
0 666.0 78.0 14.0 16.0
0 672.5 71.0 13.0 18.0
0 683.5 64.5 11.0 15.0
0 723.5 62.0 15.0 16.0
0 631.0 89.5 18.0 23.0
0 516.5 176.0 25.0 36.0
0 531.0 192.0 26.0 32.0
0 573.0 155.0 26.0 28.0
0 623.5 127.5 21.0 23.0
0 625.5 158.5 23.0 31.0
0 637.5 173.0 29.0 30.0
0 692.5 184.5 37.0 41.0
0 677.5 128.5 21.0 25.0
0 710.0 110.0 22.0 24.0
0 772.5 196.5 37.0 45.0
0 816.5 240.5 41.0 47.0
0 768.0 135.5 22.0 29.0
0 767.5 108.5 21.0 27.0
0 801.0 116.0 22.0 24.0
0 803.5 94.5 19.0 21.0
0 826.0 79.0 16.0 22.0
0 846.0 86.5 16.0 19.0
0 855.0 82.0 16.0 18.0
0 868.5 81.5 15.0 23.0
0 891.0 79.5 16.0 19.0
0 881.5 93.5 17.0 21.0
0 893.5 115.5 19.0 23.0
0 908.0 111.5 20.0 27.0
0 849.5 121.0 25.0 26.0
0 818.5 170.0 25.0 32.0
0 788.5 164.5 25.0 33.0
0 853.5 187.0 29.0 36.0
0 831.5 157.0 25.0 28.0
0 943.0 250.0 40.0 46.0
0 927.5 188.0 33.0 40.0
0 891.5 159.5 21.0 25.0
0 945.5 164.0 21.0 28.0
0 951.5 142.5 23.0 23.0
0 951.0 117.0 22.0 26.0
0 954.0 95.0 18.0 20.0
0 928.0 87.5 14.0 15.0
0 985.0 72.0 12.0 18.0
