0 1166.5 108.5 19.0 23.0
0 1132.5 89.5 15.0 21.0
0 1120.0 105.5 18.0 23.0
0 1114.5 125.5 23.0 25.0
0 1152.5 145.5 17.0 25.0
0 1175.5 184.0 23.0 34.0
0 1134.0 156.0 18.0 26.0
0 1141.5 237.5 25.0 43.0
0 1105.5 339.5 33.0 47.0
0 1102.0 176.0 24.0 38.0
0 1048.0 227.0 30.0 46.0
0 1021.5 273.0 35.0 54.0
0 1035.5 169.0 21.0 32.0
0 1080.5 151.5 23.0 29.0
0 1082.0 98.5 14.0 17.0
0 1087.5 90.0 13.0 20.0
0 1060.5 133.0 17.0 24.0
0 1065.5 114.0 15.0 20.0
0 1050.5 86.0 13.0 18.0
0 1039.5 98.5 15.0 21.0
0 1030.0 109.0 22.0 24.0
0 1007.0 128.0 18.0 26.0
0 961.0 208.0 30.0 38.0
0 935.0 179.0 26.0 32.0
0 970.0 143.5 24.0 27.0
0 1011.5 85.0 15.0 20.0
0 975.0 73.5 18.0 23.0
0 975.0 103.5 18.0 21.0
0 955.5 95.5 19.0 19.0
0 946.0 121.5 18.0 25.0
0 923.5 99.0 19.0 20.0
0 915.0 90.0 16.0 20.0
0 895.5 97.5 17.0 21.0
0 909.0 129.5 24.0 29.0
0 891.5 117.0 19.0 24.0
0 858.5 76.5 13.0 17.0
0 886.5 154.0 23.0 36.0
0 851.5 148.0 21.0 30.0
0 860.0 133.0 20.0 28.0
0 805.0 65.0 12.0 16.0
0 353.5 198.0 25.0 30.0
0 392.0 159.0 18.0 24.0
0 421.5 182.0 23.0 32.0
0 432.0 150.5 18.0 23.0
0 449.5 157.5 19.0 29.0
0 464.0 161.0 20.0 26.0
0 453.5 192.0 23.0 28.0
0 483.0 200.0 26.0 32.0
0 495.0 156.5 22.0 25.0
0 525.0 130.5 20.0 23.0
0 537.5 155.0 19.0 28.0
0 558.0 116.0 14.0 18.0
0 568.5 135.5 19.0 25.0
0 582.0 100.5 14.0 21.0
0 608.0 156.0 20.0 28.0
0 609.5 141.0 19.0 24.0
0 605.0 95.0 12.0 18.0
0 611.0 107.5 14.0 23.0
0 634.5 91.0 13.0 18.0
0 632.0 112.5 12.0 23.0
0 647.0 109.0 14.0 22.0
0 659.0 95.5 16.0 23.0
0 765.0 71.0 16.0 20.0
0 826.5 84.5 19.0 17.0
0 818.0 101.0 18.0 24.0
0 756.5 179.0 25.0 36.0
0 760.5 145.0 25.0 34.0
0 843.5 188.5 29.0 37.0
0 770.5 234.5 37.0 43.0
0 673.5 204.0 29.0 38.0
0 706.0 172.0 30.0 38.0
0 677.5 117.5 19.0 25.0
0 695.0 99.5 16.0 23.0
0 712.5 121.0 21.0 24.0
0 705.0 74.5 16.0 13.0
0 706.5 89.0 15.0 18.0
0 731.0 78.5 16.0 17.0
0 742.5 99.0 19.0 22.0
0 772.0 87.0 18.0 24.0
0 790.5 98.0 15.0 20.0
0 59.5 297.0 37.0 40.0
