0 171.0 289.5 46.0 39.0
0 289.5 167.0 23.0 22.0
0 304.0 145.0 20.0 24.0
0 339.5 147.0 27.0 24.0
0 356.0 133.5 18.0 17.0
0 364.0 156.0 24.0 22.0
0 378.5 141.0 15.0 26.0
0 413.0 116.0 22.0 20.0
0 395.0 148.0 22.0 24.0
0 416.0 153.5 18.0 29.0
0 442.0 153.5 22.0 29.0
0 437.0 113.0 18.0 20.0
0 477.0 105.5 18.0 19.0
0 484.5 94.0 15.0 14.0
0 491.5 137.0 21.0 28.0
0 517.0 138.5 26.0 35.0
0 517.0 92.0 16.0 18.0
0 571.5 106.5 21.0 23.0
0 562.0 131.0 30.0 32.0
0 539.0 127.0 22.0 22.0
0 599.5 94.5 21.0 17.0
0 602.5 74.0 19.0 24.0
0 594.5 152.5 23.0 21.0
0 555.5 179.0 31.0 30.0
0 633.0 75.0 20.0 14.0
0 637.0 97.0 16.0 24.0
0 621.0 103.5 18.0 23.0
0 661.0 123.5 24.0 29.0
0 661.0 91.5 16.0 21.0
0 652.0 76.5 18.0 13.0
0 679.0 82.0 22.0 24.0
0 670.0 149.0 22.0 22.0
0 617.0 174.5 32.0 31.0
0 681.5 191.0 31.0 36.0
0 700.5 124.0 21.0 22.0
0 693.0 144.5 26.0 29.0
0 725.0 157.5 28.0 35.0
0 715.0 74.0 22.0 24.0
0 766.5 82.0 21.0 24.0
0 744.0 92.0 18.0 18.0
0 729.0 130.0 28.0 30.0
0 746.5 144.5 25.0 33.0
0 765.5 111.0 23.0 18.0
0 788.0 121.0 22.0 28.0
0 797.5 90.5 19.0 29.0
0 819.0 83.0 18.0 16.0
0 819.5 102.5 21.0 21.0
0 824.5 128.0 25.0 30.0
0 820.0 160.0 28.0 32.0
0 776.0 166.5 30.0 31.0
0 842.5 88.0 19.0 20.0
0 857.5 103.0 21.0 20.0
0 886.5 92.5 19.0 19.0
0 884.0 130.0 20.0 26.0
0 902.0 114.0 20.0 24.0
0 900.5 195.5 27.0 29.0
0 918.5 152.5 21.0 25.0
0 919.0 100.0 20.0 28.0
0 953.5 98.0 17.0 22.0
0 942.0 109.5 20.0 29.0
0 964.0 124.5 24.0 21.0
0 974.0 142.5 18.0 27.0
0 1001.5 154.5 29.0 33.0
0 425.0 134.5 22.0 25.0
0 324.0 149.5 16.0 19.0
0 501.0 107.0 18.0 26.0
