0 194.0 291.5 46.0 51.0
0 294.0 175.5 16.0 15.0
0 294.0 158.5 20.0 17.0
0 311.0 164.0 20.0 20.0
0 358.5 171.5 23.0 21.0
0 403.5 175.5 23.0 21.0
0 427.0 121.5 16.0 17.0
0 402.5 114.5 17.0 17.0
0 437.0 107.5 16.0 17.0
0 450.5 104.5 17.0 17.0
0 451.0 68.0 16.0 16.0
0 477.5 113.0 15.0 20.0
0 475.0 145.0 18.0 24.0
0 508.0 138.5 22.0 23.0
0 522.5 119.5 19.0 17.0
0 511.0 112.0 18.0 18.0
0 516.0 92.0 16.0 16.0
0 537.0 85.0 10.0 10.0
0 551.0 88.5 12.0 13.0
0 564.0 85.5 12.0 13.0
0 560.5 104.0 17.0 18.0
0 598.5 74.5 15.0 13.0
0 624.5 86.0 17.0 18.0
0 634.5 74.5 17.0 15.0
0 659.0 65.5 14.0 15.0
0 677.5 66.0 11.0 14.0
0 657.5 87.0 15.0 16.0
0 614.5 109.5 15.0 19.0
0 589.0 114.0 20.0 22.0
0 528.5 210.5 29.0 25.0
0 571.5 216.5 29.0 27.0
0 725.5 201.0 27.0 28.0
0 625.5 143.5 21.0 25.0
0 661.5 150.0 21.0 24.0
0 677.0 128.0 16.0 22.0
0 704.5 134.0 17.0 24.0
0 738.5 146.5 19.0 21.0
0 787.0 152.5 22.0 33.0
0 807.0 139.5 22.0 27.0
0 838.0 164.0 26.0 30.0
0 788.5 208.0 31.0 40.0
0 823.5 217.0 35.0 42.0
0 770.0 120.0 24.0 24.0
0 744.5 117.0 17.0 22.0
0 707.5 105.5 21.0 21.0
0 712.0 70.0 12.0 14.0
0 695.0 84.0 14.0 14.0
0 748.0 64.5 12.0 13.0
0 806.5 72.0 15.0 18.0
0 835.5 79.0 13.0 14.0
0 817.0 97.0 18.0 16.0
0 841.0 120.5 20.0 23.0
0 897.5 74.0 11.0 12.0
0 895.0 87.0 14.0 16.0
0 896.5 118.5 19.0 23.0
0 867.0 154.0 22.0 24.0
0 925.5 158.0 17.0 26.0
0 947.0 131.0 16.0 20.0
0 983.0 147.5 16.0 19.0
0 990.5 126.0 17.0 22.0
0 923.5 98.0 15.0 16.0
0 946.0 114.0 16.0 12.0
0 998.0 96.5 12.0 17.0
0 933.0 75.0 12.0 16.0
0 944.5 210.5 29.0 29.0
0 986.5 229.0 33.0 24.0
0 964.5 173.0 19.0 22.0
