0 1024.5 246.5 33.0 49.0
0 1052.0 231.5 30.0 49.0
0 1133.0 306.0 34.0 48.0
0 1147.5 241.0 27.0 42.0
0 1107.0 180.5 24.0 31.0
0 1094.5 97.5 13.0 17.0
0 1090.0 111.0 16.0 22.0
0 1134.5 113.0 15.0 24.0
0 1152.0 104.5 14.0 21.0
0 1166.0 113.5 14.0 23.0
0 1121.5 135.5 19.0 27.0
0 1141.5 159.5 19.0 27.0
0 1162.5 146.5 15.0 23.0
0 1104.0 157.0 26.0 30.0
0 1184.0 191.0 28.0 34.0
0 1074.5 121.5 15.0 21.0
0 1044.0 89.5 14.0 17.0
0 1047.5 101.0 15.0 20.0
0 1013.0 91.5 14.0 17.0
0 1026.5 111.5 17.0 23.0
0 1043.5 146.0 21.0 26.0
0 1037.5 172.5 25.0 31.0
0 982.5 106.5 17.0 25.0
0 1011.5 132.5 23.0 25.0
0 973.0 153.5 20.0 29.0
0 938.5 178.5 23.0 31.0
0 960.0 209.5 28.0 39.0
0 921.0 96.5 14.0 21.0
0 935.0 110.0 20.0 22.0
0 954.5 129.0 21.0 28.0
0 904.5 152.0 25.0 32.0
0 834.0 172.5 26.0 39.0
0 862.0 133.0 20.0 26.0
0 861.0 156.0 24.0 28.0
0 873.0 76.0 12.0 14.0
0 813.5 69.0 9.0 16.0
0 830.5 76.0 13.0 16.0
0 835.0 97.5 14.0 15.0
0 781.0 72.0 12.0 14.0
0 794.5 95.0 11.0 14.0
0 805.0 94.5 16.0 19.0
0 771.5 105.0 13.0 20.0
0 707.0 87.0 14.0 16.0
0 733.5 83.0 11.0 14.0
0 747.5 79.0 11.0 14.0
0 738.5 99.5 13.0 21.0
0 721.5 132.0 21.0 22.0
0 656.5 94.0 11.0 16.0
0 670.5 98.5 11.0 17.0
0 671.0 107.0 12.0 18.0
0 682.5 118.0 19.0 22.0
0 702.0 104.0 14.0 20.0
0 610.5 101.5 13.0 17.0
0 584.5 106.0 13.0 16.0
0 640.5 134.0 17.0 26.0
0 604.0 159.5 22.0 29.0
0 555.5 123.0 15.0 22.0
0 567.5 137.5 17.0 21.0
0 573.0 124.0 12.0 18.0
0 534.5 141.0 17.0 24.0
0 543.5 158.5 21.0 23.0
0 513.5 165.0 19.0 24.0
0 462.5 156.0 19.0 22.0
0 476.0 164.0 20.0 28.0
0 458.5 186.0 21.0 26.0
0 491.5 201.5 21.0 31.0
0 501.0 187.5 20.0 29.0
0 397.0 163.5 16.0 19.0
0 360.0 203.0 18.0 22.0
0 424.0 180.0 22.0 30.0
0 684.5 185.5 27.0 31.0
0 681.5 212.5 33.0 43.0
0 758.0 225.0 32.0 42.0
0 764.5 185.5 27.0 37.0
0 770.5 151.0 25.0 24.0
0 40.5 290.0 21.0 36.0
0 1190.0 119.5 16.0 23.0
0 904.5 126.0 19.0 20.0
0 925.5 138.0 19.0 20.0
