0 220.5 260.0 59.0 70.0
0 268.0 234.0 50.0 54.0
0 299.5 114.0 27.0 30.0
0 368.0 148.0 24.0 32.0
0 386.5 157.5 23.0 29.0
0 423.5 110.0 25.0 24.0
0 448.5 129.5 23.0 31.0
0 469.0 140.5 22.0 25.0
0 475.0 109.0 22.0 24.0
0 456.5 169.0 27.0 28.0
0 499.0 116.0 20.0 26.0
0 494.5 89.5 23.0 19.0
0 511.0 78.0 16.0 18.0
0 560.5 82.5 19.0 27.0
0 541.0 101.5 22.0 27.0
0 566.0 120.5 26.0 27.0
0 586.5 90.0 19.0 22.0
0 592.5 65.0 13.0 16.0
0 611.5 93.0 19.0 18.0
0 678.0 35.0 16.0 22.0
0 512.5 187.0 33.0 38.0
0 655.0 143.5 34.0 27.0
0 713.5 146.5 29.0 35.0
0 718.0 96.0 16.0 28.0
0 751.5 87.0 19.0 22.0
0 776.5 92.0 21.0 24.0
0 783.5 83.0 21.0 22.0
0 799.0 58.0 16.0 22.0
0 793.0 101.0 20.0 22.0
0 758.5 164.5 27.0 35.0
0 810.5 170.0 29.0 36.0
0 843.5 108.5 21.0 25.0
0 858.0 71.5 18.0 21.0
0 894.5 103.5 21.0 29.0
0 920.0 132.0 20.0 32.0
