0 259.0 263.5 52.0 65.0
0 295.5 163.0 21.0 20.0
0 320.5 168.0 15.0 22.0
0 322.0 149.5 18.0 11.0
0 366.5 177.5 25.0 25.0
0 406.5 180.0 19.0 22.0
0 409.0 155.5 24.0 13.0
0 378.5 151.0 21.0 16.0
0 480.0 138.5 16.0 19.0
0 416.0 114.0 14.0 14.0
0 436.5 119.0 17.0 14.0
0 453.0 111.5 16.0 17.0
0 488.5 116.0 11.0 18.0
0 507.5 115.5 19.0 21.0
0 503.0 146.5 20.0 25.0
0 543.0 184.0 26.0 34.0
0 578.0 199.0 24.0 34.0
0 647.5 212.5 25.0 33.0
0 746.5 198.5 27.0 35.0
0 812.5 206.0 31.0 40.0
0 877.0 248.0 34.0 44.0
0 951.0 230.5 36.0 41.0
0 977.0 194.0 30.0 34.0
0 897.5 192.0 27.0 32.0
0 842.0 167.5 20.0 27.0
0 788.5 155.0 27.0 32.0
0 660.5 162.0 19.0 28.0
0 636.0 149.5 20.0 27.0
0 559.5 128.5 17.0 23.0
0 534.5 125.0 23.0 22.0
0 517.0 96.5 20.0 21.0
0 672.5 128.5 19.0 23.0
0 710.5 131.5 19.0 21.0
0 765.0 147.0 18.0 24.0
0 719.0 107.0 16.0 20.0
0 756.5 115.0 15.0 24.0
0 786.0 126.5 22.0 23.0
0 830.5 135.5 17.0 27.0
0 869.5 149.0 19.0 26.0
0 932.0 161.0 24.0 32.0
0 993.0 163.0 22.0 30.0
0 553.5 77.5 13.0 13.0
0 565.5 101.5 17.0 17.0
0 592.0 113.5 14.0 23.0
0 578.5 81.0 17.0 18.0
0 606.0 77.0 14.0 18.0
0 623.5 102.5 17.0 21.0
0 636.0 85.0 16.0 16.0
0 661.0 92.5 18.0 19.0
0 643.0 66.5 16.0 19.0
0 669.5 64.0 11.0 14.0
0 694.5 83.5 15.0 21.0
0 722.5 66.5 11.0 15.0
0 757.0 65.5 14.0 17.0
0 788.5 84.5 17.0 23.0
0 819.0 93.0 14.0 18.0
0 828.0 80.5 12.0 19.0
0 842.0 109.0 18.0 24.0
0 876.0 94.5 16.0 17.0
0 901.0 74.5 16.0 15.0
0 893.0 90.0 18.0 14.0
0 887.5 123.0 19.0 26.0
0 922.5 101.5 13.0 21.0
0 937.0 82.0 14.0 18.0
0 940.0 131.5 18.0 25.0
0 996.0 135.0 14.0 24.0
0 962.0 108.5 16.0 23.0
0 1002.0 99.5 16.0 17.0
0 969.5 93.5 17.0 19.0
0 775.0 106.0 14.0 20.0
0 746.0 105.5 14.0 21.0
