0 1002.5 93.0 11.0 14.0
0 999.5 108.0 13.0 18.0
0 996.0 120.5 14.0 23.0
0 1041.0 118.5 16.0 19.0
0 1033.0 130.5 14.0 23.0
0 1032.5 141.0 17.0 20.0
0 1024.5 159.0 21.0 30.0
0 985.0 149.5 22.0 25.0
0 985.0 138.5 22.0 25.0
0 956.5 116.5 17.0 21.0
0 964.5 106.0 15.0 20.0
0 942.0 98.0 14.0 20.0
0 862.0 88.0 12.0 20.0
0 888.5 91.0 11.0 20.0
0 904.5 91.5 13.0 17.0
0 840.0 87.0 14.0 22.0
0 868.0 98.5 12.0 17.0
0 876.0 110.5 14.0 21.0
0 924.5 105.5 13.0 19.0
0 917.5 113.5 13.0 19.0
0 1003.0 227.0 26.0 38.0
0 926.0 143.0 22.0 26.0
0 886.0 133.0 22.0 28.0
0 914.0 162.0 26.0 32.0
0 878.5 179.0 27.0 34.0
0 840.0 128.0 16.0 28.0
0 853.5 158.0 23.0 28.0
0 814.5 152.0 25.0 30.0
0 806.5 111.0 19.0 22.0
0 810.0 96.5 18.0 23.0
0 787.0 120.5 20.0 25.0
0 840.0 218.5 30.0 39.0
0 771.0 199.0 34.0 38.0
0 763.0 162.5 22.0 29.0
0 782.5 76.0 15.0 20.0
0 758.5 75.0 13.0 16.0
0 749.0 84.5 14.0 19.0
0 728.0 117.0 18.0 24.0
0 712.5 104.0 15.0 22.0
0 722.5 97.5 17.0 19.0
0 706.5 80.5 11.0 15.0
0 718.5 79.0 11.0 14.0
0 698.0 74.0 10.0 12.0
0 690.5 89.0 15.0 18.0
0 639.5 89.0 15.0 18.0
0 661.0 103.5 12.0 19.0
0 671.5 104.0 17.0 24.0
0 629.0 104.0 16.0 20.0
0 609.5 91.0 13.0 18.0
0 611.0 85.0 14.0 18.0
0 598.0 103.0 16.0 20.0
0 620.0 121.5 16.0 23.0
0 582.0 115.0 18.0 22.0
0 569.5 99.5 15.0 17.0
0 536.5 97.0 15.0 18.0
0 536.0 90.5 12.0 17.0
0 554.5 83.5 11.0 15.0
0 549.0 116.5 18.0 21.0
0 660.5 145.0 21.0 30.0
0 720.0 152.0 20.0 28.0
0 706.0 158.5 24.0 29.0
0 475.0 101.0 10.0 16.0
0 492.5 102.5 13.0 21.0
0 463.0 106.0 16.0 18.0
0 463.5 119.5 17.0 19.0
0 494.0 128.0 18.0 22.0
0 515.5 130.5 19.0 23.0
0 492.5 155.0 21.0 28.0
0 459.0 149.5 22.0 25.0
0 419.0 114.5 16.0 19.0
0 443.5 134.0 19.0 24.0
0 420.0 148.0 20.0 26.0
0 410.5 133.5 19.0 21.0
0 394.5 141.5 21.0 25.0
0 390.0 125.0 18.0 18.0
0 391.5 112.5 13.0 19.0
0 372.0 139.5 16.0 21.0
0 331.5 135.5 17.0 23.0
0 325.0 153.5 14.0 23.0
0 123.5 237.5 41.0 47.0
