0 120.0 354.0 54.0 58.0
0 282.0 163.5 16.0 17.0
0 303.5 173.5 25.0 25.0
0 364.0 145.5 22.0 23.0
0 395.0 148.5 18.0 21.0
0 422.5 147.0 15.0 24.0
0 445.5 143.5 17.0 19.0
0 402.0 127.0 24.0 20.0
0 467.0 168.0 20.0 24.0
0 556.0 189.0 26.0 24.0
0 467.5 123.0 17.0 16.0
0 497.5 119.0 21.0 16.0
0 514.5 142.0 21.0 26.0
0 555.5 122.5 19.0 19.0
0 552.0 103.0 16.0 18.0
0 620.0 150.0 30.0 26.0
0 582.5 103.5 15.0 21.0
0 595.5 101.5 13.0 19.0
0 615.0 107.0 20.0 28.0
0 632.0 94.5 20.0 19.0
0 663.0 105.0 18.0 24.0
0 698.0 135.5 22.0 27.0
0 738.5 128.0 19.0 24.0
0 774.5 130.5 21.0 27.0
0 708.5 98.0 23.0 24.0
0 734.0 83.0 18.0 18.0
0 741.0 105.5 16.0 21.0
0 763.0 80.5 20.0 21.0
0 770.0 93.0 18.0 16.0
0 777.0 110.0 18.0 18.0
0 836.5 119.0 21.0 18.0
0 807.5 79.0 15.0 18.0
0 833.5 93.5 17.0 19.0
0 845.0 87.0 14.0 22.0
0 873.0 97.5 16.0 19.0
0 879.0 85.0 18.0 24.0
0 909.5 96.0 19.0 24.0
0 728.5 202.0 29.0 30.0
0 781.0 224.0 28.0 32.0
0 788.0 180.0 30.0 32.0
0 852.0 145.0 22.0 24.0
0 881.0 131.0 20.0 24.0
0 911.5 163.0 21.0 30.0
0 952.0 178.5 32.0 25.0
0 833.0 250.0 32.0 40.0
0 918.0 240.0 32.0 40.0
0 1010.5 275.5 35.0 47.0
0 1089.5 313.0 35.0 46.0
0 1117.0 241.5 28.0 33.0
0 1193.5 274.0 25.0 34.0
0 1199.5 232.0 19.0 28.0
0 1229.5 222.5 19.0 27.0
0 1023.5 195.5 23.0 33.0
0 1006.0 150.0 16.0 24.0
0 939.5 140.0 19.0 24.0
0 958.0 119.0 14.0 18.0
0 986.0 126.0 18.0 22.0
0 975.5 112.5 15.0 19.0
0 1023.0 118.5 16.0 21.0
0 1035.5 142.5 19.0 21.0
0 1055.0 131.5 16.0 19.0
0 1093.0 141.5 18.0 21.0
0 1113.5 144.5 13.0 19.0
0 1125.0 170.0 22.0 26.0
0 1086.0 208.0 22.0 26.0
0 1100.0 188.5 18.0 23.0
0 1167.0 202.5 20.0 25.0
0 1172.0 163.0 14.0 20.0
0 1147.5 139.5 13.0 19.0
0 1141.0 160.0 14.0 22.0
0 1207.0 158.5 18.0 21.0
0 1233.5 193.5 19.0 21.0
