0 222.0 270.5 46.0 45.0
0 399.0 135.5 16.0 19.0
0 426.0 139.5 24.0 25.0
0 472.5 146.0 19.0 20.0
0 393.5 114.0 13.0 18.0
0 411.5 119.5 17.0 15.0
0 445.0 119.5 18.0 17.0
0 464.5 115.0 13.0 16.0
0 495.5 133.0 21.0 24.0
0 444.0 90.0 14.0 14.0
0 447.0 104.5 12.0 13.0
0 457.0 89.0 12.0 18.0
0 472.0 91.5 12.0 15.0
0 478.5 98.0 13.0 16.0
0 497.0 101.5 16.0 19.0
0 487.5 83.5 13.0 13.0
0 497.5 86.5 13.0 13.0
0 513.5 80.5 11.0 15.0
0 521.0 68.5 12.0 11.0
0 538.0 97.0 14.0 14.0
0 530.0 116.5 18.0 17.0
0 555.5 115.5 19.0 19.0
0 581.0 95.0 16.0 18.0
0 615.0 98.0 16.0 18.0
0 603.0 80.5 14.0 19.0
0 571.5 76.5 11.0 13.0
0 557.0 82.0 14.0 12.0
0 625.5 87.0 15.0 16.0
0 643.0 74.5 12.0 15.0
0 654.0 70.0 14.0 14.0
0 628.0 65.0 14.0 16.0
0 634.5 52.5 13.0 13.0
0 584.5 155.0 21.0 26.0
0 651.0 184.0 32.0 32.0
0 701.5 201.5 33.0 35.0
0 640.5 148.0 27.0 32.0
0 664.5 129.5 25.0 29.0
0 698.5 120.5 17.0 21.0
0 693.0 82.5 16.0 21.0
0 691.0 64.5 14.0 19.0
0 710.0 69.0 14.0 16.0
0 735.0 67.5 16.0 17.0
0 727.5 90.5 13.0 17.0
0 741.5 108.5 17.0 21.0
0 753.5 90.0 11.0 16.0
0 767.0 99.5 14.0 17.0
0 791.5 91.0 13.0 18.0
0 795.5 80.0 13.0 16.0
0 814.0 80.5 12.0 17.0
0 829.0 94.0 14.0 20.0
0 813.0 110.5 16.0 19.0
0 782.0 116.0 14.0 18.0
0 787.5 141.0 21.0 26.0
0 772.5 162.0 23.0 30.0
0 854.0 166.5 24.0 29.0
0 832.5 124.5 15.0 21.0
0 867.5 94.5 13.0 19.0
0 881.0 91.5 12.0 21.0
0 901.5 111.0 15.0 16.0
0 885.0 127.5 18.0 19.0
0 880.5 181.0 23.0 30.0
0 917.5 165.5 17.0 29.0
0 974.0 178.5 20.0 27.0
0 932.0 148.0 14.0 18.0
0 933.5 133.5 15.0 19.0
0 938.5 114.5 13.0 21.0
0 916.0 103.0 14.0 16.0
0 985.0 136.5 16.0 19.0
0 989.5 116.5 15.0 17.0
0 976.0 99.0 16.0 18.0
