0 186.0 226.5 44.0 49.0
0 216.0 214.0 40.0 44.0
0 270.5 139.5 19.0 21.0
0 315.5 129.5 17.0 19.0
0 377.0 133.0 22.0 26.0
0 364.5 111.5 17.0 19.0
0 385.5 109.5 15.0 19.0
0 387.5 89.5 15.0 19.0
0 408.0 93.5 18.0 23.0
0 387.5 71.0 13.0 16.0
0 406.5 74.5 13.0 15.0
0 456.0 68.0 14.0 18.0
0 480.5 73.0 15.0 18.0
0 499.5 76.5 15.0 17.0
0 462.5 99.0 17.0 22.0
0 413.0 160.5 22.0 27.0
0 564.5 127.5 25.0 29.0
0 629.0 137.0 26.0 30.0
0 675.0 139.5 28.0 29.0
0 591.0 73.5 18.0 19.0
0 616.5 73.0 15.0 16.0
0 635.0 77.5 16.0 21.0
0 646.5 69.5 19.0 21.0
0 663.0 79.5 14.0 19.0
0 691.5 90.5 17.0 23.0
0 700.5 60.0 13.0 14.0
0 762.5 105.5 21.0 25.0
