0 226.5 341.5 51.0 51.0
0 372.5 190.5 17.0 27.0
0 419.5 153.5 13.0 25.0
0 408.0 185.0 20.0 28.0
0 440.0 190.0 20.0 30.0
0 446.0 165.0 18.0 26.0
0 442.0 155.5 18.0 27.0
0 471.0 172.5 20.0 27.0
0 489.0 184.5 22.0 31.0
0 499.5 166.0 19.0 28.0
0 525.0 190.5 26.0 39.0
0 520.0 140.0 16.0 22.0
0 537.5 130.5 15.0 19.0
0 555.5 111.0 13.0 18.0
0 570.0 123.5 14.0 19.0
0 590.0 114.5 14.0 19.0
0 579.5 168.5 21.0 31.0
0 628.0 135.0 20.0 26.0
0 642.5 91.0 11.0 14.0
0 654.5 114.0 15.0 28.0
0 678.0 96.5 12.0 17.0
0 690.5 117.0 17.0 26.0
0 702.5 101.5 17.0 21.0
0 716.5 83.0 13.0 20.0
0 745.0 73.5 14.0 19.0
0 733.5 119.0 19.0 26.0
0 771.5 107.0 15.0 24.0
0 784.0 68.0 12.0 18.0
0 813.0 69.5 12.0 17.0
0 813.5 84.0 13.0 20.0
0 807.5 96.5 15.0 21.0
0 764.0 153.0 24.0 32.0
0 747.0 89.0 12.0 20.0
0 756.0 181.0 24.0 40.0
0 806.5 219.5 31.0 41.0
0 831.5 178.5 29.0 37.0
0 709.5 179.0 29.0 34.0
0 678.5 208.5 33.0 43.0
0 835.0 160.0 24.0 36.0
0 872.5 156.5 25.0 37.0
0 829.5 82.5 13.0 19.0
0 840.5 92.5 15.0 23.0
0 883.0 79.0 14.0 18.0
0 912.0 132.5 20.0 27.0
0 909.5 98.5 17.0 25.0
0 872.5 117.0 19.0 22.0
0 930.5 92.5 13.0 23.0
0 943.0 103.5 18.0 25.0
0 974.0 86.5 12.0 15.0
0 952.5 124.5 17.0 23.0
0 984.5 117.5 17.0 23.0
0 1018.0 90.5 14.0 23.0
0 1024.5 116.0 17.0 24.0
0 966.0 165.5 24.0 31.0
0 979.0 148.0 20.0 28.0
0 970.5 200.5 27.0 39.0
0 1025.5 178.5 23.0 35.0
0 1078.5 184.0 25.0 36.0
0 1058.5 91.0 15.0 22.0
0 1038.5 157.0 19.0 24.0
0 1064.0 131.0 16.0 22.0
0 1075.5 118.5 17.0 25.0
0 1081.5 104.5 17.0 21.0
0 1145.0 88.5 14.0 19.0
0 1169.0 91.5 18.0 23.0
0 1130.5 108.5 17.0 25.0
0 1167.5 117.0 17.0 24.0
0 1121.0 132.0 20.0 24.0
0 1168.0 145.5 16.0 23.0
0 1163.5 175.0 21.0 32.0
0 1098.0 168.5 24.0 35.0
0 1142.0 218.0 30.0 44.0
0 1110.0 297.0 46.0 54.0
0 1049.0 226.5 32.0 49.0
0 1010.0 276.5 38.0 57.0
