0 114.5 340.0 55.0 60.0
0 282.5 174.0 25.0 28.0
0 263.5 165.5 19.0 29.0
0 348.5 158.0 21.0 20.0
0 341.0 143.0 20.0 22.0
0 380.5 131.0 19.0 26.0
0 411.0 139.5 20.0 29.0
0 434.0 132.5 18.0 31.0
0 458.0 158.0 20.0 22.0
0 487.5 152.5 19.0 23.0
0 547.0 183.0 26.0 30.0
0 582.5 151.5 23.0 25.0
0 451.0 123.0 18.0 24.0
0 480.5 119.5 21.0 23.0
0 532.5 118.5 19.0 23.0
0 538.0 100.0 18.0 20.0
0 562.5 99.5 15.0 17.0
0 592.5 106.0 19.0 22.0
0 614.0 125.0 22.0 24.0
0 610.0 92.5 18.0 21.0
0 643.5 107.0 19.0 22.0
0 650.5 95.0 21.0 22.0
0 679.0 141.5 20.0 23.0
0 704.0 128.0 20.0 22.0
0 692.5 99.0 19.0 20.0
0 689.0 82.5 16.0 19.0
0 716.5 84.0 17.0 24.0
0 741.5 76.5 15.0 21.0
0 752.5 94.5 19.0 19.0
0 760.0 108.0 16.0 22.0
0 768.0 123.0 18.0 20.0
0 577.0 107.0 14.0 22.0
0 780.5 78.0 17.0 24.0
0 802.5 89.0 19.0 20.0
0 825.5 79.5 17.0 23.0
0 859.0 85.0 16.0 20.0
0 885.0 95.0 16.0 22.0
0 813.5 112.0 17.0 22.0
0 853.0 102.0 16.0 22.0
0 720.5 106.5 21.0 19.0
0 710.0 206.0 24.0 30.0
0 754.5 228.0 31.0 34.0
0 763.0 182.0 32.0 34.0
0 819.5 152.5 23.0 29.0
0 865.5 133.5 21.0 23.0
0 817.5 243.5 31.0 35.0
0 892.0 249.5 32.0 37.0
0 988.0 268.5 34.0 43.0
0 1081.5 291.0 35.0 44.0
0 1097.0 245.5 26.0 39.0
0 1188.0 268.0 32.0 38.0
0 896.5 159.5 27.0 29.0
0 921.5 140.0 21.0 26.0
0 925.5 114.5 19.0 21.0
0 956.0 111.5 16.0 21.0
0 965.5 128.0 15.0 18.0
0 988.5 151.0 19.0 26.0
0 933.0 177.0 26.0 28.0
0 1012.5 183.5 23.0 31.0
0 1017.0 138.0 20.0 22.0
0 1003.5 116.0 17.0 22.0
0 1044.5 130.0 15.0 22.0
0 1083.5 142.0 17.0 22.0
0 1094.0 134.5 16.0 23.0
0 1116.0 153.5 16.0 25.0
0 1127.5 144.5 15.0 21.0
0 1105.0 178.5 20.0 27.0
0 1076.0 188.5 24.0 23.0
0 1072.0 219.5 20.0 33.0
0 1150.5 201.0 19.0 30.0
0 1153.0 164.0 18.0 24.0
0 1184.5 154.0 17.0 22.0
0 1220.0 151.5 16.0 19.0
0 1208.0 224.5 22.0 29.0
0 1209.5 203.5 19.0 21.0
0 1208.5 183.5 15.0 23.0
