0 56.5 223.5 33.0 39.0
0 273.5 175.5 23.0 25.0
0 301.5 157.0 23.0 24.0
0 323.0 143.0 20.0 22.0
0 337.0 153.0 24.0 24.0
0 371.5 165.0 25.0 28.0
0 406.5 183.5 29.0 35.0
0 396.0 130.5 18.0 23.0
0 414.5 131.0 19.0 24.0
0 444.5 139.0 23.0 26.0
0 447.5 115.5 19.0 19.0
0 434.0 105.5 16.0 17.0
0 477.0 117.0 18.0 22.0
0 474.5 137.5 21.0 21.0
0 516.5 136.0 23.0 26.0
0 524.0 119.0 18.0 22.0
0 506.5 104.5 15.0 17.0
0 512.5 97.0 17.0 20.0
0 498.0 94.5 14.0 15.0
0 483.0 92.0 14.0 16.0
0 486.5 107.0 15.0 16.0
0 503.0 118.5 20.0 17.0
0 556.5 127.5 21.0 25.0
0 539.0 106.0 16.0 20.0
0 520.0 79.5 10.0 13.0
0 556.0 87.5 14.0 19.0
0 567.0 80.0 14.0 16.0
0 583.0 91.0 18.0 24.0
0 528.5 171.0 27.0 32.0
0 598.5 175.5 29.0 37.0
0 600.0 148.5 24.0 29.0
0 613.5 103.0 15.0 26.0
0 601.5 69.0 15.0 16.0
0 625.0 76.5 16.0 21.0
0 659.0 87.0 20.0 20.0
0 641.0 60.0 16.0 18.0
0 661.0 70.5 12.0 13.0
0 657.5 60.5 11.0 13.0
0 683.0 75.5 18.0 19.0
0 694.5 63.0 13.0 16.0
0 726.5 72.0 17.0 20.0
0 731.0 64.5 14.0 17.0
0 734.0 93.0 20.0 26.0
0 694.0 104.0 20.0 26.0
0 662.5 120.0 23.0 30.0
0 657.5 156.0 27.0 34.0
0 640.5 206.5 31.0 41.0
0 709.0 211.5 36.0 43.0
0 767.0 179.0 30.0 36.0
0 705.5 158.0 27.0 30.0
0 706.0 127.5 22.0 25.0
0 741.0 131.5 24.0 29.0
0 748.0 106.5 20.0 21.0
0 758.0 86.0 18.0 22.0
0 780.5 76.0 15.0 24.0
0 830.5 178.0 29.0 38.0
0 808.0 131.5 26.0 33.0
0 790.5 109.0 23.0 28.0
0 809.0 96.5 18.0 19.0
0 796.5 83.0 17.0 20.0
0 817.5 76.0 15.0 20.0
0 835.0 76.5 16.0 23.0
0 854.5 80.5 19.0 19.0
0 867.0 77.0 14.0 16.0
0 862.0 105.5 20.0 23.0
0 877.5 106.5 19.0 21.0
0 902.0 114.0 22.0 26.0
0 893.5 85.0 13.0 20.0
0 907.5 90.5 19.0 23.0
0 927.5 76.5 15.0 23.0
0 928.5 125.5 17.0 29.0
0 945.5 115.5 19.0 27.0
0 954.0 82.5 20.0 23.0
0 988.5 98.5 17.0 23.0
0 986.0 120.0 24.0 28.0
0 983.0 169.0 26.0 38.0
0 874.0 138.0 24.0 26.0
