0 907.0 178.0 20.0 34.0
0 918.0 163.0 18.0 28.0
0 933.0 143.0 16.0 26.0
0 921.0 114.0 14.0 22.0
0 930.0 110.5 14.0 21.0
0 936.5 99.0 11.0 20.0
0 913.0 85.0 12.0 18.0
0 900.5 103.0 13.0 20.0
0 897.5 97.0 13.0 18.0
0 887.0 125.0 16.0 22.0
0 876.5 107.0 15.0 22.0
0 867.0 79.5 10.0 19.0
0 860.0 92.0 14.0 22.0
0 851.0 115.0 16.0 24.0
0 833.5 115.5 17.0 25.0
0 795.5 112.5 17.0 25.0
0 792.5 89.5 15.0 19.0
0 823.5 97.0 17.0 22.0
0 847.0 80.5 12.0 17.0
0 838.0 80.0 12.0 22.0
0 818.0 76.5 12.0 19.0
0 802.5 71.0 11.0 18.0
0 761.5 66.0 11.0 18.0
0 772.5 73.5 13.0 19.0
0 752.5 69.0 11.0 18.0
0 750.0 102.5 16.0 23.0
0 727.5 78.5 15.0 21.0
0 724.5 96.5 15.0 25.0
0 735.0 98.5 14.0 21.0
0 695.0 92.5 18.0 23.0
0 736.0 120.5 18.0 25.0
0 770.0 170.5 22.0 37.0
0 661.5 125.0 21.0 28.0
0 653.5 62.5 11.0 17.0
0 622.0 65.0 12.0 20.0
0 630.5 85.0 13.0 18.0
0 608.5 133.0 23.0 30.0
0 612.5 60.0 11.0 14.0
0 557.5 99.5 17.0 25.0
0 564.5 126.5 21.0 31.0
0 572.5 74.5 13.0 17.0
0 588.5 87.0 11.0 14.0
0 522.5 68.0 11.0 14.0
0 530.5 85.5 13.0 19.0
0 481.0 77.0 12.0 16.0
0 512.5 100.5 13.0 17.0
0 486.5 91.0 13.0 16.0
0 418.5 85.5 11.0 17.0
0 457.0 87.5 14.0 17.0
0 458.0 116.0 18.0 22.0
0 363.5 102.0 13.0 20.0
0 389.0 111.5 16.0 23.0
0 398.5 129.0 15.0 22.0
0 414.0 132.5 18.0 29.0
0 403.5 117.5 19.0 17.0
0 275.0 125.0 16.0 22.0
0 309.5 126.0 15.0 20.0
0 326.5 118.0 17.0 24.0
0 338.5 125.0 15.0 26.0
0 355.5 145.0 19.0 26.0
0 197.5 247.5 39.0 53.0
0 579.0 64.5 10.0 11.0
0 547.5 73.5 11.0 19.0
