0 72.0 144.5 22.0 27.0
0 260.5 115.5 15.0 19.0
0 292.0 115.0 16.0 18.0
0 307.5 95.0 15.0 20.0
0 310.0 117.0 16.0 18.0
0 329.0 100.5 16.0 15.0
0 327.5 117.0 17.0 20.0
0 350.0 101.0 14.0 16.0
0 348.0 123.5 18.0 21.0
0 355.5 86.5 13.0 13.0
0 369.0 102.5 16.0 19.0
0 375.0 86.5 14.0 21.0
0 395.5 79.0 13.0 14.0
0 413.0 83.5 12.0 15.0
0 392.0 101.5 16.0 17.0
0 378.0 122.0 18.0 22.0
0 412.5 129.0 19.0 22.0
0 417.5 99.5 15.0 17.0
0 429.5 106.5 17.0 23.0
0 450.5 76.5 11.0 17.0
0 456.0 69.5 12.0 13.0
0 461.5 80.0 11.0 16.0
0 468.5 66.0 11.0 16.0
0 476.0 76.0 14.0 18.0
0 468.0 92.5 14.0 19.0
0 491.0 90.0 14.0 16.0
0 486.5 67.0 13.0 12.0
0 502.0 80.0 14.0 16.0
0 514.5 60.5 13.0 15.0
0 514.5 69.0 13.0 16.0
0 527.0 80.0 16.0 16.0
0 522.0 96.0 16.0 20.0
0 537.0 70.0 14.0 16.0
0 557.5 77.5 13.0 15.0
0 566.0 81.5 12.0 17.0
0 553.5 69.5 15.0 13.0
0 566.0 62.0 8.0 12.0
0 573.5 64.0 13.0 18.0
0 583.0 66.0 12.0 16.0
0 598.5 59.0 11.0 14.0
0 614.0 55.0 8.0 12.0
0 622.0 61.0 12.0 16.0
0 640.0 55.5 12.0 15.0
0 660.5 56.5 13.0 15.0
0 636.5 68.0 13.0 16.0
0 600.0 79.0 14.0 16.0
0 711.5 68.0 13.0 18.0
0 731.5 65.5 11.0 9.0
0 737.0 72.0 12.0 12.0
0 752.5 70.0 13.0 12.0
0 771.5 74.5 11.0 15.0
0 786.0 80.5 14.0 15.0
0 800.0 78.5 10.0 13.0
0 818.5 85.5 13.0 19.0
0 853.0 76.0 12.0 18.0
0 886.5 97.5 13.0 13.0
0 887.5 124.5 15.0 19.0
0 864.5 134.5 17.0 21.0
0 856.0 165.5 24.0 33.0
0 831.5 119.0 17.0 24.0
0 841.5 106.0 15.0 22.0
0 777.5 89.5 13.0 19.0
0 744.0 86.0 12.0 14.0
0 687.0 75.0 14.0 16.0
0 689.5 88.5 15.0 19.0
0 671.5 97.0 15.0 22.0
0 622.0 94.5 14.0 19.0
0 582.0 106.5 18.0 23.0
0 553.5 118.5 17.0 21.0
0 599.0 131.0 26.0 26.0
0 638.0 115.5 16.0 21.0
0 646.0 134.5 20.0 25.0
0 651.0 163.0 30.0 34.0
0 701.0 200.5 30.0 33.0
0 743.5 152.0 21.0 30.0
0 721.5 127.0 19.0 26.0
0 686.5 122.0 19.0 24.0
0 706.5 101.5 15.0 19.0
0 748.0 105.5 18.0 19.0
0 769.0 104.5 16.0 15.0
0 787.5 112.5 17.0 21.0
0 800.5 111.5 13.0 17.0
0 812.0 94.0 14.0 20.0
0 775.5 136.5 21.0 27.0
