0 179.5 302.5 41.0 43.0
0 267.0 163.0 14.0 16.0
0 289.0 166.5 18.0 19.0
0 315.0 164.5 18.0 23.0
0 329.0 145.0 14.0 16.0
0 376.5 134.5 17.0 21.0
0 395.5 120.0 15.0 22.0
0 413.5 118.0 17.0 18.0
0 414.0 136.5 14.0 17.0
0 442.0 121.0 14.0 20.0
0 474.0 105.5 14.0 15.0
0 494.0 91.0 12.0 16.0
0 461.0 144.5 22.0 21.0
0 415.0 173.0 24.0 26.0
0 398.0 170.5 18.0 23.0
0 372.0 183.0 26.0 26.0
0 320.0 187.5 22.0 19.0
0 485.0 120.5 18.0 23.0
0 506.0 143.5 20.0 23.0
0 511.0 101.5 14.0 21.0
0 516.5 87.5 13.0 13.0
0 671.5 184.5 27.0 31.0
0 724.5 72.5 13.0 17.0
0 659.5 76.0 15.0 16.0
0 637.5 77.5 15.0 17.0
0 605.5 75.5 15.0 15.0
0 601.5 91.5 15.0 17.0
0 640.0 93.0 14.0 16.0
0 662.5 90.0 15.0 16.0
0 680.5 87.0 19.0 22.0
0 612.0 109.0 18.0 20.0
0 565.5 103.0 23.0 14.0
0 542.5 123.0 19.0 18.0
0 789.5 75.0 13.0 18.0
0 762.0 94.0 16.0 18.0
0 738.5 95.5 17.0 23.0
0 688.5 125.5 17.0 23.0
0 719.0 127.5 18.0 25.0
0 649.0 145.0 26.0 30.0
0 601.5 150.0 23.0 26.0
0 617.5 174.0 27.0 34.0
0 550.0 187.0 28.0 28.0
0 726.5 161.5 27.0 33.0
0 753.5 135.0 21.0 32.0
0 786.0 121.0 22.0 26.0
0 808.5 87.0 15.0 18.0
0 823.0 83.0 16.0 20.0
0 826.5 99.0 15.0 20.0
0 844.0 98.0 16.0 18.0
0 861.0 109.0 18.0 20.0
0 894.0 95.0 14.0 18.0
0 908.0 102.5 16.0 19.0
0 905.0 119.0 18.0 20.0
0 898.5 135.0 19.0 30.0
0 959.5 99.5 15.0 19.0
0 951.5 113.0 21.0 22.0
0 990.0 169.0 20.0 32.0
0 995.0 160.5 22.0 27.0
0 902.0 170.5 22.0 27.0
0 901.5 203.0 23.0 34.0
0 828.5 178.5 27.0 31.0
0 813.0 144.5 20.0 27.0
0 830.0 128.0 18.0 24.0
0 774.0 169.0 24.0 28.0
