0 105.5 274.5 51.0 53.0
0 223.0 170.5 24.0 31.0
0 262.5 163.5 21.0 31.0
0 314.5 139.0 23.0 24.0
0 365.0 123.0 30.0 28.0
0 369.0 139.0 20.0 20.0
0 386.0 127.0 20.0 26.0
0 416.0 123.0 26.0 32.0
0 467.0 110.0 20.0 22.0
0 446.5 153.5 29.0 29.0
0 467.0 142.5 26.0 25.0
0 524.5 96.0 21.0 22.0
0 519.5 112.5 23.0 25.0
0 538.5 95.0 13.0 26.0
0 595.5 90.5 23.0 29.0
0 594.5 120.0 25.0 24.0
0 567.5 147.0 21.0 22.0
0 525.0 183.5 28.0 29.0
0 626.0 95.0 20.0 26.0
0 667.5 125.0 31.0 24.0
0 674.0 78.5 24.0 21.0
0 673.5 97.0 27.0 22.0
0 698.5 114.0 23.0 24.0
0 699.5 81.5 25.0 27.0
0 723.0 71.5 16.0 21.0
0 766.0 76.0 22.0 26.0
0 736.5 88.0 27.0 24.0
0 745.5 105.5 23.0 29.0
0 754.0 117.5 12.0 21.0
0 794.0 77.0 22.0 24.0
0 810.0 75.5 22.0 25.0
0 800.5 103.0 23.0 24.0
0 839.0 78.0 22.0 26.0
0 861.5 96.0 21.0 18.0
0 838.0 103.5 24.0 23.0
0 844.0 126.0 32.0 26.0
0 817.5 132.0 29.0 30.0
0 748.0 171.0 32.0 30.0
0 694.5 196.5 29.0 37.0
0 742.0 224.5 38.0 35.0
0 804.5 244.5 31.0 37.0
0 885.0 159.5 24.0 33.0
0 906.0 135.0 26.0 28.0
0 912.0 173.0 24.0 22.0
0 892.5 249.5 33.0 41.0
0 965.5 266.0 31.0 54.0
0 913.0 115.5 24.0 27.0
0 940.0 114.0 22.0 30.0
0 985.0 112.5 22.0 23.0
0 961.0 123.5 26.0 21.0
0 972.0 148.0 24.0 34.0
0 1004.0 136.5 24.0 27.0
0 1015.5 128.5 21.0 27.0
0 993.5 175.5 27.0 33.0
0 1062.5 138.0 29.0 28.0
0 1067.5 134.5 19.0 23.0
0 1104.0 133.5 20.0 27.0
0 1105.0 152.5 16.0 27.0
0 1088.0 165.5 42.0 31.0
0 1066.5 185.5 25.0 29.0
0 1060.5 217.0 27.0 34.0
0 1083.5 239.0 27.0 38.0
0 1141.5 157.5 17.0 27.0
0 1162.5 144.0 21.0 30.0
0 1132.5 202.5 27.0 25.0
0 1204.0 150.0 18.0 26.0
0 1198.0 179.0 24.0 26.0
0 1192.0 193.0 30.0 28.0
0 1195.0 213.0 30.0 32.0
0 1167.0 224.5 28.0 37.0
0 1166.0 281.5 24.0 39.0
0 1044.0 292.5 32.0 57.0
0 431.5 116.0 31.0 24.0
