0 775.0 77.5 10.0 15.0
0 742.0 76.5 10.0 15.0
0 802.0 85.5 10.0 15.0
0 827.0 84.5 10.0 15.0
0 786.0 97.0 14.0 18.0
0 761.0 94.0 10.0 16.0
0 750.0 95.0 14.0 18.0
0 780.0 121.0 14.0 22.0
0 771.0 140.5 14.0 27.0
0 799.0 157.5 18.0 27.0
0 811.0 122.0 12.0 20.0
0 819.5 117.0 13.0 20.0
0 825.5 107.0 11.0 16.0
0 822.0 140.5 18.0 23.0
0 797.5 205.5 27.0 37.0
0 722.0 174.5 26.0 33.0
0 748.5 150.5 19.0 27.0
0 695.5 142.5 19.0 27.0
0 698.0 102.0 14.0 20.0
0 713.0 122.0 14.0 20.0
0 735.5 118.0 13.0 20.0
0 716.0 84.0 10.0 16.0
0 718.0 95.0 14.0 20.0
0 730.0 86.5 12.0 17.0
0 627.0 80.0 12.0 16.0
0 651.0 86.5 12.0 17.0
0 667.0 63.0 12.0 14.0
0 664.5 75.0 11.0 18.0
0 688.0 71.0 10.0 12.0
0 682.0 90.0 12.0 18.0
0 624.5 96.0 15.0 20.0
0 625.5 118.5 17.0 25.0
0 645.0 167.5 24.0 33.0
0 606.5 163.0 23.0 32.0
0 557.0 110.0 16.0 22.0
0 562.5 122.0 17.0 22.0
0 590.5 136.5 17.0 23.0
0 584.0 94.5 14.0 19.0
0 592.5 109.0 15.0 20.0
0 619.0 62.0 8.0 12.0
0 600.5 56.5 9.0 11.0
0 569.0 52.0 8.0 10.0
0 564.5 59.5 9.0 11.0
0 582.5 55.5 9.0 9.0
0 587.0 61.5 8.0 11.0
0 571.0 71.0 12.0 16.0
0 554.5 70.5 9.0 15.0
0 556.5 76.0 11.0 16.0
0 538.0 53.0 10.0 12.0
0 516.0 57.0 10.0 14.0
0 532.0 61.5 10.0 17.0
0 510.0 70.0 10.0 14.0
0 489.0 59.0 8.0 10.0
0 529.0 71.5 12.0 15.0
0 511.5 87.5 11.0 17.0
0 487.0 81.5 12.0 17.0
0 494.5 92.0 15.0 18.0
0 479.0 68.0 12.0 14.0
0 467.0 76.5 12.0 15.0
0 446.5 67.0 11.0 12.0
0 441.5 78.5 11.0 15.0
0 377.0 75.0 10.0 14.0
0 405.5 75.0 11.0 14.0
0 421.0 89.5 12.0 19.0
0 419.5 79.5 11.0 15.0
0 370.0 92.5 14.0 19.0
0 371.0 100.0 10.0 18.0
0 388.0 96.0 14.0 16.0
0 391.5 111.5 17.0 19.0
0 421.0 114.5 18.0 21.0
0 414.5 67.5 9.0 11.0
0 437.5 63.5 9.0 11.0
0 168.0 195.0 38.0 44.0
0 282.0 114.5 14.0 17.0
0 289.0 102.5 12.0 15.0
0 311.0 97.0 12.0 14.0
0 469.5 140.0 17.0 24.0
0 511.5 115.5 17.0 21.0
0 525.5 134.5 21.0 29.0
0 525.5 154.5 25.0 33.0
