0 196.0 270.0 56.0 52.0
0 328.5 143.5 29.0 29.0
0 362.0 125.5 24.0 23.0
0 942.0 276.0 44.0 60.0
0 434.0 99.5 22.0 15.0
0 467.0 91.5 16.0 19.0
0 440.0 128.0 22.0 20.0
0 452.5 107.5 17.0 17.0
0 468.0 139.0 24.0 24.0
0 504.5 139.5 29.0 23.0
0 498.0 80.0 24.0 12.0
0 484.5 105.5 21.0 23.0
0 501.5 110.5 25.0 25.0
0 520.0 85.5 18.0 23.0
0 542.0 89.0 16.0 20.0
0 563.5 70.0 15.0 18.0
0 574.5 75.5 19.0 17.0
0 575.5 120.5 21.0 23.0
0 562.5 98.5 17.0 19.0
0 594.5 94.5 17.0 25.0
0 632.5 97.5 27.0 27.0
0 658.0 88.0 24.0 20.0
0 691.0 90.0 20.0 28.0
0 520.0 183.5 32.0 35.0
0 595.5 160.0 29.0 36.0
0 616.0 174.5 34.0 43.0
0 645.0 133.5 28.0 25.0
0 699.0 139.5 28.0 23.0
0 659.5 180.0 39.0 46.0
0 707.5 172.5 35.0 27.0
0 719.5 205.0 33.0 42.0
0 702.0 115.5 22.0 27.0
0 793.5 52.5 19.0 23.0
0 732.5 103.5 25.0 19.0
0 759.5 104.5 23.0 17.0
0 751.0 145.0 30.0 36.0
0 777.5 112.5 23.0 27.0
0 795.0 98.5 18.0 25.0
0 820.0 112.5 22.0 23.0
0 839.0 62.0 22.0 22.0
0 833.0 130.5 24.0 25.0
0 844.0 110.0 30.0 26.0
0 855.5 122.5 19.0 23.0
0 877.0 105.5 18.0 23.0
0 851.5 180.5 27.0 43.0
0 893.5 135.0 17.0 22.0
0 889.5 188.5 29.0 39.0
0 909.0 115.0 22.0 22.0
0 935.5 146.0 25.0 34.0
0 936.0 120.5 16.0 25.0
0 954.0 120.0 20.0 24.0
0 984.5 150.0 27.0 32.0
0 977.0 184.0 26.0 30.0
0 959.5 224.5 39.0 35.0
0 916.5 182.0 27.0 28.0
