0 267.5 133.5 25.0 27.0
0 356.5 114.5 21.0 23.0
0 412.5 114.5 19.0 23.0
0 425.0 118.5 26.0 29.0
0 424.0 102.0 18.0 20.0
0 452.0 108.5 18.0 19.0
0 458.0 127.0 20.0 20.0
0 478.0 133.5 20.0 21.0
0 478.5 92.0 15.0 20.0
0 503.5 108.0 17.0 24.0
0 504.5 85.5 13.0 15.0
0 521.5 98.5 17.0 19.0
0 526.0 84.5 16.0 17.0
0 530.0 76.0 14.0 16.0
0 542.0 116.0 20.0 24.0
0 542.5 137.5 21.0 27.0
0 590.0 114.5 20.0 25.0
0 582.5 102.0 15.0 16.0
0 559.0 100.5 14.0 17.0
0 568.5 89.5 15.0 17.0
0 580.0 82.5 14.0 15.0
0 613.0 90.5 18.0 19.0
0 627.0 102.0 18.0 18.0
0 638.0 93.5 14.0 19.0
0 623.5 83.5 13.0 17.0
0 617.0 64.5 14.0 15.0
0 669.5 85.5 13.0 17.0
0 666.0 76.5 14.0 11.0
0 659.5 63.5 11.0 15.0
0 695.0 65.5 16.0 17.0
0 702.0 88.5 18.0 19.0
0 726.5 74.0 15.0 16.0
0 751.5 74.0 13.0 18.0
0 608.5 153.0 31.0 36.0
0 655.0 148.5 24.0 35.0
0 665.5 175.0 39.0 40.0
0 687.5 131.5 25.0 27.0
0 714.5 120.0 21.0 26.0
0 752.5 114.0 21.0 26.0
0 761.5 95.0 15.0 20.0
0 771.5 87.5 15.0 21.0
0 798.5 83.5 15.0 17.0
0 791.5 103.0 19.0 18.0
0 795.5 124.0 17.0 20.0
0 811.5 97.5 17.0 21.0
0 827.0 92.0 16.0 20.0
0 851.0 99.0 16.0 22.0
0 839.5 108.5 19.0 19.0
0 834.0 136.0 22.0 24.0
0 804.0 151.0 22.0 28.0
0 770.0 172.0 30.0 36.0
0 722.5 197.5 33.0 41.0
0 898.0 160.0 24.0 32.0
0 918.0 188.5 26.0 35.0
0 928.5 171.5 23.0 31.0
0 890.5 136.0 23.0 26.0
0 885.0 108.5 18.0 23.0
0 896.0 93.5 18.0 23.0
0 928.5 104.0 17.0 22.0
0 947.5 122.5 17.0 23.0
0 942.5 145.0 21.0 26.0
0 975.0 176.5 22.0 35.0
0 990.0 144.5 18.0 19.0
0 957.5 115.0 13.0 18.0
0 1009.0 131.0 20.0 24.0
0 999.5 115.0 17.0 20.0
0 996.0 100.0 12.0 18.0
