0 111.5 250.5 45.0 51.0
0 317.0 129.0 16.0 22.0
0 331.0 138.5 20.0 21.0
0 345.0 146.5 20.0 25.0
0 374.5 146.5 25.0 25.0
0 350.0 112.0 18.0 22.0
0 357.0 122.5 20.0 19.0
0 381.0 114.0 20.0 24.0
0 421.5 119.0 17.0 20.0
0 409.0 148.5 20.0 27.0
0 439.0 147.0 26.0 30.0
0 446.0 125.0 20.0 26.0
0 468.5 135.5 25.0 25.0
0 408.5 122.0 15.0 24.0
0 515.5 133.0 19.0 22.0
0 456.0 99.0 16.0 20.0
0 460.0 85.5 20.0 21.0
0 474.0 101.5 16.0 19.0
0 488.0 94.5 14.0 19.0
0 500.0 85.5 16.0 21.0
0 525.5 107.0 17.0 20.0
0 555.5 110.0 17.0 20.0
0 525.0 90.5 14.0 17.0
0 540.0 87.0 14.0 16.0
0 536.5 70.0 15.0 14.0
0 560.0 77.0 14.0 16.0
0 578.5 75.5 15.0 17.0
0 587.5 110.0 15.0 22.0
0 579.5 99.5 13.0 15.0
0 599.0 91.5 14.0 19.0
0 583.5 87.5 13.0 13.0
0 611.0 76.0 14.0 18.0
0 617.0 68.5 12.0 15.0
0 622.0 101.0 20.0 20.0
0 655.5 93.0 17.0 18.0
0 633.5 80.0 19.0 18.0
0 645.0 68.0 12.0 14.0
0 662.0 74.5 16.0 19.0
0 702.0 73.5 16.0 15.0
0 701.0 61.5 14.0 17.0
0 728.0 75.0 16.0 18.0
0 736.5 65.5 15.0 15.0
0 758.0 66.0 16.0 20.0
0 735.0 93.0 20.0 22.0
0 766.0 94.5 18.0 23.0
0 753.0 110.0 20.0 24.0
0 758.5 129.5 21.0 27.0
0 729.0 140.0 24.0 28.0
0 717.0 117.0 20.0 26.0
0 666.0 139.5 24.0 29.0
0 657.5 119.5 19.0 21.0
0 607.5 142.5 29.0 31.0
0 534.5 166.5 33.0 35.0
0 587.0 177.0 36.0 42.0
0 639.5 197.5 27.0 43.0
0 710.0 202.0 38.0 44.0
0 772.0 176.5 26.0 35.0
0 811.5 145.5 25.0 29.0
0 801.0 113.5 20.0 25.0
0 801.5 91.5 15.0 15.0
0 793.5 78.5 15.0 19.0
0 821.0 82.0 14.0 20.0
0 838.0 92.5 18.0 21.0
0 856.5 92.5 17.0 23.0
0 841.5 140.5 23.0 31.0
0 870.5 144.5 21.0 31.0
0 835.5 177.0 25.0 34.0
0 790.5 229.5 33.0 47.0
0 856.5 253.0 41.0 44.0
0 894.0 190.0 32.0 38.0
0 924.5 152.0 21.0 28.0
0 941.5 135.0 17.0 28.0
0 942.5 256.5 35.0 49.0
0 964.5 203.0 29.0 42.0
0 974.0 166.5 24.0 33.0
0 988.5 135.0 19.0 32.0
