0 85.0 346.0 70.0 70.0
0 250.0 173.5 24.0 31.0
0 287.0 166.5 32.0 33.0
0 341.0 144.0 24.0 24.0
0 387.0 143.0 22.0 24.0
0 407.5 138.5 23.0 33.0
0 387.5 125.5 23.0 27.0
0 440.5 125.0 23.0 26.0
0 465.5 154.5 23.0 27.0
0 490.0 140.5 22.0 27.0
0 456.0 119.0 22.0 26.0
0 490.5 112.0 21.0 24.0
0 547.0 188.5 32.0 35.0
0 539.5 115.5 23.0 23.0
0 545.0 96.0 18.0 24.0
0 569.0 98.0 18.0 18.0
0 619.5 93.5 29.0 25.0
0 618.5 122.5 21.0 25.0
0 590.0 146.0 26.0 32.0
0 652.5 101.0 23.0 28.0
0 692.5 130.0 25.0 22.0
0 696.5 96.5 17.0 23.0
0 692.0 78.0 18.0 18.0
0 722.5 80.5 21.0 21.0
0 724.5 115.5 23.0 27.0
0 726.0 99.5 18.0 19.0
0 748.5 73.0 19.0 24.0
0 759.0 92.0 16.0 20.0
0 767.5 105.0 21.0 26.0
0 778.5 120.0 19.0 28.0
0 787.5 77.5 21.0 23.0
0 821.5 87.5 19.0 25.0
0 831.5 79.5 17.0 23.0
0 830.0 108.0 14.0 24.0
0 843.0 139.5 24.0 31.0
0 868.5 123.5 21.0 25.0
0 861.0 98.0 20.0 20.0
0 860.5 81.0 21.0 24.0
0 889.0 93.5 20.0 21.0
0 769.5 172.5 31.0 33.0
0 721.0 202.0 36.0 40.0
0 763.5 223.5 41.0 39.0
0 822.0 243.0 38.0 44.0
0 913.5 239.5 41.0 51.0
0 911.5 156.0 25.0 32.0
0 934.0 175.5 26.0 31.0
0 928.0 139.0 22.0 28.0
0 936.5 117.0 21.0 22.0
0 966.0 110.5 22.0 27.0
0 993.5 128.5 25.0 29.0
0 1012.5 113.5 23.0 29.0
0 1024.5 121.0 19.0 24.0
0 1027.5 139.0 21.0 26.0
0 987.0 160.5 26.0 35.0
0 1016.5 177.0 31.0 36.0
0 999.0 274.0 42.0 54.0
0 1085.5 294.0 39.0 60.0
0 1109.5 240.5 29.0 41.0
0 1078.0 217.0 28.0 36.0
0 1087.5 186.0 23.0 26.0
0 1108.5 174.0 23.0 30.0
0 1086.5 138.5 17.0 23.0
0 1098.5 132.0 19.0 20.0
0 1126.0 136.0 24.0 26.0
0 1127.0 157.5 16.0 27.0
0 1153.5 204.0 27.0 40.0
0 1164.0 161.5 18.0 29.0
0 1190.0 147.5 18.0 23.0
0 1228.5 153.5 15.0 27.0
0 1215.0 189.5 20.0 29.0
0 1216.0 219.5 26.0 33.0
0 1186.5 224.5 27.0 41.0
0 1191.0 282.0 30.0 52.0
