0 110.0 224.5 38.0 49.0
0 345.5 115.0 15.0 16.0
0 419.5 96.0 15.0 20.0
0 416.0 141.0 18.0 26.0
0 442.0 153.0 22.0 26.0
0 459.5 87.5 13.0 15.0
0 504.5 133.5 23.0 23.0
0 506.0 78.0 12.0 10.0
0 529.0 75.5 12.0 13.0
0 546.5 112.5 13.0 21.0
0 554.0 97.0 12.0 14.0
0 599.0 152.5 22.0 27.0
0 699.5 82.5 15.0 17.0
0 725.5 71.0 13.0 18.0
0 748.5 69.5 13.0 17.0
0 651.0 145.0 22.0 30.0
0 655.5 180.0 27.0 36.0
0 661.5 122.0 19.0 22.0
0 698.0 113.5 18.0 23.0
0 751.5 94.0 19.0 22.0
0 759.5 109.0 17.0 22.0
0 719.5 201.5 35.0 43.0
0 761.0 176.0 22.0 34.0
0 797.0 118.5 16.0 21.0
0 800.5 148.5 19.0 33.0
0 786.5 101.0 19.0 22.0
0 798.5 83.0 15.0 16.0
0 815.5 92.5 17.0 21.0
0 830.0 79.0 16.0 22.0
0 833.0 107.0 12.0 20.0
0 835.0 132.0 16.0 22.0
0 850.5 98.0 15.0 20.0
0 880.5 110.0 15.0 20.0
0 890.0 87.5 14.0 19.0
0 895.5 155.0 21.0 24.0
0 886.5 144.5 17.0 23.0
0 918.5 108.0 15.0 20.0
0 929.0 170.5 20.0 29.0
0 913.5 201.5 23.0 33.0
0 980.5 187.0 21.0 24.0
0 1004.0 142.5 14.0 19.0
0 993.0 99.0 10.0 14.0
0 961.0 109.5 14.0 19.0
0 951.0 127.5 16.0 21.0
0 941.5 149.0 17.0 22.0
0 985.0 114.5 14.0 19.0
0 996.0 113.0 14.0 22.0
0 769.5 94.5 15.0 21.0
0 634.0 63.0 12.0 14.0
0 660.0 62.5 10.0 13.0
0 697.0 61.5 10.0 15.0
0 664.0 74.5 10.0 13.0
0 647.0 89.5 12.0 17.0
0 615.0 86.0 12.0 20.0
0 617.0 103.0 16.0 20.0
0 582.5 99.0 13.0 20.0
0 583.0 87.0 14.0 16.0
0 584.5 72.5 11.0 13.0
0 588.5 113.5 19.0 25.0
0 496.0 101.0 16.0 22.0
0 501.0 109.0 16.0 18.0
0 516.0 95.5 14.0 19.0
0 478.0 119.5 16.0 23.0
0 457.5 105.0 15.0 20.0
0 400.5 116.5 17.0 17.0
0 419.0 123.0 18.0 22.0
0 447.0 125.5 16.0 21.0
0 489.5 88.5 11.0 15.0
