0 107.0 378.0 42.0 48.0
0 211.5 229.5 19.0 21.0
0 247.5 247.0 23.0 24.0
0 292.0 248.0 18.0 24.0
0 321.5 269.0 25.0 28.0
0 279.5 210.5 17.0 19.0
0 356.0 233.0 20.0 24.0
0 363.0 203.0 18.0 22.0
0 397.0 231.5 16.0 21.0
0 427.5 227.5 19.0 25.0
0 408.0 181.0 18.0 22.0
0 427.0 206.5 18.0 17.0
0 423.0 188.0 12.0 16.0
0 502.5 218.0 21.0 26.0
0 463.5 212.0 23.0 22.0
0 474.0 176.5 16.0 19.0
0 454.5 172.5 15.0 17.0
0 493.5 186.0 19.0 20.0
0 495.0 166.5 16.0 17.0
0 504.5 157.0 13.0 14.0
0 548.0 182.0 14.0 22.0
0 566.0 185.0 16.0 22.0
0 545.5 221.0 17.0 22.0
0 480.0 237.5 26.0 23.0
0 506.0 279.0 32.0 44.0
0 562.0 165.5 16.0 17.0
0 609.0 188.0 18.0 24.0
0 602.0 164.5 16.0 19.0
0 630.0 169.0 16.0 22.0
0 623.0 145.5 12.0 17.0
0 636.0 142.0 12.0 16.0
0 663.5 167.0 15.0 20.0
0 715.5 166.0 15.0 18.0
0 711.0 147.5 14.0 15.0
0 683.0 134.0 12.0 16.0
0 745.0 140.5 12.0 17.0
0 755.5 152.5 11.0 17.0
0 762.5 143.0 17.0 20.0
0 748.5 187.5 19.0 21.0
0 791.5 175.0 19.0 20.0
0 661.5 229.0 25.0 28.0
0 590.5 281.0 31.0 30.0
0 583.0 259.0 30.0 28.0
0 649.0 277.0 28.0 26.0
0 640.5 319.0 35.0 40.0
0 709.0 321.5 42.0 45.0
0 743.0 259.5 24.0 29.0
0 715.5 241.5 23.0 27.0
0 704.0 208.0 20.0 18.0
0 767.5 217.0 19.0 24.0
0 800.5 204.0 17.0 26.0
0 839.0 169.0 14.0 20.0
0 852.5 147.5 13.0 21.0
0 784.0 374.5 40.0 47.0
0 809.5 279.5 31.0 31.0
0 773.0 250.5 26.0 27.0
0 922.0 247.5 24.0 31.0
0 878.0 297.5 26.0 39.0
0 935.0 346.0 36.0 42.0
0 966.5 316.5 31.0 39.0
0 1046.5 332.5 31.0 43.0
0 977.5 257.0 27.0 32.0
0 994.0 228.5 18.0 25.0
0 1027.5 222.0 19.0 26.0
0 1058.0 246.5 18.0 29.0
0 1068.0 220.0 16.0 24.0
0 1084.0 214.5 18.0 21.0
0 1075.5 193.0 17.0 20.0
0 1022.5 187.0 19.0 20.0
0 1003.0 175.5 18.0 21.0
0 964.5 189.0 17.0 18.0
0 977.0 176.5 18.0 21.0
0 959.0 170.5 22.0 21.0
0 933.5 184.0 17.0 24.0
0 914.5 197.5 19.0 19.0
0 968.0 221.5 20.0 25.0
0 938.0 234.0 20.0 28.0
0 872.5 195.5 21.0 23.0
0 863.0 173.5 16.0 17.0
0 883.5 182.0 19.0 24.0
0 883.5 161.5 17.0 23.0
0 919.5 162.5 19.0 19.0
