0 194.0 335.5 54.0 65.0
0 266.5 236.0 23.0 24.0
0 304.0 242.0 22.0 30.0
0 340.0 257.0 24.0 30.0
0 346.0 209.5 22.0 27.0
0 396.5 251.5 27.0 37.0
0 424.5 226.5 19.0 21.0
0 422.5 203.0 23.0 20.0
0 460.0 235.0 24.0 26.0
0 489.0 232.0 26.0 30.0
0 486.5 209.5 19.0 21.0
0 482.0 193.5 18.0 19.0
0 474.0 180.5 18.0 21.0
0 507.5 183.5 17.0 19.0
0 531.5 183.0 17.0 24.0
0 522.0 216.0 26.0 28.0
0 559.5 209.5 21.0 23.0
0 564.0 242.0 32.0 28.0
0 602.0 221.0 20.0 26.0
0 563.0 187.5 20.0 19.0
0 551.0 170.5 16.0 19.0
0 559.0 165.5 20.0 21.0
0 597.0 185.5 20.0 23.0
0 617.0 195.5 20.0 23.0
0 645.5 173.0 19.0 20.0
0 659.0 198.0 22.0 26.0
0 694.5 181.0 19.0 20.0
0 686.0 173.5 16.0 19.0
0 680.5 153.5 15.0 17.0
0 721.0 156.5 18.0 19.0
0 739.0 169.0 14.0 16.0
0 733.0 144.0 14.0 18.0
0 753.5 153.5 17.0 15.0
0 767.0 172.0 16.0 16.0
0 809.0 160.5 18.0 17.0
0 800.0 149.5 16.0 19.0
0 695.5 156.5 13.0 17.0
0 603.0 265.0 36.0 42.0
0 649.5 282.5 33.0 39.0
0 710.5 264.0 31.0 38.0
0 715.5 228.0 29.0 30.0
0 737.5 298.5 41.0 49.0
0 771.5 324.5 45.0 45.0
0 798.5 257.5 31.0 29.0
0 777.0 242.5 28.0 27.0
0 759.5 216.5 25.0 27.0
0 805.5 196.0 23.0 26.0
0 848.5 176.5 21.0 25.0
0 823.0 160.5 18.0 21.0
0 858.0 211.5 22.0 27.0
0 829.0 246.5 28.0 33.0
0 889.0 286.0 32.0 38.0
0 848.0 354.5 54.0 57.0
0 967.5 345.5 41.0 39.0
0 876.0 174.5 18.0 23.0
0 900.0 183.0 20.0 24.0
0 920.5 197.5 21.0 25.0
0 898.5 156.0 17.0 20.0
0 941.0 166.0 20.0 20.0
0 942.0 185.0 20.0 22.0
0 975.0 172.0 22.0 26.0
0 985.0 212.5 24.0 23.0
0 1012.0 180.5 20.0 23.0
0 1025.0 189.0 18.0 22.0
0 1035.5 190.5 15.0 19.0
0 1050.0 180.5 16.0 21.0
0 1022.5 215.5 23.0 25.0
0 1039.5 252.5 29.0 39.0
0 976.5 248.5 27.0 35.0
0 947.5 294.5 31.0 39.0
0 1022.0 312.5 38.0 47.0
0 1097.0 317.0 36.0 44.0
0 1102.5 276.0 23.0 34.0
0 1116.0 249.0 22.0 26.0
0 1085.5 230.0 21.0 30.0
0 1085.0 193.5 22.0 27.0
0 1123.5 212.5 21.0 21.0
0 1115.0 231.0 24.0 24.0
0 1127.5 196.5 19.0 21.0
