0 275.0 209.0 48.0 50.0
0 296.5 124.0 17.0 20.0
0 346.5 108.5 17.0 21.0
0 383.0 109.5 18.0 21.0
0 421.0 87.5 12.0 17.0
0 321.0 130.5 14.0 19.0
0 332.5 142.5 13.0 17.0
0 328.0 154.5 22.0 19.0
0 379.5 142.0 21.0 24.0
0 422.5 137.0 19.0 22.0
0 439.5 147.0 17.0 24.0
0 408.5 108.0 29.0 18.0
0 424.0 119.0 28.0 22.0
0 446.0 115.0 18.0 20.0
0 489.0 120.0 14.0 18.0
0 478.0 108.5 16.0 19.0
0 451.0 89.0 14.0 16.0
0 470.5 87.5 17.0 17.0
0 498.0 86.0 16.0 20.0
0 508.0 74.0 10.0 16.0
0 526.0 64.5 12.0 13.0
0 506.0 109.0 14.0 20.0
0 526.5 83.0 15.0 20.0
0 548.5 67.5 11.0 13.0
0 578.5 70.0 13.0 16.0
0 566.0 92.0 18.0 18.0
0 543.5 107.0 17.0 18.0
0 608.5 60.0 11.0 16.0
0 601.5 85.5 17.0 15.0
0 593.0 107.0 26.0 24.0
0 594.5 136.5 21.0 21.0
0 627.5 92.5 17.0 19.0
0 641.5 64.0 19.0 18.0
0 668.5 72.5 25.0 19.0
0 671.0 58.5 14.0 11.0
0 683.5 57.5 11.0 13.0
0 691.5 59.5 13.0 11.0
0 694.0 77.0 18.0 16.0
0 662.5 89.0 17.0 18.0
0 659.0 145.5 26.0 29.0
0 659.0 124.5 22.0 21.0
0 695.5 136.0 23.0 24.0
0 705.5 106.5 13.0 21.0
0 725.0 59.0 12.0 16.0
0 717.5 69.5 15.0 15.0
0 756.0 61.5 12.0 17.0
0 752.0 80.0 18.0 14.0
0 744.5 95.0 15.0 22.0
0 762.0 102.0 20.0 18.0
0 728.0 150.0 20.0 32.0
0 703.0 200.5 30.0 45.0
0 786.5 220.0 35.0 40.0
0 764.0 138.0 20.0 26.0
0 792.5 104.5 15.0 25.0
0 783.5 98.0 21.0 26.0
0 777.0 82.5 14.0 19.0
0 808.0 74.0 16.0 16.0
0 816.0 76.0 16.0 16.0
0 831.0 77.0 14.0 16.0
0 854.5 73.0 15.0 16.0
0 839.5 94.0 17.0 16.0
0 848.0 118.5 18.0 23.0
0 811.0 143.0 24.0 26.0
0 848.5 166.5 25.0 31.0
0 871.0 148.5 18.0 29.0
0 864.0 112.0 14.0 20.0
0 873.0 74.0 14.0 16.0
0 901.0 85.0 14.0 16.0
0 888.5 85.5 11.0 15.0
0 911.0 117.0 22.0 24.0
0 889.0 132.5 18.0 25.0
0 919.5 104.5 23.0 23.0
0 926.5 91.0 11.0 16.0
0 965.0 86.5 12.0 15.0
0 967.5 103.0 15.0 18.0
0 960.5 116.5 17.0 25.0
0 945.5 132.0 19.0 22.0
0 998.0 90.5 14.0 17.0
0 990.5 119.5 17.0 23.0
0 1007.5 111.0 15.0 20.0
0 1015.5 134.0 15.0 26.0
0 981.0 147.0 22.0 30.0
0 978.5 186.5 33.0 31.0
0 876.0 101.0 16.0 22.0
0 647.0 60.5 8.0 11.0
