0 192.5 200.5 39.0 53.0
0 275.5 126.5 11.0 17.0
0 296.0 136.5 18.0 19.0
0 336.5 107.0 15.0 24.0
0 346.5 125.0 15.0 18.0
0 361.5 110.0 15.0 20.0
0 371.0 137.0 16.0 26.0
0 385.0 108.5 20.0 19.0
0 412.5 128.5 19.0 25.0
0 403.5 82.0 11.0 12.0
0 404.0 93.5 12.0 15.0
0 412.5 105.5 15.0 19.0
0 436.0 116.5 16.0 17.0
0 432.0 88.5 12.0 15.0
0 458.0 101.0 14.0 18.0
0 463.0 124.0 14.0 18.0
0 457.5 82.5 15.0 17.0
0 476.0 89.5 14.0 17.0
0 502.5 75.5 15.0 15.0
0 515.5 97.0 15.0 22.0
0 532.5 72.5 13.0 11.0
0 541.5 99.5 19.0 21.0
0 554.5 88.5 13.0 15.0
0 561.0 62.5 12.0 15.0
0 570.0 67.0 8.0 14.0
0 578.0 97.0 18.0 18.0
0 594.5 67.0 11.0 12.0
0 611.5 72.5 13.0 13.0
0 622.5 63.0 11.0 10.0
0 629.0 76.5 10.0 19.0
0 636.5 64.0 5.0 10.0
0 641.5 56.5 13.0 11.0
0 666.5 69.5 9.0 15.0
0 676.5 56.0 9.0 12.0
0 706.5 61.0 11.0 14.0
0 603.5 93.5 17.0 15.0
0 479.5 150.0 21.0 32.0
0 533.0 167.0 28.0 28.0
0 569.5 128.0 21.0 28.0
0 584.0 183.0 22.0 32.0
0 620.0 135.5 16.0 27.0
0 656.0 102.0 12.0 16.0
0 663.0 136.5 20.0 23.0
0 673.0 167.5 28.0 29.0
0 690.5 103.0 15.0 24.0
0 732.0 72.0 12.0 18.0
0 734.5 109.0 19.0 26.0
0 706.0 127.5 20.0 25.0
0 775.5 85.5 15.0 23.0
0 746.5 137.0 19.0 30.0
0 766.0 162.5 22.0 27.0
0 726.5 206.0 31.0 38.0
0 781.0 122.0 16.0 20.0
0 799.0 142.0 18.0 28.0
0 818.0 175.5 24.0 33.0
0 802.5 214.0 29.0 34.0
0 849.5 146.0 21.0 26.0
0 856.5 119.5 15.0 25.0
0 912.0 119.0 18.0 24.0
0 901.5 159.5 21.0 29.0
0 899.0 195.5 26.0 33.0
0 872.5 232.5 37.0 45.0
0 479.0 75.0 12.0 16.0
0 702.5 163.5 19.0 29.0
0 766.5 78.5 13.0 17.0
