0 279.0 279.5 52.0 59.0
0 223.0 278.0 52.0 58.0
0 332.0 181.0 26.0 22.0
0 390.5 161.5 29.0 31.0
0 454.0 169.5 30.0 27.0
0 509.0 201.5 24.0 33.0
0 447.5 140.5 21.0 21.0
0 477.0 139.5 18.0 19.0
0 481.0 115.0 14.0 20.0
0 516.5 121.5 21.0 21.0
0 499.5 92.5 15.0 15.0
0 517.5 90.0 13.0 14.0
0 564.0 90.0 24.0 20.0
0 590.5 90.0 17.0 20.0
0 626.0 87.5 16.0 19.0
0 578.5 122.0 25.0 22.0
0 702.5 154.5 31.0 29.0
0 764.5 174.0 33.0 30.0
0 822.0 178.0 28.0 32.0
0 943.5 132.5 19.0 29.0
0 854.0 111.0 20.0 26.0
0 811.0 71.5 20.0 17.0
0 864.0 75.5 14.0 19.0
0 748.0 92.5 20.0 25.0
0 761.0 89.5 20.0 19.0
0 795.5 87.0 17.0 22.0
0 506.0 116.5 16.0 21.0
