0 126.5 359.0 57.0 72.0
0 296.5 158.0 23.0 28.0
0 306.5 158.5 23.0 27.0
0 361.0 142.5 22.0 25.0
0 401.5 127.5 23.0 27.0
0 397.5 142.0 19.0 24.0
0 430.5 137.0 23.0 24.0
0 449.0 123.5 18.0 25.0
0 468.5 119.5 19.0 19.0
0 533.0 106.0 16.0 20.0
0 538.5 101.0 21.0 24.0
0 511.5 143.0 23.0 28.0
0 474.5 158.5 23.0 31.0
0 556.0 117.0 18.0 24.0
0 564.0 178.5 28.0 33.0
0 607.5 141.5 27.0 29.0
0 599.5 84.5 17.0 19.0
0 611.5 101.0 21.0 26.0
0 631.0 91.0 16.0 22.0
0 670.0 98.0 20.0 22.0
0 654.5 99.5 23.0 25.0
0 638.5 126.0 23.0 24.0
0 707.5 82.0 19.0 24.0
0 720.0 95.5 20.0 23.0
0 736.0 83.0 16.0 26.0
0 760.0 77.0 18.0 20.0
0 773.0 91.0 18.0 18.0
0 809.0 78.0 18.0 20.0
0 844.0 76.5 24.0 21.0
0 828.0 90.0 16.0 24.0
0 838.0 108.5 18.0 21.0
0 878.5 81.5 23.0 19.0
0 878.5 94.5 19.0 25.0
0 910.0 92.0 18.0 20.0
0 771.0 126.0 20.0 24.0
0 780.5 169.0 29.0 30.0
0 733.0 200.5 22.0 27.0
0 843.0 140.0 24.0 28.0
0 872.5 129.5 21.0 25.0
0 774.0 221.5 34.0 31.0
0 839.5 240.5 29.0 39.0
0 911.5 166.0 25.0 26.0
0 939.0 137.5 24.0 27.0
0 955.0 117.5 18.0 21.0
0 982.5 110.0 19.0 22.0
0 1026.0 118.0 24.0 32.0
0 1005.0 148.5 24.0 33.0
0 1036.0 132.0 18.0 20.0
0 1048.5 126.5 21.0 25.0
0 953.0 175.5 24.0 31.0
0 912.5 242.5 33.0 37.0
0 1007.0 276.0 32.0 50.0
0 1013.5 183.5 27.0 31.0
0 1090.5 141.0 21.0 26.0
0 1140.5 133.5 15.0 23.0
0 1141.5 155.0 17.0 20.0
0 1094.5 206.5 27.0 33.0
0 1127.0 176.0 22.0 24.0
0 1123.0 240.5 28.0 29.0
0 1096.5 305.5 37.0 53.0
0 1203.0 262.5 32.0 43.0
0 1174.0 161.5 18.0 29.0
0 1198.0 146.0 16.0 28.0
0 1240.0 156.0 16.0 26.0
0 1173.0 192.0 22.0 28.0
0 1231.0 187.0 26.0 30.0
0 1205.5 223.0 25.0 36.0
0 1229.0 215.0 20.0 32.0
0 747.5 120.0 17.0 20.0
0 671.5 136.0 25.0 26.0
0 781.5 106.0 21.0 26.0
