0 114.5 340.0 65.0 74.0
0 324.0 156.5 22.0 33.0
0 377.0 147.5 24.0 27.0
0 401.5 130.0 25.0 28.0
0 423.5 143.5 31.0 31.0
0 449.5 133.0 27.0 30.0
0 465.5 166.0 29.0 30.0
0 507.0 143.5 24.0 23.0
0 464.0 120.5 24.0 21.0
0 519.5 109.0 21.0 22.0
0 547.0 115.5 22.0 25.0
0 550.5 183.0 27.0 34.0
0 602.0 146.0 32.0 32.0
0 621.5 129.0 23.0 28.0
0 666.0 133.0 26.0 28.0
0 601.0 105.5 24.0 25.0
0 575.5 102.0 19.0 24.0
0 595.5 92.0 19.0 18.0
0 628.0 93.0 16.0 20.0
0 670.0 101.0 24.0 24.0
0 702.0 99.5 20.0 25.0
0 701.0 81.0 18.0 18.0
0 726.5 87.5 23.0 21.0
0 751.0 74.5 20.0 21.0
0 762.5 108.0 19.0 22.0
0 779.5 115.0 21.0 26.0
0 774.0 94.0 22.0 22.0
0 799.5 79.5 21.0 23.0
0 811.5 86.5 21.0 25.0
0 821.0 113.5 20.0 19.0
0 858.0 99.5 20.0 23.0
0 863.5 81.5 19.0 21.0
0 900.5 95.0 19.0 22.0
0 707.0 214.0 34.0 40.0
0 765.5 230.0 39.0 38.0
0 772.5 177.5 33.0 39.0
0 828.5 157.5 31.0 35.0
0 901.5 129.0 25.0 26.0
0 902.0 162.5 26.0 37.0
0 939.5 139.5 25.0 27.0
0 928.5 123.5 21.0 23.0
0 950.0 117.5 18.0 23.0
0 985.0 105.0 24.0 28.0
0 1014.5 120.0 19.0 28.0
0 1040.0 136.0 20.0 24.0
0 1002.5 154.0 23.0 28.0
0 970.5 135.5 19.0 25.0
0 961.5 170.5 25.0 29.0
0 828.5 243.5 37.0 43.0
0 923.0 259.0 36.0 44.0
0 985.0 275.0 40.0 54.0
0 1079.5 310.0 41.0 50.0
0 1113.5 258.5 33.0 47.0
0 1077.5 211.0 27.0 32.0
0 1024.0 182.0 28.0 38.0
0 1089.5 141.5 19.0 27.0
0 1103.0 142.0 20.0 22.0
0 1120.5 167.5 21.0 31.0
0 1134.0 153.0 18.0 26.0
0 1142.0 142.0 20.0 26.0
0 1158.0 208.5 24.0 37.0
0 1182.5 228.0 29.0 38.0
0 1193.0 277.0 34.0 50.0
0 1227.0 224.0 24.0 30.0
0 1230.5 195.0 19.0 28.0
0 1224.5 178.0 19.0 26.0
0 1229.0 155.0 18.0 20.0
0 1184.5 144.0 25.0 32.0
0 1178.5 165.5 19.0 27.0
