0 159.5 235.5 39.0 43.0
0 242.0 110.0 14.0 16.0
0 294.5 89.5 17.0 19.0
0 320.0 89.0 18.0 18.0
0 275.0 103.0 18.0 16.0
0 274.5 119.0 13.0 20.0
0 312.0 100.5 16.0 19.0
0 354.0 75.5 12.0 17.0
0 399.0 72.0 12.0 16.0
0 375.5 75.0 13.0 22.0
0 382.5 78.0 13.0 18.0
0 448.0 55.0 12.0 12.0
0 424.5 66.5 13.0 11.0
0 432.0 69.0 12.0 16.0
0 357.0 96.5 20.0 21.0
0 368.0 99.5 12.0 15.0
0 347.5 136.0 17.0 26.0
0 361.5 111.0 13.0 20.0
0 398.0 89.0 14.0 12.0
0 423.0 92.5 18.0 17.0
0 451.0 86.5 14.0 13.0
0 461.5 73.0 15.0 16.0
0 467.0 59.5 10.0 13.0
0 501.5 57.5 13.0 11.0
0 473.5 85.5 15.0 17.0
0 494.0 75.0 16.0 16.0
0 536.0 51.5 16.0 13.0
0 512.0 73.5 20.0 23.0
0 507.0 88.0 14.0 16.0
0 545.0 72.5 14.0 17.0
0 532.5 107.5 21.0 21.0
0 531.5 84.0 15.0 22.0
0 530.0 70.0 18.0 22.0
0 585.0 53.0 12.0 16.0
0 579.5 76.5 17.0 21.0
0 581.0 93.0 16.0 20.0
0 561.0 119.0 26.0 34.0
0 612.5 86.0 15.0 18.0
0 615.0 49.0 12.0 12.0
0 628.5 55.0 13.0 14.0
0 637.5 47.5 15.0 15.0
0 623.0 103.0 18.0 20.0
0 621.0 124.0 18.0 24.0
0 635.0 154.0 28.0 32.0
0 659.5 68.5 13.0 19.0
0 651.5 86.0 15.0 12.0
0 677.5 65.5 11.0 11.0
0 660.5 115.0 17.0 22.0
0 691.5 57.0 11.0 14.0
0 681.0 92.5 18.0 21.0
0 684.0 116.5 20.0 21.0
0 704.0 64.5 12.0 17.0
0 710.5 79.5 15.0 13.0
0 723.5 64.0 11.0 12.0
0 736.0 62.5 10.0 15.0
0 722.0 97.5 16.0 15.0
0 718.5 139.0 23.0 24.0
0 762.5 75.5 13.0 19.0
0 743.5 97.5 19.0 19.0
0 761.5 105.0 19.0 20.0
0 751.0 121.5 18.0 23.0
0 788.5 84.5 15.0 23.0
0 822.0 71.0 10.0 10.0
0 824.0 91.0 10.0 16.0
0 811.0 108.5 14.0 19.0
0 828.5 178.0 25.0 28.0
0 843.0 124.5 16.0 19.0
0 851.0 111.5 18.0 17.0
0 847.0 102.0 16.0 22.0
0 859.0 91.0 20.0 26.0
0 478.5 73.5 13.0 15.0
0 670.0 189.5 26.0 31.0
0 561.5 67.5 13.0 15.0
