0 95.0 334.5 60.0 61.0
0 256.5 165.5 17.0 25.0
0 277.5 165.5 19.0 27.0
0 326.0 147.5 22.0 23.0
0 359.5 147.5 21.0 21.0
0 365.0 126.5 22.0 15.0
0 402.5 142.5 17.0 25.0
0 440.0 166.0 26.0 28.0
0 419.0 130.0 16.0 24.0
0 440.0 121.0 16.0 22.0
0 474.5 151.0 21.0 24.0
0 516.5 192.0 29.0 32.0
0 700.0 204.0 24.0 30.0
0 730.0 224.5 30.0 33.0
0 805.0 240.0 30.0 36.0
0 736.5 185.5 31.0 29.0
0 565.0 150.0 26.0 32.0
0 491.0 115.0 22.0 20.0
0 522.5 118.0 21.0 18.0
0 509.0 99.5 18.0 17.0
0 572.5 106.5 17.0 25.0
0 601.5 130.5 17.0 21.0
0 669.0 135.0 16.0 22.0
0 698.5 121.0 19.0 18.0
0 623.0 96.0 20.0 20.0
0 601.0 91.5 16.0 17.0
0 672.0 98.5 18.0 17.0
0 701.5 86.5 15.0 15.0
0 726.0 77.0 18.0 16.0
0 771.0 78.5 18.0 17.0
0 792.0 75.5 20.0 21.0
0 797.0 96.0 14.0 12.0
0 802.0 111.5 14.0 17.0
0 738.0 94.5 20.0 13.0
0 741.5 120.5 17.0 27.0
0 802.5 154.0 23.0 22.0
0 885.0 240.5 30.0 39.0
0 979.0 275.5 32.0 35.0
0 1044.5 303.5 31.0 49.0
0 1075.0 243.5 28.0 43.0
0 1059.0 207.0 24.0 28.0
0 978.5 190.5 25.0 33.0
0 921.0 173.0 22.0 26.0
0 871.0 170.0 24.0 28.0
0 852.0 132.0 18.0 26.0
0 836.0 95.0 20.0 20.0
0 864.5 96.5 19.0 21.0
0 896.0 147.0 22.0 28.0
0 924.0 122.5 14.0 21.0
0 949.5 127.0 17.0 22.0
0 971.0 153.0 20.0 26.0
0 1002.5 140.0 19.0 22.0
0 1070.0 143.5 16.0 19.0
0 1087.0 172.5 24.0 25.0
0 1104.5 160.0 19.0 22.0
0 1167.0 152.0 18.0 22.0
0 1212.0 159.5 18.0 23.0
0 1110.0 139.5 20.0 23.0
0 1142.0 167.0 16.0 20.0
0 1191.0 195.0 18.0 28.0
0 1132.5 213.5 21.0 29.0
0 1162.0 228.0 24.0 28.0
0 1198.5 222.0 19.0 30.0
0 1166.5 266.0 35.0 40.0
0 990.0 119.5 18.0 25.0
0 948.0 112.5 20.0 23.0
0 642.0 102.0 20.0 24.0
0 672.0 86.0 20.0 20.0
