0 132.5 393.0 65.0 74.0
0 275.0 253.0 18.0 24.0
0 325.0 250.0 20.0 30.0
0 362.5 222.5 19.0 25.0
0 358.0 263.0 22.0 32.0
0 416.5 262.5 31.0 35.0
0 448.0 214.5 22.0 25.0
0 491.5 185.5 13.0 21.0
0 449.0 238.0 20.0 22.0
0 480.5 240.5 19.0 29.0
0 509.5 218.0 23.0 22.0
0 518.5 240.0 21.0 26.0
0 547.0 221.0 24.0 24.0
0 552.5 247.5 27.0 23.0
0 535.5 186.5 15.0 17.0
0 562.5 181.5 15.0 15.0
0 581.0 173.5 14.0 19.0
0 582.5 227.5 21.0 17.0
0 628.5 184.0 13.0 20.0
0 641.0 174.0 18.0 20.0
0 702.5 159.0 13.0 18.0
0 667.5 188.0 21.0 24.0
0 641.5 224.5 23.0 23.0
0 575.5 293.0 35.0 30.0
0 676.5 288.0 31.0 36.0
0 685.0 217.0 18.0 24.0
0 714.0 182.0 16.0 20.0
0 760.0 153.5 14.0 17.0
0 780.5 153.5 15.0 19.0
0 791.0 186.0 18.0 22.0
0 727.0 179.5 16.0 17.0
0 742.0 237.0 26.0 26.0
0 754.0 305.5 34.0 39.0
0 804.0 241.0 24.0 22.0
0 787.0 214.5 18.0 23.0
0 818.0 160.5 18.0 17.0
0 826.0 169.0 16.0 20.0
0 845.0 168.5 18.0 21.0
0 828.0 197.0 22.0 20.0
0 878.5 182.0 17.0 24.0
0 852.5 249.5 25.0 31.0
0 815.0 279.0 32.0 44.0
0 824.0 315.0 30.0 42.0
0 875.5 371.5 43.0 53.0
0 912.0 283.5 30.0 39.0
0 903.0 193.5 18.0 23.0
0 924.5 168.5 17.0 21.0
0 950.0 201.5 14.0 19.0
0 959.0 191.0 18.0 22.0
0 960.5 172.5 17.0 23.0
0 996.0 179.0 14.0 26.0
0 1009.5 220.5 17.0 29.0
0 1035.0 186.0 16.0 20.0
0 1075.5 184.0 15.0 18.0
0 1060.0 198.5 18.0 25.0
0 1054.0 223.5 16.0 23.0
0 1002.0 260.5 24.0 37.0
0 964.0 299.5 28.0 39.0
0 1022.0 359.0 40.0 50.0
0 1039.0 315.0 28.0 38.0
0 1057.5 279.5 19.0 33.0
0 1073.5 250.0 23.0 30.0
0 1099.5 243.0 19.0 30.0
0 1102.5 205.0 17.0 24.0
0 1153.5 195.5 15.0 17.0
0 1115.5 323.5 29.0 43.0
0 1127.5 284.0 21.0 30.0
0 1141.5 261.5 21.0 23.0
0 1141.0 240.5 18.0 15.0
0 894.0 209.5 14.0 25.0
0 580.5 200.5 21.0 19.0
0 714.5 152.0 15.0 18.0
0 1151.5 223.0 11.0 20.0
0 1134.5 227.0 17.0 20.0
0 665.0 266.5 28.0 35.0
0 746.0 165.0 16.0 16.0
0 914.0 182.5 18.0 27.0
