0 437.0 163.5 26.0 27.0
0 466.5 130.5 19.0 21.0
0 434.5 130.0 17.0 20.0
0 413.5 118.0 15.0 18.0
0 352.5 137.0 17.0 16.0
0 324.5 137.5 17.0 17.0
0 488.5 98.0 17.0 18.0
0 490.0 112.0 18.0 18.0
0 504.0 124.5 18.0 19.0
0 548.5 126.0 19.0 20.0
0 541.0 87.0 14.0 16.0
0 573.0 87.0 14.0 16.0
0 604.0 94.5 14.0 17.0
0 612.5 91.0 13.0 12.0
0 620.0 158.0 22.0 26.0
0 674.0 157.5 22.0 29.0
0 692.5 127.5 19.0 23.0
0 678.5 109.5 19.0 23.0
0 747.5 48.5 17.0 17.0
0 766.0 91.0 14.0 20.0
0 787.0 51.0 12.0 14.0
0 802.0 98.0 14.0 18.0
0 818.0 111.0 14.0 20.0
0 787.5 141.0 21.0 24.0
0 748.5 157.5 23.0 27.0
0 817.5 163.5 27.0 31.0
0 849.0 57.0 14.0 16.0
0 879.0 58.0 14.0 16.0
0 881.0 109.0 18.0 20.0
0 866.5 125.5 19.0 23.0
0 838.5 110.5 15.0 17.0
0 913.5 133.0 17.0 22.0
0 1006.5 91.5 17.0 27.0
