0 1076.0 114.5 16.0 21.0
0 1064.0 131.5 18.0 27.0
0 1038.5 153.0 21.0 32.0
0 1096.5 153.0 27.0 36.0
0 1124.5 126.5 19.0 25.0
0 1008.0 122.0 26.0 30.0
0 1064.0 212.0 28.0 44.0
0 1160.5 167.0 21.0 38.0
0 1144.5 207.5 23.0 33.0
0 1103.5 256.0 39.0 46.0
0 1026.5 232.0 41.0 56.0
0 963.0 196.5 28.0 37.0
0 910.5 105.0 19.0 28.0
0 956.5 113.5 19.0 25.0
0 890.0 160.5 24.0 35.0
0 854.0 166.0 24.0 36.0
0 823.0 147.0 24.0 32.0
0 740.5 113.5 21.0 29.0
0 756.0 72.0 12.0 16.0
0 771.5 168.0 23.0 36.0
0 709.5 174.0 29.0 30.0
0 645.0 130.0 18.0 28.0
0 577.0 149.0 20.0 24.0
0 593.5 151.5 23.0 27.0
0 426.0 158.5 16.0 21.0
0 485.5 158.5 19.0 27.0
0 504.0 159.5 20.0 25.0
0 509.5 143.0 21.0 20.0
0 234.0 343.5 48.0 51.0
