0 215.5 247.0 57.0 56.0
0 300.0 162.5 20.0 21.0
0 323.0 168.0 20.0 22.0
0 322.0 149.0 22.0 22.0
0 378.0 167.5 22.0 23.0
0 404.0 172.0 26.0 26.0
0 399.5 122.5 19.0 19.0
0 424.0 138.0 22.0 26.0
0 438.5 108.0 21.0 18.0
0 464.5 112.5 19.0 23.0
0 479.5 140.5 19.0 27.0
0 512.0 143.5 26.0 27.0
0 491.5 116.0 19.0 22.0
0 507.0 85.5 12.0 13.0
0 514.0 96.0 14.0 18.0
0 521.5 119.0 19.0 22.0
0 532.0 121.0 20.0 22.0
0 565.0 121.0 22.0 26.0
0 557.5 95.5 15.0 19.0
0 551.5 81.5 11.0 13.0
0 587.0 84.5 16.0 15.0
0 602.0 79.0 12.0 16.0
0 609.0 87.0 16.0 18.0
0 629.0 87.5 16.0 15.0
0 634.5 77.5 13.0 17.0
0 645.0 65.5 14.0 13.0
0 667.0 67.5 14.0 17.0
0 642.0 108.5 18.0 19.0
0 663.5 91.0 17.0 18.0
0 693.5 86.5 17.0 19.0
0 696.5 67.5 13.0 15.0
0 726.0 67.5 16.0 17.0
0 748.0 72.0 16.0 18.0
0 541.0 183.0 28.0 34.0
0 583.5 199.0 33.0 34.0
0 612.5 164.5 27.0 31.0
0 658.0 135.5 22.0 25.0
0 673.0 153.5 26.0 29.0
0 637.0 199.0 34.0 36.0
0 712.0 128.5 24.0 25.0
0 707.5 108.5 19.0 25.0
0 737.0 99.0 16.0 20.0
0 762.0 115.5 22.0 23.0
0 787.0 107.0 20.0 20.0
0 786.5 124.5 17.0 25.0
0 787.0 154.0 28.0 34.0
0 764.5 146.0 23.0 30.0
0 752.0 198.5 36.0 39.0
0 800.5 226.5 37.0 49.0
0 860.0 239.5 36.0 47.0
0 969.0 264.5 46.0 51.0
0 900.5 184.5 31.0 35.0
0 828.5 170.0 29.0 36.0
0 817.5 131.5 25.0 27.0
0 840.0 123.5 22.0 27.0
0 812.5 87.5 19.0 21.0
0 799.5 77.0 19.0 20.0
0 826.0 82.5 14.0 21.0
0 845.5 87.5 17.0 21.0
0 874.0 91.0 20.0 20.0
0 895.0 87.0 16.0 20.0
0 911.5 79.0 15.0 20.0
0 923.0 92.5 16.0 19.0
0 916.0 103.5 14.0 23.0
0 895.0 125.0 20.0 30.0
0 871.5 158.5 25.0 33.0
0 929.5 157.0 27.0 32.0
0 976.0 190.0 38.0 42.0
0 988.0 162.0 24.0 28.0
0 1001.0 136.5 20.0 29.0
0 1002.0 100.0 12.0 18.0
0 951.5 123.5 21.0 21.0
0 957.5 105.0 21.0 24.0
0 939.0 81.5 14.0 17.0
