0 43.5 221.0 21.0 22.0
0 275.0 150.0 16.0 18.0
0 290.0 155.0 16.0 18.0
0 344.0 126.5 12.0 15.0
0 361.0 125.5 14.0 17.0
0 384.0 116.0 14.0 14.0
0 403.5 114.5 13.0 17.0
0 422.5 129.5 15.0 19.0
0 443.0 111.0 12.0 18.0
0 474.5 114.5 13.0 13.0
0 477.5 137.5 15.0 17.0
0 494.5 138.5 15.0 23.0
0 511.0 116.0 16.0 14.0
0 340.5 147.0 11.0 14.0
0 354.0 150.0 12.0 20.0
0 369.5 155.5 17.0 23.0
0 413.0 152.5 12.0 21.0
0 430.5 159.5 19.0 23.0
0 525.5 173.0 23.0 24.0
0 615.5 173.5 19.0 25.0
0 588.5 149.0 23.0 26.0
0 542.0 113.0 16.0 18.0
0 569.5 114.0 17.0 18.0
0 501.5 97.5 13.0 13.0
0 511.0 80.0 10.0 10.0
0 542.5 96.5 17.0 13.0
0 583.0 97.5 14.0 19.0
0 611.0 102.0 14.0 16.0
0 597.5 90.5 11.0 13.0
0 601.5 72.0 13.0 16.0
0 624.5 88.0 13.0 12.0
0 641.0 79.0 10.0 14.0
0 657.0 85.5 12.0 17.0
0 676.0 79.5 12.0 11.0
0 654.0 126.0 20.0 14.0
0 641.5 157.0 19.0 20.0
0 666.5 182.0 29.0 26.0
0 714.5 151.5 21.0 25.0
0 688.5 124.0 21.0 24.0
0 722.0 87.5 16.0 15.0
0 716.5 66.5 13.0 13.0
0 747.0 87.5 12.0 11.0
0 741.5 108.0 13.0 20.0
0 759.5 100.0 13.0 16.0
0 777.5 120.0 15.0 18.0
0 748.0 137.0 18.0 20.0
0 755.0 177.0 22.0 20.0
0 816.5 160.0 19.0 24.0
0 800.0 141.0 14.0 22.0
0 814.5 122.0 21.0 24.0
0 809.0 94.5 14.0 15.0
0 824.5 82.5 13.0 15.0
0 806.5 75.5 13.0 15.0
0 778.5 70.0 15.0 14.0
0 843.5 98.0 17.0 20.0
0 883.5 91.0 13.0 16.0
0 896.5 91.5 13.0 17.0
0 938.5 102.5 15.0 17.0
0 946.0 125.5 14.0 21.0
0 962.0 131.5 14.0 19.0
0 971.5 153.5 15.0 23.0
0 887.0 126.5 18.0 23.0
0 900.5 188.5 23.0 25.0
0 895.5 163.5 23.0 21.0
0 629.5 72.0 9.0 8.0
0 681.0 68.0 12.0 10.0
