0 110.0 192.0 24.0 24.0
0 214.0 244.0 38.0 42.0
0 290.0 147.5 16.0 17.0
0 331.0 143.5 18.0 21.0
0 315.0 153.5 22.0 29.0
0 364.0 133.0 16.0 16.0
0 385.0 123.0 20.0 20.0
0 405.0 126.5 20.0 21.0
0 386.0 159.5 22.0 23.0
0 407.0 160.0 20.0 22.0
0 435.0 118.0 20.0 20.0
0 483.5 105.5 21.0 21.0
0 475.5 116.5 19.0 17.0
0 461.0 147.5 20.0 21.0
0 497.5 146.5 25.0 25.0
0 536.0 119.0 22.0 26.0
0 602.0 78.5 14.0 17.0
0 572.0 102.5 22.0 21.0
0 563.5 130.0 21.0 22.0
0 633.5 77.5 17.0 15.0
0 524.0 189.5 24.0 31.0
0 578.0 195.5 30.0 33.0
0 653.5 203.0 29.0 30.0
0 631.5 106.5 27.0 27.0
0 620.0 137.0 22.0 28.0
0 647.5 165.5 27.0 35.0
0 656.0 136.5 22.0 27.0
0 686.0 77.5 16.0 17.0
0 651.5 78.0 21.0 18.0
0 662.5 99.5 21.0 25.0
0 732.0 93.5 22.0 21.0
0 738.5 120.5 25.0 29.0
0 712.0 137.0 26.0 28.0
0 714.0 160.5 26.0 27.0
0 715.5 118.5 23.0 23.0
0 758.5 92.0 21.0 22.0
0 768.0 110.0 22.0 26.0
0 824.0 83.0 16.0 24.0
0 786.0 87.5 18.0 25.0
0 790.0 121.5 20.0 21.0
0 816.0 108.5 20.0 21.0
0 760.5 175.5 27.0 33.0
0 754.5 141.0 27.0 26.0
0 816.5 157.5 25.0 27.0
0 890.0 210.0 26.0 34.0
0 822.0 139.0 24.0 22.0
0 836.0 125.5 22.0 27.0
0 840.0 99.0 20.0 28.0
0 878.5 85.5 17.0 21.0
0 856.5 113.5 17.0 19.0
0 916.0 105.5 20.0 17.0
0 892.0 124.0 22.0 22.0
0 916.5 159.0 23.0 30.0
0 955.5 94.5 15.0 17.0
0 945.0 124.0 12.0 20.0
0 949.5 108.5 19.0 13.0
0 984.5 144.5 17.0 27.0
0 979.0 174.0 20.0 24.0
0 595.5 98.0 19.0 22.0
0 619.0 96.5 30.0 19.0
0 529.5 98.5 23.0 21.0
0 502.5 121.5 27.0 23.0
