0 152.0 386.0 48.0 54.0
0 253.5 243.5 19.0 23.0
0 293.5 253.0 21.0 30.0
0 324.0 223.0 20.0 20.0
0 324.5 269.5 21.0 23.0
0 365.0 274.5 24.0 29.0
0 401.0 242.5 22.0 21.0
0 406.5 211.0 19.0 20.0
0 447.5 237.5 19.0 21.0
0 473.0 239.5 24.0 27.0
0 470.5 214.0 19.0 20.0
0 505.0 216.5 18.0 19.0
0 457.0 182.0 18.0 16.0
0 470.5 197.0 17.0 16.0
0 500.5 181.5 17.0 17.0
0 528.5 183.5 15.0 19.0
0 542.0 173.5 16.0 17.0
0 551.5 162.0 17.0 18.0
0 524.5 246.0 27.0 28.0
0 547.5 224.0 23.0 24.0
0 593.5 235.0 23.0 22.0
0 541.5 192.5 17.0 17.0
0 609.5 196.0 17.0 18.0
0 592.5 189.0 17.0 16.0
0 653.5 193.5 21.0 21.0
0 608.0 172.5 20.0 17.0
0 648.5 171.0 17.0 20.0
0 669.5 174.5 15.0 19.0
0 666.5 154.0 13.0 16.0
0 679.5 153.5 15.0 17.0
0 723.0 145.0 14.0 16.0
0 636.0 255.5 24.0 29.0
0 710.5 175.0 17.0 20.0
0 741.5 150.5 15.0 15.0
0 755.0 156.0 14.0 18.0
0 786.5 148.5 15.0 13.0
0 806.0 153.5 16.0 15.0
0 803.5 159.5 15.0 15.0
0 758.0 177.0 18.0 18.0
0 836.5 182.5 17.0 19.0
0 794.5 194.0 19.0 20.0
0 884.0 175.0 18.0 20.0
0 890.0 167.5 16.0 13.0
0 846.0 209.5 20.0 23.0
0 807.5 222.5 25.0 27.0
0 791.5 264.0 25.0 30.0
0 817.5 255.0 27.0 28.0
0 757.5 253.5 27.0 29.0
0 717.0 270.0 28.0 30.0
0 710.0 237.0 24.0 26.0
0 750.5 217.0 19.0 18.0
0 856.5 287.0 31.0 32.0
0 751.0 338.5 42.0 41.0
0 702.5 323.5 33.0 43.0
0 839.5 376.5 43.0 51.0
0 923.5 305.5 29.0 39.0
0 980.5 359.0 31.0 44.0
0 1015.5 329.0 33.0 36.0
0 1096.0 334.0 32.0 36.0
0 1026.5 263.0 27.0 34.0
0 971.5 254.5 23.0 33.0
0 985.0 243.5 22.0 29.0
0 972.5 212.5 15.0 21.0
0 1022.5 200.5 15.0 23.0
0 1040.5 238.5 21.0 27.0
0 1024.5 230.5 23.0 21.0
0 1070.0 234.5 18.0 29.0
0 1096.0 240.5 18.0 29.0
0 1113.0 256.5 22.0 31.0
0 1120.5 223.5 17.0 19.0
0 1123.5 211.0 19.0 16.0
0 1123.0 200.5 16.0 17.0
0 1074.5 209.5 17.0 19.0
0 1047.0 178.0 16.0 20.0
0 1023.5 185.5 15.0 15.0
0 1005.0 182.0 16.0 20.0
0 965.0 171.5 16.0 21.0
0 933.0 169.0 16.0 16.0
0 916.0 205.0 20.0 22.0
0 911.5 187.5 21.0 21.0
