0 128.0 326.0 60.0 68.0
0 285.5 160.0 23.0 24.0
0 302.5 161.5 25.0 29.0
0 326.5 153.5 23.0 29.0
0 395.5 148.5 25.0 27.0
0 393.0 126.0 30.0 28.0
0 428.5 144.5 29.0 31.0
0 443.5 132.0 23.0 32.0
0 475.0 158.5 24.0 27.0
0 467.0 121.0 22.0 26.0
0 508.5 146.5 25.0 25.0
0 522.0 107.5 18.0 23.0
0 548.0 116.5 20.0 27.0
0 549.0 184.0 28.0 36.0
0 604.5 143.5 25.0 33.0
0 572.0 103.0 18.0 22.0
0 587.5 98.5 21.0 29.0
0 600.5 105.5 25.0 27.0
0 620.0 92.0 20.0 24.0
0 632.0 125.0 20.0 24.0
0 698.0 134.5 22.0 23.0
0 655.0 100.5 22.0 31.0
0 676.0 101.0 18.0 26.0
0 700.5 84.5 19.0 19.0
0 699.0 100.5 22.0 23.0
0 727.0 121.5 20.0 25.0
0 724.5 85.0 19.0 20.0
0 735.5 104.0 17.0 22.0
0 755.0 77.5 18.0 21.0
0 761.0 90.0 20.0 18.0
0 768.0 110.0 16.0 24.0
0 784.5 121.0 21.0 26.0
0 797.0 76.0 18.0 22.0
0 821.5 93.0 19.0 24.0
0 830.5 84.0 19.0 18.0
0 829.0 110.5 18.0 19.0
0 865.0 98.5 18.0 25.0
0 869.5 85.5 15.0 21.0
0 895.5 93.0 17.0 22.0
0 883.5 131.0 21.0 26.0
0 833.5 145.5 27.0 37.0
0 775.0 178.0 34.0 36.0
0 754.5 225.0 35.0 42.0
0 719.5 204.5 29.0 35.0
0 825.0 240.5 34.0 39.0
0 915.5 237.5 31.0 39.0
0 909.0 160.0 28.0 34.0
0 936.0 139.0 22.0 28.0
0 956.0 122.5 20.0 23.0
0 976.0 122.0 18.0 24.0
0 989.5 104.5 23.0 25.0
0 1019.0 116.5 20.0 25.0
0 1033.5 137.5 25.0 27.0
0 1002.5 150.5 21.0 31.0
0 962.5 171.5 25.0 27.0
0 1024.0 187.5 28.0 35.0
0 1006.0 275.0 42.0 46.0
0 1083.0 300.0 38.0 50.0
0 1101.0 251.5 32.0 43.0
0 1084.0 204.5 26.0 31.0
0 1096.5 142.5 15.0 27.0
0 1130.5 137.0 17.0 22.0
0 1123.5 171.5 21.0 27.0
0 1131.0 158.0 20.0 24.0
0 1172.5 163.5 21.0 27.0
0 1197.0 152.5 18.0 25.0
0 1159.5 208.5 23.0 33.0
0 1187.0 229.0 28.0 44.0
0 1187.0 269.0 36.0 48.0
0 1226.5 220.5 25.0 37.0
0 1213.5 188.5 19.0 31.0
0 1227.0 187.5 18.0 23.0
0 1240.5 158.5 15.0 25.0
