0 220.5 217.5 47.0 57.0
0 275.0 173.0 18.0 22.0
0 308.5 162.0 15.0 22.0
0 319.0 158.0 22.0 24.0
0 331.5 141.5 21.0 21.0
0 350.0 159.0 16.0 18.0
0 365.0 166.5 20.0 27.0
0 398.0 129.5 20.0 21.0
0 410.0 133.5 16.0 23.0
0 414.0 121.0 20.0 20.0
0 433.5 140.0 23.0 26.0
0 454.0 169.0 28.0 28.0
0 438.0 105.0 18.0 16.0
0 463.5 121.0 19.0 22.0
0 475.5 136.5 21.0 23.0
0 502.5 140.5 27.0 27.0
0 486.5 109.0 19.0 24.0
0 494.5 94.0 13.0 18.0
0 502.0 96.5 18.0 21.0
0 516.0 106.5 18.0 17.0
0 573.5 118.5 23.0 21.0
0 559.5 101.5 17.0 19.0
0 550.5 91.5 17.0 17.0
0 521.0 79.0 16.0 18.0
0 569.5 77.0 17.0 16.0
0 589.0 85.0 16.0 18.0
0 594.5 76.0 13.0 16.0
0 601.5 71.5 15.0 17.0
0 633.0 73.5 18.0 19.0
0 602.0 104.0 20.0 22.0
0 617.5 95.0 17.0 20.0
0 653.0 77.5 14.0 15.0
0 649.0 60.5 14.0 17.0
0 667.0 86.0 18.0 20.0
0 670.0 62.0 14.0 16.0
0 695.5 62.0 15.0 16.0
0 696.0 73.0 16.0 16.0
0 712.0 73.0 16.0 20.0
0 737.5 63.0 15.0 22.0
0 580.5 187.0 31.0 36.0
0 530.0 180.5 34.0 37.0
0 617.5 144.5 25.0 27.0
0 649.0 129.5 24.0 29.0
0 656.0 158.5 28.0 31.0
0 633.0 220.5 36.0 45.0
0 722.5 202.0 33.0 46.0
0 710.5 158.5 27.0 31.0
0 705.0 130.0 26.0 30.0
0 691.0 110.5 20.0 21.0
0 729.5 100.0 21.0 24.0
0 754.5 109.5 21.0 27.0
0 738.0 136.5 32.0 33.0
0 755.5 85.0 19.0 22.0
0 792.5 88.5 23.0 21.0
0 791.5 68.0 17.0 20.0
0 780.5 120.0 23.0 24.0
0 798.5 142.0 25.0 32.0
0 808.5 111.5 21.0 23.0
0 811.5 82.5 17.0 19.0
0 832.5 74.5 17.0 19.0
0 849.0 82.5 18.0 19.0
0 869.0 71.5 14.0 17.0
0 857.5 106.5 19.0 25.0
0 880.0 143.0 20.0 30.0
0 836.0 176.0 28.0 38.0
0 778.5 186.0 31.0 34.0
0 983.0 177.5 34.0 37.0
0 929.5 137.5 21.0 35.0
0 901.0 116.0 22.0 28.0
0 893.0 88.5 18.0 23.0
0 919.5 92.0 15.0 24.0
0 935.5 107.5 17.0 23.0
0 952.0 121.5 16.0 25.0
0 960.0 103.0 20.0 24.0
0 953.0 79.5 18.0 21.0
0 986.5 124.5 25.0 27.0
0 990.0 105.5 18.0 19.0
0 987.5 92.0 17.0 14.0
