0 103.5 156.0 23.0 32.0
0 294.5 120.5 15.0 19.0
0 352.0 127.0 16.0 18.0
0 363.5 110.0 13.0 18.0
0 374.5 97.0 13.0 16.0
0 382.5 106.5 13.0 17.0
0 384.0 119.5 14.0 19.0
0 393.5 98.5 15.0 17.0
0 407.5 118.0 15.0 20.0
0 399.5 153.0 21.0 24.0
0 440.0 120.0 18.0 22.0
0 434.0 96.5 16.0 19.0
0 428.0 81.5 12.0 15.0
0 469.5 75.5 11.0 15.0
0 466.5 87.5 15.0 17.0
0 473.5 124.5 19.0 25.0
0 492.5 105.5 17.0 19.0
0 507.0 96.5 14.0 21.0
0 488.0 80.0 16.0 16.0
0 507.5 76.5 13.0 13.0
0 526.5 79.0 13.0 16.0
0 541.0 70.0 12.0 14.0
0 569.5 73.0 15.0 14.0
0 588.5 68.5 11.0 11.0
0 592.0 59.0 10.0 12.0
0 571.0 94.5 16.0 17.0
0 547.5 107.0 17.0 18.0
0 614.5 67.0 11.0 14.0
0 617.0 75.0 14.0 14.0
0 629.0 60.5 10.0 11.0
0 636.0 69.5 14.0 17.0
0 666.0 63.5 14.0 15.0
0 676.0 67.5 14.0 17.0
0 603.5 92.5 15.0 15.0
0 695.5 66.0 15.0 14.0
0 560.5 151.5 23.0 29.0
0 560.5 136.5 17.0 17.0
0 613.5 116.0 17.0 18.0
0 613.5 138.0 23.0 24.0
0 647.5 107.0 17.0 20.0
0 661.5 124.5 17.0 21.0
0 673.0 144.0 18.0 22.0
0 685.5 93.5 15.0 17.0
0 715.0 87.0 14.0 16.0
0 708.0 106.0 14.0 18.0
0 731.5 115.0 15.0 20.0
0 725.0 141.5 22.0 27.0
0 702.5 138.5 19.0 21.0
0 749.0 148.5 20.0 23.0
0 730.5 89.5 13.0 13.0
0 738.5 80.0 11.0 10.0
0 771.5 81.0 11.0 14.0
0 775.5 74.5 11.0 13.0
0 749.5 96.5 13.0 19.0
0 776.5 125.0 17.0 20.0
0 786.5 92.0 13.0 16.0
0 792.5 89.0 11.0 12.0
0 808.5 80.5 11.0 15.0
0 823.5 90.0 11.0 16.0
0 835.0 85.5 8.0 9.0
0 783.0 156.0 22.0 30.0
0 821.0 133.0 16.0 22.0
0 839.0 168.5 22.0 27.0
0 854.0 146.5 20.0 27.0
0 899.0 188.5 20.0 33.0
0 907.5 159.0 19.0 24.0
0 906.0 139.5 16.0 17.0
0 909.5 121.5 13.0 17.0
0 926.0 118.0 12.0 14.0
0 926.0 97.5 12.0 11.0
0 892.0 91.5 10.0 13.0
0 873.0 86.5 10.0 13.0
0 839.5 103.5 19.0 25.0
0 871.5 132.0 15.0 16.0
0 888.5 127.0 15.0 14.0
