0 65.5 287.5 51.0 37.0
0 278.0 174.5 20.0 19.0
0 303.0 166.5 18.0 17.0
0 321.0 161.5 18.0 21.0
0 367.5 174.5 19.0 21.0
0 339.0 143.0 16.0 20.0
0 357.0 141.5 18.0 17.0
0 392.5 137.0 15.0 22.0
0 419.0 125.0 14.0 20.0
0 439.5 109.0 15.0 16.0
0 460.0 112.5 16.0 19.0
0 493.0 111.0 22.0 16.0
0 486.5 92.0 11.0 16.0
0 504.0 95.0 14.0 16.0
0 426.5 179.5 27.0 25.0
0 443.0 140.0 20.0 20.0
0 473.5 144.0 19.0 22.0
0 511.0 145.5 22.0 23.0
0 528.5 130.5 17.0 21.0
0 512.5 192.0 23.0 32.0
0 570.5 192.0 31.0 26.0
0 639.5 205.5 25.0 33.0
0 722.0 206.5 26.0 39.0
0 755.5 180.0 25.0 28.0
0 838.0 178.5 26.0 29.0
0 818.5 150.0 17.0 22.0
0 752.0 142.0 22.0 26.0
0 711.5 159.0 23.0 30.0
0 704.5 131.5 23.0 25.0
0 658.0 134.5 20.0 25.0
0 656.0 159.5 26.0 19.0
0 581.5 121.5 19.0 23.0
0 585.5 102.0 17.0 16.0
0 561.5 85.0 15.0 18.0
0 603.5 70.0 15.0 18.0
0 619.5 107.0 13.0 20.0
0 672.5 91.0 15.0 16.0
0 654.0 71.5 12.0 15.0
0 634.5 64.5 11.0 11.0
0 684.5 67.0 11.0 16.0
0 748.0 62.0 14.0 16.0
0 743.0 92.5 20.0 15.0
0 736.5 118.0 21.0 24.0
0 777.5 99.0 15.0 22.0
0 697.5 110.0 17.0 16.0
0 787.0 125.5 18.0 21.0
0 804.0 101.5 16.0 13.0
0 785.5 72.0 9.0 16.0
0 818.5 80.5 13.0 21.0
0 836.5 79.5 11.0 15.0
0 848.5 84.0 11.0 18.0
0 870.5 82.5 11.0 17.0
0 890.0 88.0 16.0 18.0
0 875.5 103.0 15.0 18.0
0 853.5 111.5 13.0 19.0
0 906.0 111.5 14.0 19.0
0 930.5 79.5 11.0 17.0
0 963.0 84.0 12.0 14.0
0 994.5 100.0 13.0 12.0
0 955.5 112.0 13.0 16.0
0 943.5 121.5 19.0 19.0
0 928.5 137.0 15.0 24.0
0 925.5 96.5 15.0 15.0
0 990.0 165.0 16.0 24.0
0 988.5 126.5 17.0 21.0
0 719.0 79.5 12.0 15.0
0 515.5 101.5 13.0 17.0
0 524.5 88.0 13.0 14.0
0 541.5 107.5 15.0 19.0
0 406.5 145.5 19.0 19.0
0 597.5 157.0 23.0 22.0
0 638.5 78.0 15.0 16.0
0 597.5 89.5 15.0 21.0
0 611.5 94.5 15.0 19.0
0 653.0 90.5 14.0 19.0
0 663.5 63.5 11.0 15.0
0 678.5 81.0 13.0 16.0
0 696.5 75.0 13.0 16.0
0 800.5 77.5 13.0 15.0
0 753.0 84.0 16.0 20.0
