0 111.5 334.5 59.0 61.0
0 253.5 165.5 19.0 21.0
0 281.0 169.0 26.0 24.0
0 344.5 138.0 19.0 22.0
0 367.0 144.0 20.0 26.0
0 386.0 121.5 18.0 23.0
0 411.5 133.5 17.0 25.0
0 431.5 134.5 19.0 21.0
0 462.0 153.5 24.0 25.0
0 494.0 136.5 18.0 25.0
0 534.5 185.5 23.0 29.0
0 455.0 116.0 22.0 22.0
0 484.5 108.0 15.0 18.0
0 530.5 119.5 21.0 19.0
0 588.0 144.5 22.0 27.0
0 614.5 119.5 13.0 19.0
0 547.5 97.5 17.0 19.0
0 565.0 95.0 12.0 16.0
0 593.0 100.0 16.0 16.0
0 615.5 89.5 17.0 19.0
0 645.5 100.5 17.0 23.0
0 685.5 130.5 21.0 19.0
0 660.0 90.5 16.0 21.0
0 691.5 89.5 19.0 19.0
0 688.0 75.0 20.0 18.0
0 722.5 77.5 17.0 19.0
0 745.5 73.5 17.0 17.0
0 717.5 116.0 15.0 22.0
0 747.5 121.0 19.0 20.0
0 759.5 103.0 13.0 20.0
0 760.5 83.0 15.0 16.0
0 790.5 71.5 15.0 21.0
0 821.5 105.5 13.0 19.0
0 817.5 87.0 15.0 14.0
0 828.0 79.0 12.0 18.0
0 862.0 82.0 14.0 22.0
0 891.0 90.0 18.0 20.0
0 843.0 104.0 16.0 16.0
0 715.5 195.0 23.0 24.0
0 755.0 222.0 28.0 32.0
0 762.5 173.0 25.0 32.0
0 826.0 146.0 26.0 28.0
0 870.0 127.0 22.0 26.0
0 903.0 154.5 20.0 27.0
0 900.0 234.0 30.0 32.0
0 820.5 240.0 29.0 38.0
0 991.5 270.5 39.0 47.0
0 1070.0 309.5 34.0 43.0
0 1103.0 238.0 22.0 34.0
0 1189.0 270.0 24.0 40.0
0 1183.0 226.5 18.0 33.0
0 1212.5 214.5 17.0 31.0
0 1213.0 188.5 16.0 19.0
0 1216.5 174.0 13.0 16.0
0 1211.0 155.0 16.0 18.0
0 1194.0 152.0 16.0 18.0
0 1161.0 159.0 16.0 22.0
0 1154.0 195.5 22.0 29.0
0 1069.0 199.5 26.0 31.0
0 1110.0 166.5 16.0 21.0
0 1084.5 178.5 23.0 25.0
0 1126.5 154.5 19.0 21.0
0 1131.5 134.5 19.0 23.0
0 1094.5 133.0 17.0 24.0
0 1079.5 135.0 21.0 22.0
0 1037.5 122.5 17.0 21.0
0 1007.0 110.5 22.0 21.0
0 1018.5 132.5 19.0 23.0
0 1004.0 182.0 26.0 34.0
0 991.0 144.5 20.0 27.0
0 970.0 120.5 18.0 21.0
0 958.0 106.0 16.0 22.0
0 943.5 112.5 15.0 19.0
0 927.0 132.0 22.0 22.0
0 935.5 170.5 21.0 25.0
