0 131.5 204.0 37.0 50.0
0 181.0 185.0 34.0 46.0
0 229.5 227.0 41.0 26.0
0 299.0 121.5 18.0 19.0
0 343.0 122.5 20.0 19.0
0 370.5 146.5 21.0 25.0
0 395.0 110.0 16.0 18.0
0 423.0 92.5 12.0 15.0
0 428.0 152.5 20.0 19.0
0 448.5 121.5 17.0 23.0
0 444.0 99.5 14.0 17.0
0 425.5 81.5 13.0 11.0
0 469.5 75.0 11.0 14.0
0 489.0 77.0 12.0 14.0
0 483.0 97.5 16.0 19.0
0 506.0 118.5 16.0 19.0
0 518.5 104.5 15.0 19.0
0 541.5 111.0 17.0 20.0
0 535.5 89.5 13.0 15.0
0 519.0 69.5 12.0 11.0
0 526.5 72.5 11.0 13.0
0 545.5 74.0 13.0 14.0
0 585.5 69.0 11.0 16.0
0 617.0 89.5 16.0 15.0
0 608.5 71.5 11.0 13.0
0 621.0 76.0 14.0 16.0
0 614.0 64.0 10.0 10.0
0 629.5 63.5 13.0 13.0
0 642.5 55.5 11.0 13.0
0 664.0 60.5 12.0 13.0
0 687.0 59.0 10.0 10.0
0 684.5 65.5 11.0 13.0
0 587.0 99.5 18.0 15.0
0 580.5 160.5 25.0 31.0
0 590.5 142.0 19.0 22.0
0 614.5 146.5 23.0 27.0
0 652.5 118.0 17.0 20.0
0 664.0 114.5 16.0 19.0
0 692.0 145.5 20.0 23.0
0 715.5 111.0 17.0 20.0
0 706.0 95.0 16.0 18.0
0 735.5 85.5 13.0 15.0
0 759.5 76.5 11.0 15.0
0 785.5 44.5 11.0 13.0
0 802.0 87.5 14.0 17.0
0 749.5 107.5 19.0 17.0
0 756.0 113.5 22.0 19.0
0 789.5 124.0 17.0 18.0
0 756.0 152.0 20.0 32.0
0 770.0 154.0 18.0 20.0
0 807.0 160.0 24.0 26.0
0 725.0 132.0 18.0 18.0
0 854.0 182.5 22.0 27.0
0 921.0 197.5 22.0 29.0
0 937.5 177.5 23.0 27.0
0 874.0 163.0 22.0 28.0
0 930.0 141.5 16.0 25.0
0 948.0 136.5 14.0 19.0
0 951.5 122.0 15.0 14.0
0 946.5 106.0 15.0 16.0
0 913.5 98.5 15.0 17.0
0 898.0 130.5 18.0 19.0
0 865.0 112.0 16.0 16.0
0 848.0 134.0 18.0 22.0
0 854.0 118.5 16.0 15.0
0 856.0 85.5 14.0 15.0
