0 219.5 204.5 45.0 49.0
0 320.5 132.0 25.0 26.0
0 335.0 110.5 24.0 25.0
0 359.5 116.5 15.0 25.0
0 414.5 114.5 15.0 23.0
0 429.0 82.5 16.0 19.0
0 425.5 99.0 23.0 24.0
0 451.0 116.0 22.0 26.0
0 452.5 90.5 15.0 19.0
0 465.0 79.0 14.0 14.0
0 472.0 89.5 20.0 21.0
0 484.5 102.0 21.0 20.0
0 475.5 121.5 29.0 31.0
0 502.5 83.5 19.0 21.0
0 511.5 157.0 29.0 30.0
0 539.0 102.5 20.0 23.0
0 538.0 80.5 18.0 21.0
0 521.0 69.5 14.0 17.0
0 561.5 103.0 17.0 20.0
0 563.5 83.0 13.0 18.0
0 576.5 77.5 17.0 17.0
0 590.0 61.5 16.0 13.0
0 587.5 98.5 27.0 21.0
0 597.0 86.5 16.0 23.0
0 610.0 73.5 16.0 25.0
0 621.5 59.5 13.0 19.0
0 635.0 62.5 10.0 19.0
0 639.0 85.5 24.0 19.0
0 648.0 66.5 14.0 19.0
0 661.0 73.5 14.0 21.0
0 669.5 64.0 9.0 16.0
0 690.0 81.5 16.0 19.0
0 704.5 77.5 13.0 21.0
0 633.0 107.0 20.0 20.0
0 574.5 132.5 27.0 25.0
0 588.0 163.0 28.0 32.0
0 632.0 169.5 28.0 39.0
0 676.5 119.5 21.0 21.0
0 672.5 146.5 25.0 25.0
0 691.5 181.0 31.0 40.0
0 726.0 131.5 30.0 31.0
0 745.5 98.0 19.0 22.0
0 752.0 75.0 20.0 24.0
0 729.5 198.0 35.0 40.0
0 769.0 70.5 14.0 15.0
0 775.0 87.0 18.0 24.0
0 792.5 75.5 17.0 23.0
0 789.5 99.5 19.0 23.0
0 819.5 203.0 35.0 38.0
0 815.5 161.0 33.0 40.0
0 808.0 117.0 20.0 26.0
0 822.5 106.5 15.0 25.0
0 851.5 90.0 17.0 20.0
0 840.0 102.5 16.0 23.0
0 838.5 118.5 19.0 25.0
0 860.0 174.0 24.0 36.0
0 900.5 243.0 29.0 48.0
0 925.5 191.5 29.0 39.0
0 876.5 102.5 17.0 21.0
0 857.5 109.0 25.0 20.0
0 887.5 92.0 17.0 22.0
0 890.5 138.5 25.0 33.0
0 928.5 142.0 23.0 26.0
0 942.5 134.5 17.0 19.0
0 946.5 113.5 23.0 19.0
0 922.0 108.5 20.0 27.0
0 941.5 96.0 13.0 16.0
0 926.5 92.5 13.0 13.0
0 940.0 163.5 34.0 31.0
0 904.5 115.5 25.0 29.0
0 721.5 97.0 29.0 22.0
0 550.5 78.5 17.0 19.0
0 712.0 117.5 18.0 25.0
