0 18.0 308.5 28.0 47.0
0 292.5 160.5 23.0 31.0
0 319.5 158.5 21.0 27.0
0 342.5 149.5 25.0 25.0
0 408.5 141.0 17.0 22.0
0 445.5 142.0 17.0 22.0
0 489.0 152.0 22.0 34.0
0 560.5 191.5 27.0 27.0
0 463.0 127.5 20.0 23.0
0 479.5 116.0 13.0 18.0
0 520.0 149.5 22.0 19.0
0 533.5 109.5 19.0 25.0
0 561.5 119.0 21.0 24.0
0 618.0 149.0 26.0 26.0
0 647.5 126.0 23.0 24.0
0 615.5 100.0 13.0 26.0
0 636.5 91.0 19.0 24.0
0 668.0 103.5 24.0 25.0
0 690.0 99.0 18.0 24.0
0 710.0 93.5 16.0 23.0
0 714.5 135.0 23.0 30.0
0 743.0 120.0 16.0 16.0
0 769.0 119.0 22.0 20.0
0 787.0 107.0 14.0 22.0
0 748.5 81.5 19.0 21.0
0 772.5 72.0 21.0 22.0
0 809.5 76.0 23.0 24.0
0 840.5 91.5 13.0 19.0
0 845.5 111.5 19.0 13.0
0 846.5 141.5 31.0 25.0
0 735.5 198.0 19.0 24.0
0 768.0 222.5 22.0 37.0
0 841.5 238.0 29.0 32.0
0 917.0 248.0 30.0 38.0
0 1016.0 275.5 32.0 47.0
0 1094.5 299.0 29.0 48.0
0 1113.5 247.5 29.0 35.0
0 1206.0 266.0 36.0 42.0
0 1203.0 223.0 20.0 30.0
0 1178.5 209.0 31.0 24.0
0 1102.0 200.0 34.0 34.0
0 1038.5 183.0 25.0 30.0
0 979.5 169.0 23.0 26.0
0 1013.5 155.0 17.0 26.0
0 1048.5 136.0 25.0 22.0
0 950.0 138.5 20.0 27.0
0 918.5 163.0 27.0 34.0
0 888.5 127.5 23.0 31.0
0 881.5 97.0 19.0 24.0
0 916.5 91.5 11.0 25.0
0 887.5 78.5 15.0 13.0
0 972.5 118.5 19.0 23.0
0 996.0 120.0 20.0 22.0
0 1019.0 113.0 14.0 30.0
0 1038.0 115.5 12.0 29.0
0 1110.5 143.0 19.0 22.0
0 1152.0 138.5 18.0 11.0
0 1149.0 154.5 18.0 19.0
0 1134.0 167.0 20.0 20.0
0 1184.5 159.5 21.0 21.0
0 1204.0 143.5 14.0 21.0
0 1256.0 161.0 16.0 20.0
0 1231.5 189.0 25.0 22.0
0 1247.0 219.5 26.0 29.0
0 776.5 179.0 27.0 30.0
