0 213.0 280.5 48.0 65.0
0 271.0 268.0 48.0 60.0
0 341.5 172.0 23.0 24.0
0 401.0 158.0 24.0 28.0
0 445.0 146.5 24.0 19.0
0 480.5 138.0 25.0 24.0
0 487.5 116.0 23.0 22.0
0 508.5 122.0 23.0 18.0
0 497.0 95.0 14.0 14.0
0 503.0 96.0 14.0 16.0
0 518.0 57.0 20.0 18.0
0 531.5 94.5 15.0 17.0
0 571.5 87.5 19.0 19.0
0 579.5 120.5 23.0 25.0
0 591.5 96.0 17.0 20.0
0 626.0 92.0 20.0 22.0
0 560.5 106.5 21.0 19.0
0 464.5 171.0 29.0 32.0
0 513.0 200.0 32.0 32.0
0 702.0 161.0 22.0 30.0
0 741.0 95.0 18.0 26.0
0 763.5 90.0 15.0 22.0
0 783.5 97.0 19.0 20.0
0 803.5 84.5 17.0 21.0
0 813.0 111.5 18.0 25.0
0 858.5 115.5 21.0 27.0
0 874.0 82.5 12.0 25.0
0 932.0 130.5 18.0 29.0
0 817.5 177.5 25.0 33.0
0 770.5 175.5 27.0 35.0
