0 153.0 319.0 52.0 60.0
0 249.0 231.5 18.0 23.0
0 283.0 233.5 22.0 31.0
0 318.0 248.5 22.0 25.0
0 374.5 247.0 21.0 30.0
0 319.5 208.0 19.0 24.0
0 397.5 219.5 19.0 21.0
0 400.5 196.0 19.0 22.0
0 439.5 224.5 17.0 21.0
0 465.0 225.0 20.0 26.0
0 520.0 233.0 22.0 28.0
0 452.0 172.5 18.0 19.0
0 488.0 174.0 16.0 18.0
0 509.0 175.0 14.0 18.0
0 496.0 207.5 16.0 21.0
0 467.0 202.0 18.0 18.0
0 543.5 206.0 15.0 18.0
0 583.0 215.5 22.0 23.0
0 528.5 164.0 15.0 18.0
0 539.5 153.5 13.0 15.0
0 543.0 178.0 16.0 18.0
0 569.5 175.5 13.0 21.0
0 585.0 171.0 14.0 18.0
0 594.0 158.0 14.0 16.0
0 629.5 169.5 15.0 21.0
0 642.5 188.0 19.0 26.0
0 669.0 169.5 18.0 21.0
0 659.0 143.0 16.0 16.0
0 698.0 162.5 18.0 23.0
0 704.0 144.0 14.0 18.0
0 709.5 132.5 13.0 19.0
0 728.5 143.5 13.0 19.0
0 742.5 142.5 15.0 23.0
0 783.0 137.0 16.0 14.0
0 805.0 149.0 16.0 22.0
0 788.5 152.0 15.0 20.0
0 740.0 166.0 16.0 16.0
0 583.0 259.0 32.0 40.0
0 620.5 246.0 23.0 30.0
0 635.0 272.5 28.0 37.0
0 689.5 254.0 25.0 36.0
0 696.5 222.0 25.0 24.0
0 736.0 206.0 18.0 22.0
0 756.0 228.5 24.0 31.0
0 783.0 186.5 20.0 23.0
0 809.5 191.5 19.0 29.0
0 826.5 167.5 15.0 21.0
0 713.0 289.5 32.0 43.0
0 745.5 322.0 43.0 38.0
0 823.0 374.0 38.0 50.0
0 777.0 258.0 30.0 36.0
0 810.0 241.5 30.0 33.0
0 849.0 272.5 26.0 33.0
0 921.0 288.5 30.0 39.0
0 956.0 243.0 22.0 32.0
0 835.5 202.0 21.0 26.0
0 868.5 170.0 19.0 20.0
0 863.0 156.0 16.0 18.0
0 881.0 150.0 16.0 22.0
0 919.0 156.0 16.0 20.0
0 920.5 177.5 19.0 19.0
0 901.5 189.5 17.0 25.0
0 983.5 352.0 35.0 46.0
0 998.5 302.5 29.0 43.0
0 1087.0 316.0 32.0 40.0
0 1081.5 269.0 23.0 34.0
0 1015.5 254.5 25.0 35.0
0 960.0 197.5 22.0 25.0
0 956.0 163.5 22.0 19.0
0 995.0 171.5 20.0 25.0
0 1002.0 182.0 14.0 22.0
0 992.0 205.0 16.0 20.0
0 1014.5 179.5 15.0 27.0
0 1032.0 170.5 16.0 23.0
0 1057.0 185.5 16.0 23.0
0 1111.5 185.0 15.0 22.0
0 1076.5 224.0 21.0 26.0
0 1025.0 226.0 20.0 28.0
0 1099.5 239.0 19.0 28.0
0 1106.0 210.5 12.0 17.0
0 1078.5 208.5 17.0 23.0
