0 889.0 93.5 12.0 19.0
0 915.5 94.0 13.0 18.0
0 862.0 86.5 12.0 17.0
0 871.0 98.5 14.0 19.0
0 916.5 110.0 13.0 18.0
0 909.5 128.5 15.0 21.0
0 910.5 138.0 15.0 22.0
0 905.5 153.5 15.0 23.0
0 904.5 183.0 19.0 30.0
0 831.0 164.5 20.0 31.0
0 812.5 195.5 23.0 39.0
0 848.0 157.0 20.0 26.0
0 854.5 132.5 17.0 23.0
0 856.5 114.0 19.0 22.0
0 851.5 91.5 13.0 19.0
0 844.5 95.5 13.0 19.0
0 823.0 82.0 14.0 16.0
0 809.5 90.5 13.0 19.0
0 819.5 115.5 17.0 23.0
0 776.0 109.5 14.0 19.0
0 763.5 76.5 11.0 17.0
0 753.5 102.0 15.0 22.0
0 791.5 148.5 17.0 27.0
0 824.0 107.0 14.0 22.0
0 738.0 69.5 14.0 17.0
0 740.0 80.5 14.0 21.0
0 723.5 92.5 13.0 21.0
0 759.0 145.0 24.0 28.0
0 794.0 110.0 16.0 22.0
0 737.0 185.0 26.0 40.0
0 662.0 182.5 30.0 35.0
0 703.5 130.5 17.0 25.0
0 708.0 77.5 14.0 21.0
0 693.0 88.5 16.0 19.0
0 611.5 161.0 25.0 34.0
0 620.0 134.0 18.0 24.0
0 627.5 108.0 17.0 24.0
0 659.0 115.0 18.0 28.0
0 653.0 142.0 20.0 30.0
0 644.0 96.5 18.0 23.0
0 638.5 75.5 13.0 15.0
0 672.0 68.0 12.0 16.0
0 689.5 68.0 9.0 14.0
0 634.5 58.5 9.0 17.0
0 647.5 61.5 9.0 13.0
0 659.5 66.0 9.0 14.0
0 598.0 57.0 12.0 16.0
0 613.5 66.5 11.0 13.0
0 611.5 83.5 13.0 19.0
0 576.0 60.0 10.0 14.0
0 584.5 77.0 15.0 18.0
0 573.5 90.0 13.0 20.0
0 579.0 136.5 22.0 31.0
0 571.0 152.5 26.0 29.0
0 516.5 146.0 23.0 32.0
0 541.5 98.5 13.0 19.0
0 549.0 88.0 14.0 22.0
0 537.5 67.0 13.0 14.0
0 524.0 83.5 12.0 19.0
0 522.0 75.0 12.0 18.0
0 493.5 79.0 13.0 18.0
0 507.0 69.5 10.0 15.0
0 514.0 70.0 10.0 16.0
0 481.5 78.5 11.0 17.0
0 482.0 117.0 18.0 24.0
0 511.5 88.0 11.0 20.0
0 431.0 84.5 12.0 15.0
0 454.5 94.0 15.0 20.0
0 465.0 103.5 16.0 21.0
0 438.0 113.5 20.0 27.0
0 402.0 109.5 16.0 21.0
0 325.0 100.0 12.0 18.0
0 341.5 110.5 15.0 19.0
0 308.0 124.0 16.0 22.0
0 108.0 242.0 44.0 56.0
0 681.5 116.5 17.0 21.0
