0 276.5 148.0 11.0 16.0
0 286.5 143.0 9.0 16.0
0 306.0 152.0 20.0 28.0
0 373.5 146.0 23.0 34.0
0 403.5 156.0 19.0 22.0
0 374.0 114.5 16.0 17.0
0 419.5 128.5 17.0 19.0
0 458.5 132.0 19.0 24.0
0 430.0 94.0 12.0 14.0
0 463.0 107.0 16.0 20.0
0 480.5 94.5 17.0 15.0
0 493.5 108.0 13.0 22.0
0 513.0 94.5 12.0 19.0
0 532.5 117.5 19.0 23.0
0 540.5 96.5 13.0 17.0
0 559.0 99.5 16.0 19.0
0 547.0 72.0 12.0 16.0
0 573.0 63.5 12.0 13.0
0 580.5 76.0 13.0 18.0
0 598.5 98.0 23.0 20.0
0 604.0 79.5 12.0 17.0
0 620.5 89.0 15.0 16.0
0 611.5 60.0 11.0 14.0
0 634.0 58.5 10.0 15.0
0 658.5 59.5 11.0 15.0
0 690.0 60.5 12.0 15.0
0 722.0 58.0 10.0 16.0
0 662.0 76.5 12.0 15.0
0 508.5 171.5 29.0 31.0
0 546.5 190.5 23.0 27.0
0 572.5 145.0 23.0 24.0
0 625.5 121.5 21.0 21.0
0 625.0 153.0 20.0 24.0
0 630.0 186.0 34.0 38.0
0 675.5 100.0 19.0 22.0
0 701.0 89.0 14.0 18.0
0 678.0 122.5 24.0 23.0
0 695.0 190.5 26.0 39.0
0 728.0 154.0 26.0 28.0
0 724.0 135.5 24.0 17.0
0 727.0 105.5 16.0 25.0
0 753.0 107.5 20.0 29.0
0 773.0 127.5 20.0 31.0
0 784.0 160.0 30.0 32.0
0 773.5 191.5 35.0 37.0
0 812.5 235.0 33.0 44.0
0 799.0 91.0 16.0 24.0
0 809.5 123.0 17.0 28.0
0 848.5 79.5 15.0 17.0
0 862.5 68.5 11.0 19.0
0 882.5 82.0 15.0 16.0
0 898.0 72.5 10.0 17.0
0 911.0 86.5 12.0 13.0
0 923.0 81.0 14.0 18.0
0 947.5 94.0 13.0 20.0
0 904.0 98.5 18.0 19.0
0 847.5 117.5 19.0 29.0
0 899.0 121.5 22.0 25.0
0 949.0 123.0 16.0 22.0
0 829.5 138.5 23.0 23.0
0 888.0 147.0 18.0 26.0
0 950.0 147.0 18.0 24.0
0 865.0 192.0 26.0 36.0
0 939.5 171.0 29.0 32.0
0 926.0 231.5 30.0 45.0
0 854.0 89.0 16.0 20.0
0 629.5 77.5 15.0 17.0
0 506.5 112.0 15.0 20.0
0 399.5 114.5 13.0 19.0
0 408.5 115.5 17.0 21.0
