0 78.5 245.0 45.0 50.0
0 350.0 154.0 20.0 22.0
0 333.5 139.5 17.0 15.0
0 351.0 136.0 16.0 16.0
0 374.5 138.0 19.0 24.0
0 389.5 145.5 19.0 27.0
0 411.0 156.5 24.0 31.0
0 389.0 117.0 18.0 20.0
0 423.5 132.0 21.0 24.0
0 410.5 115.5 19.0 23.0
0 434.5 113.5 19.0 23.0
0 480.5 113.0 19.0 22.0
0 500.0 139.0 20.0 24.0
0 486.0 137.5 18.0 21.0
0 502.0 123.0 16.0 16.0
0 505.0 106.0 14.0 20.0
0 521.5 119.5 21.0 25.0
0 565.5 123.0 21.0 26.0
0 555.5 102.5 21.0 27.0
0 578.0 93.0 16.0 24.0
0 595.5 38.5 17.0 17.0
0 618.5 38.0 15.0 16.0
0 662.0 40.0 16.0 18.0
0 707.5 29.0 17.0 16.0
0 740.0 32.0 16.0 22.0
0 773.5 39.5 15.0 19.0
0 659.0 89.5 22.0 21.0
0 655.5 74.0 17.0 14.0
0 616.5 86.0 13.0 16.0
0 600.0 73.5 16.0 19.0
0 608.5 102.0 19.0 20.0
0 632.5 80.0 13.0 16.0
0 532.0 198.5 28.0 35.0
0 601.5 184.0 31.0 38.0
0 645.0 196.5 36.0 41.0
0 652.0 143.5 30.0 35.0
0 673.5 123.0 21.0 26.0
0 694.5 119.5 23.0 31.0
0 715.0 125.5 24.0 31.0
0 720.5 153.5 25.0 31.0
0 760.5 132.0 29.0 32.0
0 748.5 112.5 19.0 19.0
0 748.0 86.5 22.0 25.0
0 761.5 88.5 19.0 21.0
0 808.5 80.0 19.0 24.0
0 817.5 97.0 19.0 22.0
0 786.0 119.5 24.0 31.0
0 767.5 167.0 29.0 38.0
0 818.0 135.5 30.0 35.0
0 833.0 178.5 30.0 35.0
0 838.0 84.0 20.0 24.0
0 857.5 94.0 21.0 26.0
0 900.0 106.0 24.0 28.0
0 914.5 96.5 21.0 23.0
0 945.5 117.5 21.0 27.0
0 953.0 98.0 24.0 26.0
0 923.0 151.5 28.0 33.0
0 896.0 193.0 38.0 44.0
0 972.5 151.0 27.0 34.0
0 1035.0 203.5 42.0 51.0
