0 91.5 363.5 47.0 61.0
0 272.5 256.5 25.0 23.0
0 332.0 246.0 26.0 24.0
0 366.0 258.5 26.0 27.0
0 410.5 258.5 29.0 25.0
0 355.5 216.0 19.0 20.0
0 447.5 233.5 15.0 15.0
0 478.0 244.5 28.0 23.0
0 444.0 208.5 24.0 25.0
0 508.0 245.0 18.0 24.0
0 550.5 244.5 19.0 23.0
0 504.0 218.0 28.0 18.0
0 503.0 198.5 20.0 13.0
0 490.5 184.0 17.0 16.0
0 549.0 220.0 24.0 22.0
0 555.0 190.5 24.0 21.0
0 530.5 186.5 27.0 23.0
0 619.5 279.5 29.0 35.0
0 678.5 289.5 31.0 33.0
0 666.0 251.5 30.0 27.0
0 623.0 234.0 34.0 32.0
0 570.5 222.5 21.0 27.0
0 624.0 187.5 20.0 21.0
0 720.0 206.0 18.0 20.0
0 739.0 234.5 22.0 27.0
0 798.5 239.0 25.0 30.0
0 858.0 243.0 24.0 30.0
0 809.0 269.5 26.0 25.0
0 762.5 309.0 33.0 30.0
0 756.0 266.0 28.0 32.0
0 661.5 181.5 11.0 15.0
0 644.5 212.0 15.0 20.0
0 645.0 168.5 16.0 17.0
0 580.5 173.5 15.0 17.0
0 679.5 165.5 15.0 19.0
0 749.5 164.5 15.0 19.0
0 755.0 148.0 16.0 14.0
0 740.0 183.0 16.0 16.0
0 778.5 181.5 17.0 19.0
0 714.0 174.5 14.0 15.0
0 832.0 168.5 10.0 17.0
0 847.5 163.5 13.0 15.0
0 838.0 190.5 16.0 23.0
0 869.5 184.0 15.0 20.0
0 915.0 162.0 12.0 20.0
0 958.5 173.0 13.0 18.0
0 997.5 178.5 17.0 17.0
0 1032.0 188.0 12.0 22.0
0 1076.5 187.5 9.0 23.0
0 1049.0 200.0 14.0 22.0
0 1064.0 201.0 12.0 22.0
0 1098.5 204.0 17.0 30.0
0 1082.5 232.5 21.0 25.0
0 1041.0 225.5 20.0 21.0
0 1005.5 217.0 19.0 18.0
0 939.5 205.5 19.0 23.0
0 892.5 211.0 19.0 22.0
0 1012.5 245.0 19.0 28.0
0 993.0 264.0 24.0 30.0
0 1052.5 272.0 19.0 28.0
0 1097.0 286.0 22.0 26.0
0 1039.0 311.0 22.0 30.0
0 952.0 316.0 22.0 38.0
0 897.0 280.5 20.0 33.0
0 817.0 312.5 36.0 33.0
0 868.0 384.0 40.0 52.0
0 1017.0 373.0 36.0 40.0
0 1139.5 251.0 15.0 24.0
0 1150.0 195.5 12.0 17.0
0 1112.0 327.5 24.0 33.0
0 1054.0 249.0 28.0 20.0
0 779.5 214.5 27.0 27.0
0 907.0 194.5 16.0 25.0
0 904.0 177.0 18.0 24.0
0 952.5 189.0 15.0 30.0
0 782.5 170.0 19.0 22.0
0 712.0 161.5 22.0 17.0
0 818.5 161.0 13.0 20.0
0 1007.5 200.0 19.0 22.0
