0 192.0 262.5 44.0 47.0
0 288.0 127.0 20.0 20.0
0 337.0 122.0 18.0 20.0
0 353.5 140.0 19.0 24.0
0 437.5 141.0 27.0 26.0
0 377.0 157.5 24.0 23.0
0 327.0 111.5 16.0 17.0
0 348.0 108.0 16.0 20.0
0 383.0 106.0 16.0 20.0
0 393.0 112.5 18.0 23.0
0 446.0 119.0 20.0 26.0
0 421.0 84.0 18.0 16.0
0 437.0 94.0 16.0 22.0
0 448.5 86.5 15.0 19.0
0 471.5 94.5 19.0 21.0
0 477.0 119.0 24.0 26.0
0 516.5 122.5 23.0 25.0
0 514.5 100.5 21.0 21.0
0 476.5 76.5 13.0 15.0
0 491.0 81.5 12.0 21.0
0 497.0 69.5 16.0 15.0
0 510.0 79.5 18.0 21.0
0 538.5 89.0 17.0 18.0
0 558.5 108.0 25.0 22.0
0 588.5 99.0 19.0 18.0
0 583.5 82.5 15.0 17.0
0 574.5 83.0 11.0 16.0
0 562.5 77.0 11.0 12.0
0 564.0 90.5 16.0 17.0
0 549.5 74.0 15.0 16.0
0 526.5 71.5 17.0 17.0
0 582.0 65.0 14.0 18.0
0 594.0 66.0 10.0 16.0
0 604.0 81.5 16.0 17.0
0 624.5 86.0 17.0 20.0
0 619.5 68.0 17.0 16.0
0 641.0 65.0 14.0 16.0
0 658.0 75.0 14.0 18.0
0 663.0 56.0 16.0 16.0
0 677.5 65.5 13.0 17.0
0 691.0 67.0 12.0 16.0
0 701.5 56.0 13.0 14.0
0 720.0 56.5 16.0 19.0
0 527.0 153.5 32.0 39.0
0 549.5 161.5 27.0 35.0
0 580.5 132.0 29.0 28.0
0 603.0 192.0 34.0 36.0
0 630.5 151.0 29.0 28.0
0 642.0 119.5 20.0 25.0
0 687.0 157.5 28.0 35.0
0 705.5 176.5 31.0 39.0
0 692.5 97.0 23.0 24.0
0 713.5 106.0 23.0 26.0
0 738.0 128.5 20.0 29.0
0 754.0 114.5 18.0 25.0
0 765.0 101.5 18.0 19.0
0 734.0 80.0 18.0 22.0
0 762.0 78.5 16.0 19.0
0 775.0 89.0 18.0 22.0
0 771.0 71.0 14.0 14.0
0 795.0 74.0 18.0 20.0
0 821.0 86.0 18.0 20.0
0 779.0 136.0 26.0 30.0
0 801.0 141.0 28.0 30.0
0 807.0 124.0 22.0 24.0
0 717.5 162.5 27.0 27.0
0 786.5 224.5 35.0 43.0
0 832.5 232.0 35.0 40.0
0 907.5 238.0 35.0 46.0
0 922.0 199.5 28.0 37.0
0 939.0 173.5 26.0 33.0
0 937.0 131.5 22.0 27.0
0 894.5 134.0 19.0 24.0
0 872.5 158.5 25.0 29.0
0 850.0 184.0 32.0 36.0
0 801.0 177.5 28.0 35.0
