0 208.5 248.0 51.0 56.0
0 268.0 158.0 22.0 24.0
0 297.5 147.0 19.0 22.0
0 326.0 147.0 22.0 20.0
0 320.0 129.0 22.0 18.0
0 345.0 129.5 22.0 23.0
0 337.0 158.0 20.0 24.0
0 357.5 161.5 25.0 27.0
0 388.0 159.5 26.0 25.0
0 421.5 164.5 27.0 31.0
0 443.5 146.0 21.0 20.0
0 437.5 129.5 19.0 23.0
0 395.5 118.5 19.0 23.0
0 421.5 104.0 17.0 20.0
0 437.5 107.0 21.0 24.0
0 481.0 133.5 24.0 31.0
0 467.5 92.0 21.0 24.0
0 480.0 85.0 16.0 20.0
0 494.0 91.5 18.0 23.0
0 497.0 120.0 20.0 20.0
0 526.5 107.5 21.0 23.0
0 521.0 71.5 12.0 15.0
0 527.5 78.5 13.0 17.0
0 541.5 89.0 17.0 18.0
0 561.5 111.5 21.0 25.0
0 568.5 86.0 19.0 22.0
0 613.0 94.0 16.0 18.0
0 629.0 91.0 12.0 16.0
0 633.5 73.0 11.0 14.0
0 644.0 79.0 16.0 16.0
0 618.5 60.0 17.0 16.0
0 674.5 63.0 15.0 16.0
0 685.5 72.0 17.0 16.0
0 668.5 99.5 21.0 25.0
0 708.5 96.5 21.0 25.0
0 689.0 127.5 24.0 25.0
0 653.0 146.5 22.0 29.0
0 644.5 127.5 23.0 27.0
0 592.0 143.5 26.0 25.0
0 576.5 177.0 31.0 32.0
0 540.5 163.5 29.0 27.0
0 695.0 190.0 38.0 42.0
0 673.5 161.0 31.0 34.0
0 729.5 135.5 25.0 25.0
0 736.0 110.0 22.0 26.0
0 734.5 168.0 33.0 36.0
0 772.0 141.0 30.0 32.0
0 767.0 114.0 22.0 24.0
0 757.5 90.0 15.0 18.0
0 772.0 90.0 20.0 24.0
0 789.5 103.5 19.0 23.0
0 813.5 107.5 21.0 25.0
0 803.5 88.5 19.0 19.0
0 796.0 69.5 14.0 19.0
0 819.0 84.5 18.0 17.0
0 826.5 75.5 17.0 21.0
0 862.5 81.0 17.0 28.0
0 834.5 102.0 19.0 22.0
0 854.5 102.5 13.0 19.0
0 880.0 105.5 20.0 21.0
0 871.5 121.5 17.0 21.0
0 852.5 133.0 27.0 36.0
0 807.0 166.5 30.0 35.0
0 814.0 200.5 42.0 41.0
0 886.0 168.5 30.0 39.0
0 899.0 140.0 26.0 30.0
0 911.0 125.0 18.0 28.0
0 918.0 109.5 20.0 23.0
0 908.0 86.5 18.0 23.0
0 948.0 158.5 24.0 33.0
