0 164.5 213.0 33.0 40.0
0 185.5 212.0 43.0 52.0
0 279.5 174.0 21.0 22.0
0 317.0 163.5 22.0 21.0
0 346.0 148.0 20.0 22.0
0 352.5 135.5 13.0 15.0
0 370.5 132.5 17.0 21.0
0 393.0 151.0 18.0 24.0
0 388.0 134.5 12.0 17.0
0 405.5 140.5 17.0 19.0
0 413.5 121.5 19.0 23.0
0 440.5 104.0 13.0 18.0
0 455.0 114.5 26.0 21.0
0 459.0 135.0 20.0 22.0
0 486.5 135.5 19.0 19.0
0 502.0 154.0 34.0 28.0
0 482.0 114.5 18.0 23.0
0 489.5 104.5 15.0 17.0
0 506.0 115.5 16.0 19.0
0 503.0 96.5 16.0 15.0
0 521.5 100.0 21.0 20.0
0 523.5 116.0 23.0 20.0
0 557.0 128.0 22.0 24.0
0 522.5 77.5 13.0 15.0
0 571.5 83.0 11.0 20.0
0 585.0 100.0 18.0 18.0
0 586.5 83.5 15.0 19.0
0 606.5 86.0 13.0 20.0
0 609.0 112.0 20.0 22.0
0 618.0 97.5 16.0 15.0
0 659.5 91.0 19.0 20.0
0 641.0 66.5 16.0 19.0
0 683.5 62.5 15.0 19.0
0 692.5 58.5 11.0 15.0
0 671.0 36.5 16.0 15.0
0 725.5 39.5 17.0 17.0
0 753.0 36.0 16.0 18.0
0 607.0 152.0 26.0 30.0
0 573.0 214.5 40.0 35.0
0 522.5 182.5 27.0 33.0
0 637.0 213.0 28.0 38.0
0 719.0 217.0 32.0 44.0
0 707.5 177.5 31.0 31.0
0 646.0 162.5 28.0 29.0
0 670.0 129.0 28.0 28.0
0 700.5 108.0 25.0 22.0
0 714.5 129.5 23.0 29.0
0 740.5 135.0 29.0 34.0
0 739.0 115.5 24.0 23.0
0 740.0 94.0 18.0 20.0
0 774.0 100.5 18.0 17.0
0 775.0 85.5 16.0 19.0
0 800.5 91.5 17.0 21.0
0 800.0 107.5 20.0 25.0
0 791.5 122.0 27.0 26.0
0 801.0 156.0 30.0 38.0
0 771.5 175.0 31.0 36.0
0 844.5 190.5 29.0 35.0
0 865.5 145.5 25.0 31.0
0 844.5 115.0 21.0 22.0
0 841.5 77.0 17.0 20.0
0 854.0 89.0 18.0 20.0
0 879.5 102.0 17.0 22.0
0 892.5 89.5 17.0 23.0
0 906.0 101.0 20.0 24.0
0 915.0 87.0 16.0 18.0
0 922.5 77.0 13.0 18.0
0 958.0 118.5 20.0 25.0
0 932.5 144.5 21.0 31.0
0 976.0 174.0 28.0 32.0
0 990.5 121.5 15.0 21.0
0 994.5 97.5 15.0 19.0
0 953.0 93.5 14.0 19.0
0 962.0 86.5 18.0 17.0
