0 83.0 163.0 26.0 30.0
0 283.0 133.5 20.0 19.0
0 298.0 140.0 22.0 18.0
0 338.0 108.5 16.0 19.0
0 358.0 111.5 18.0 19.0
0 363.0 130.5 22.0 23.0
0 383.0 136.0 20.0 24.0
0 382.0 115.5 18.0 19.0
0 399.0 118.5 20.0 19.0
0 389.5 100.5 17.0 17.0
0 411.0 99.5 14.0 17.0
0 428.0 115.5 18.0 21.0
0 414.5 138.0 23.0 22.0
0 452.5 141.0 23.0 26.0
0 466.0 121.5 20.0 23.0
0 454.5 115.5 17.0 19.0
0 432.5 94.0 15.0 14.0
0 450.0 93.5 16.0 19.0
0 494.5 86.0 15.0 16.0
0 505.5 88.5 17.0 19.0
0 510.0 106.5 16.0 19.0
0 510.0 77.0 12.0 14.0
0 520.5 86.5 15.0 17.0
0 533.0 104.0 18.0 16.0
0 547.5 92.5 19.0 17.0
0 531.0 80.0 14.0 12.0
0 561.5 80.5 15.0 15.0
0 559.5 71.5 11.0 9.0
0 577.5 93.5 15.0 17.0
0 567.5 107.5 21.0 23.0
0 585.5 82.0 13.0 16.0
0 617.0 96.0 16.0 18.0
0 601.0 81.5 14.0 15.0
0 622.5 74.5 15.0 17.0
0 635.0 80.0 16.0 18.0
0 652.0 70.0 14.0 16.0
0 668.5 65.0 13.0 12.0
0 674.0 73.0 14.0 18.0
0 654.5 92.0 13.0 18.0
0 693.0 78.5 14.0 19.0
0 698.0 67.0 12.0 14.0
0 719.5 68.5 13.0 17.0
0 603.5 130.5 25.0 25.0
0 634.5 121.5 25.0 25.0
0 649.0 146.5 24.0 29.0
0 677.5 105.5 19.0 23.0
0 695.0 129.0 22.0 22.0
0 703.0 148.5 24.0 27.0
0 708.5 189.0 35.0 44.0
0 761.5 220.0 41.0 38.0
0 727.0 107.0 20.0 24.0
0 712.5 104.0 17.0 18.0
0 748.0 100.0 18.0 22.0
0 745.5 84.5 17.0 19.0
0 774.0 79.5 14.0 19.0
0 793.5 79.5 11.0 15.0
0 801.0 84.5 12.0 15.0
0 809.5 99.0 15.0 18.0
0 811.0 122.5 20.0 23.0
0 779.5 144.0 25.0 28.0
0 747.5 139.0 23.0 26.0
0 769.5 115.0 19.0 22.0
0 808.5 170.0 27.0 30.0
0 834.5 148.0 21.0 34.0
0 835.0 120.5 18.0 23.0
0 845.0 102.5 16.0 19.0
0 820.0 80.5 12.0 15.0
0 838.0 83.5 12.0 17.0
0 854.0 93.5 12.0 17.0
0 870.5 91.0 13.0 20.0
0 889.5 96.5 17.0 19.0
0 882.5 111.5 15.0 21.0
0 868.0 130.0 18.0 20.0
0 855.5 126.5 17.0 25.0
0 930.5 184.5 27.0 35.0
0 904.0 135.5 20.0 25.0
0 907.5 120.5 19.0 21.0
0 918.0 111.5 18.0 19.0
0 921.0 99.5 16.0 15.0
0 927.0 89.0 12.0 16.0
0 936.5 149.0 17.0 26.0
0 957.5 137.0 15.0 22.0
0 950.0 120.5 14.0 19.0
0 970.0 114.5 12.0 19.0
