0 134.5 131.0 15.0 20.0
0 296.5 120.5 17.0 21.0
0 336.0 107.5 18.0 19.0
0 361.0 113.0 20.0 20.0
0 389.0 103.5 18.0 21.0
0 400.0 87.0 14.0 16.0
0 412.0 89.0 16.0 22.0
0 429.5 91.0 19.0 20.0
0 439.0 81.5 14.0 15.0
0 461.0 77.0 14.0 18.0
0 470.0 73.5 12.0 17.0
0 484.0 67.0 14.0 14.0
0 489.0 78.5 12.0 19.0
0 506.0 75.0 12.0 18.0
0 504.0 54.5 12.0 15.0
0 516.5 86.0 15.0 16.0
0 508.0 108.0 14.0 18.0
0 487.0 119.5 16.0 23.0
0 456.0 103.5 18.0 19.0
0 435.5 124.5 19.0 21.0
0 423.0 139.5 24.0 25.0
0 530.0 90.5 14.0 21.0
0 533.0 108.0 18.0 20.0
0 532.0 78.0 16.0 12.0
0 541.0 29.5 12.0 13.0
0 551.5 67.5 15.0 19.0
0 565.0 61.0 12.0 14.0
0 585.5 61.0 11.0 16.0
0 558.0 97.5 16.0 15.0
0 614.5 70.0 13.0 18.0
0 634.0 58.0 12.0 18.0
0 631.5 74.0 13.0 16.0
0 597.0 110.0 18.0 22.0
0 591.5 149.5 21.0 27.0
0 538.0 136.5 30.0 35.0
0 657.0 55.0 12.0 12.0
0 664.0 63.0 12.0 14.0
0 686.0 59.0 12.0 16.0
0 674.5 93.5 17.0 17.0
0 701.5 89.0 17.0 18.0
0 740.0 72.5 14.0 19.0
0 762.0 74.5 14.0 17.0
0 788.0 77.5 18.0 21.0
0 771.5 121.0 17.0 24.0
0 727.0 116.0 18.0 20.0
0 740.0 137.0 22.0 28.0
0 691.5 130.0 21.0 30.0
0 663.0 145.0 26.0 32.0
0 652.5 193.0 27.0 38.0
0 703.5 164.0 25.0 28.0
0 765.0 167.5 24.0 35.0
0 783.5 145.0 19.0 26.0
0 732.0 230.0 30.0 40.0
0 806.0 200.5 26.0 37.0
0 849.0 236.0 32.0 50.0
0 809.0 178.0 28.0 26.0
0 835.0 155.5 20.0 27.0
0 850.5 136.0 19.0 24.0
0 887.0 165.5 18.0 27.0
0 900.0 123.0 14.0 16.0
