0 262.0 236.5 20.0 23.0
0 293.0 261.0 24.0 30.0
0 340.0 256.0 24.0 30.0
0 331.5 213.0 19.0 22.0
0 386.0 252.5 26.0 27.0
0 368.5 233.0 23.0 26.0
0 414.5 204.5 21.0 23.0
0 416.0 232.0 20.0 24.0
0 447.0 227.0 20.0 24.0
0 480.5 238.5 25.0 29.0
0 474.0 211.0 20.0 24.0
0 455.0 183.5 18.0 21.0
0 475.0 188.0 18.0 22.0
0 511.5 213.5 23.0 25.0
0 503.5 174.0 19.0 22.0
0 528.0 182.5 18.0 23.0
0 551.5 166.5 19.0 21.0
0 557.0 188.5 18.0 21.0
0 558.5 213.0 21.0 20.0
0 589.0 225.0 22.0 26.0
0 532.0 230.0 24.0 30.0
0 630.5 246.5 29.0 37.0
0 544.5 287.0 35.0 40.0
0 593.5 183.5 19.0 23.0
0 613.5 192.5 21.0 27.0
0 651.5 198.5 21.0 25.0
0 645.5 173.0 19.0 22.0
0 661.0 157.0 14.0 18.0
0 680.0 153.5 14.0 15.0
0 679.5 168.5 17.0 19.0
0 687.0 184.0 18.0 24.0
0 708.0 172.0 20.0 20.0
0 712.0 155.5 16.0 21.0
0 724.0 145.5 18.0 21.0
0 744.0 153.5 18.0 25.0
0 754.0 170.5 18.0 19.0
0 759.5 157.0 19.0 20.0
0 783.0 147.0 20.0 20.0
0 785.0 167.0 18.0 20.0
0 805.0 186.5 22.0 25.0
0 806.0 167.0 20.0 22.0
0 831.5 156.5 17.0 21.0
0 836.0 177.0 20.0 24.0
0 707.5 232.0 25.0 30.0
0 755.0 209.0 24.0 32.0
0 725.5 253.0 31.0 36.0
0 646.0 282.5 42.0 39.0
0 701.5 315.0 43.0 52.0
0 763.0 328.0 44.0 48.0
0 780.0 258.0 34.0 34.0
0 767.0 243.0 20.0 24.0
0 818.5 246.5 25.0 31.0
0 818.0 223.0 28.0 26.0
0 863.5 200.0 19.0 24.0
0 892.5 177.5 15.0 21.0
0 884.5 170.0 17.0 16.0
0 905.0 165.0 18.0 24.0
0 920.5 198.0 21.0 28.0
0 942.5 172.0 19.0 26.0
0 927.5 172.0 15.0 20.0
0 979.0 188.5 18.0 21.0
0 999.0 178.0 16.0 24.0
0 973.5 211.0 21.0 28.0
0 1001.5 218.0 21.0 26.0
0 1009.5 239.0 25.0 32.0
0 1031.0 260.5 24.0 39.0
0 1042.5 237.0 23.0 28.0
0 1057.5 221.0 21.0 26.0
0 1022.0 199.0 18.0 22.0
0 1044.0 174.0 16.0 24.0
0 1071.5 201.5 21.0 29.0
0 884.5 289.0 33.0 34.0
0 846.5 338.0 47.0 52.0
0 935.5 298.0 33.0 40.0
0 969.0 252.5 22.0 35.0
0 990.0 367.5 46.0 51.0
0 1013.5 325.0 33.0 42.0
0 1093.0 339.5 34.0 49.0
0 1098.0 227.5 20.0 31.0
0 1125.0 246.5 22.0 31.0
0 1116.0 213.5 16.0 21.0
0 1122.0 195.0 18.0 16.0
