0 115.5 276.0 59.0 70.0
0 289.0 140.5 20.0 23.0
0 352.0 152.0 22.0 26.0
0 351.0 126.5 22.0 27.0
0 399.5 117.0 19.0 22.0
0 419.0 123.0 18.0 22.0
0 416.0 105.0 12.0 18.0
0 433.5 105.5 15.0 19.0
0 448.0 132.0 22.0 24.0
0 434.0 149.0 24.0 24.0
0 443.5 168.0 23.0 28.0
0 522.0 137.5 20.0 27.0
0 474.0 128.0 20.0 26.0
0 473.0 106.0 16.0 20.0
0 463.5 93.0 15.0 16.0
0 509.5 102.5 15.0 21.0
0 505.0 123.5 20.0 23.0
0 538.0 126.0 20.0 24.0
0 555.5 107.0 17.0 20.0
0 544.0 90.0 14.0 14.0
0 522.0 93.0 14.0 16.0
0 508.5 86.0 11.0 14.0
0 577.0 88.5 16.0 17.0
0 585.5 128.5 23.0 27.0
0 623.0 101.5 18.0 21.0
0 614.0 78.5 14.0 19.0
0 627.0 72.5 14.0 19.0
0 640.5 83.0 17.0 20.0
0 652.5 71.0 17.0 18.0
0 666.5 82.0 17.0 20.0
0 681.5 91.5 17.0 19.0
0 677.5 75.0 13.0 16.0
0 697.5 75.0 13.0 14.0
0 700.5 88.5 17.0 17.0
0 706.5 69.0 17.0 16.0
0 729.0 69.0 14.0 14.0
0 735.5 76.0 13.0 14.0
0 762.0 75.5 12.0 15.0
0 619.0 168.0 30.0 36.0
0 605.5 155.0 27.0 30.0
0 668.5 127.0 19.0 24.0
0 672.5 152.0 27.0 28.0
0 736.0 159.0 26.0 32.0
0 715.5 130.5 23.0 27.0
0 703.0 117.5 22.0 21.0
0 757.5 115.0 17.0 20.0
0 757.5 103.5 17.0 19.0
0 785.0 91.0 16.0 22.0
0 769.5 152.0 21.0 30.0
0 791.5 162.0 21.0 34.0
0 815.0 156.0 24.0 30.0
0 797.0 129.0 22.0 22.0
0 806.0 110.5 14.0 19.0
0 815.0 90.5 18.0 27.0
0 837.0 89.0 16.0 24.0
0 853.5 97.0 15.0 20.0
0 867.5 97.5 13.0 19.0
0 880.0 89.0 12.0 16.0
0 855.0 132.5 20.0 25.0
0 853.0 177.0 28.0 36.0
0 919.0 214.5 28.0 33.0
0 979.0 236.0 34.0 38.0
0 945.0 158.0 30.0 34.0
0 901.5 146.0 19.0 24.0
0 902.0 125.0 18.0 18.0
0 889.0 109.5 14.0 17.0
0 909.5 93.0 15.0 18.0
0 919.5 118.5 17.0 21.0
0 930.0 105.0 16.0 22.0
0 952.5 101.0 15.0 20.0
0 977.0 99.0 14.0 20.0
0 957.0 128.5 18.0 21.0
0 990.0 136.0 22.0 26.0
0 995.5 155.5 19.0 23.0
0 991.5 180.5 21.0 31.0
0 1012.0 132.0 18.0 20.0
0 1005.5 107.0 15.0 18.0
0 999.5 119.5 13.0 17.0
