0 48.0 239.0 32.0 38.0
0 267.5 175.0 17.0 14.0
0 291.5 163.0 19.0 20.0
0 324.5 159.0 19.0 22.0
0 360.5 169.0 17.0 18.0
0 355.5 134.5 15.0 19.0
0 373.0 131.0 16.0 16.0
0 402.0 129.5 14.0 19.0
0 420.5 131.5 15.0 17.0
0 457.0 131.5 16.0 15.0
0 459.0 162.5 22.0 25.0
0 525.0 140.5 20.0 27.0
0 487.5 134.5 17.0 19.0
0 473.5 121.5 15.0 15.0
0 456.0 112.5 18.0 17.0
0 455.0 99.5 12.0 11.0
0 492.0 102.0 14.0 12.0
0 484.0 90.5 10.0 11.0
0 511.0 101.5 14.0 13.0
0 503.5 90.0 13.0 14.0
0 519.5 81.0 11.0 14.0
0 534.5 119.5 15.0 15.0
0 578.5 121.0 17.0 20.0
0 553.5 92.0 15.0 16.0
0 568.0 81.5 14.0 19.0
0 536.5 94.0 13.0 12.0
0 538.0 108.5 14.0 13.0
0 589.0 95.5 14.0 19.0
0 610.5 109.5 19.0 19.0
0 619.0 94.0 14.0 18.0
0 598.5 69.5 13.0 13.0
0 628.0 75.0 14.0 14.0
0 631.0 60.0 12.0 14.0
0 662.5 88.0 13.0 16.0
0 653.0 73.5 10.0 13.0
0 660.5 63.5 11.0 13.0
0 680.5 75.0 15.0 16.0
0 695.5 63.0 13.0 14.0
0 713.5 71.5 15.0 15.0
0 748.0 61.5 14.0 19.0
0 419.5 119.5 15.0 15.0
0 524.0 180.5 22.0 27.0
0 608.5 176.5 23.0 27.0
0 645.0 200.5 32.0 33.0
0 719.0 196.5 30.0 33.0
0 762.0 178.5 26.0 27.0
0 838.5 180.0 23.0 30.0
0 860.0 147.0 22.0 30.0
0 800.0 134.5 24.0 25.0
0 752.0 123.0 22.0 20.0
0 708.5 122.0 21.0 22.0
0 684.0 108.0 20.0 20.0
0 664.5 134.0 23.0 22.0
0 657.5 153.5 23.0 25.0
0 603.5 147.5 25.0 29.0
0 724.5 91.0 15.0 18.0
0 752.5 87.5 13.0 17.0
0 776.0 94.5 12.0 19.0
0 786.5 77.5 13.0 19.0
0 799.0 83.5 16.0 19.0
0 799.0 66.0 12.0 16.0
0 819.5 79.5 13.0 15.0
0 826.0 95.5 16.0 17.0
0 784.5 118.0 19.0 22.0
0 706.0 158.5 22.0 27.0
0 836.0 75.5 10.0 15.0
0 852.0 80.0 10.0 14.0
0 864.5 79.0 13.0 16.0
0 852.5 110.0 19.0 22.0
0 871.0 103.5 16.0 17.0
0 891.0 84.5 14.0 19.0
0 911.5 101.5 13.0 17.0
0 921.0 92.5 12.0 17.0
0 921.0 77.5 12.0 15.0
0 954.5 79.0 13.0 18.0
0 945.5 100.5 11.0 13.0
0 975.5 101.0 15.0 16.0
0 992.0 96.5 12.0 17.0
0 988.5 123.5 17.0 21.0
0 953.0 120.0 14.0 20.0
0 957.0 100.5 12.0 13.0
0 926.0 141.0 16.0 22.0
0 903.0 119.0 16.0 22.0
