0 867.5 120.5 15.0 21.0
0 860.5 134.5 17.0 21.0
0 893.5 167.0 21.0 28.0
0 917.5 131.5 15.0 21.0
0 959.0 140.5 12.0 19.0
0 958.5 165.0 17.0 24.0
0 939.0 202.5 22.0 33.0
0 867.5 200.0 25.0 28.0
0 818.5 184.5 25.0 39.0
0 782.5 150.0 19.0 26.0
0 750.0 172.0 22.0 34.0
0 753.5 106.0 17.0 24.0
0 683.5 116.0 15.0 22.0
0 659.0 144.5 16.0 27.0
0 700.5 152.0 25.0 28.0
0 612.0 140.0 18.0 26.0
0 601.5 105.5 15.0 21.0
0 641.5 84.0 11.0 16.0
0 524.0 88.5 12.0 17.0
0 514.0 111.0 14.0 22.0
0 560.0 115.0 16.0 24.0
0 503.5 133.5 19.0 27.0
0 432.5 130.0 15.0 20.0
0 449.0 131.5 18.0 25.0
0 409.0 147.0 20.0 26.0
0 351.0 123.5 14.0 15.0
0 352.5 147.5 19.0 23.0
