0 256.5 318.0 57.0 60.0
0 426.0 151.5 20.0 25.0
0 412.0 151.0 16.0 22.0
0 345.5 183.0 19.0 22.0
0 332.0 184.0 14.0 18.0
0 367.5 187.5 23.0 25.0
0 390.5 198.0 17.0 24.0
0 403.0 202.5 26.0 25.0
0 470.5 183.0 23.0 30.0
0 493.5 198.5 27.0 33.0
0 495.5 160.5 25.0 27.0
0 507.0 135.0 20.0 24.0
0 525.0 125.5 18.0 21.0
0 553.5 109.5 17.0 19.0
0 565.0 120.5 20.0 21.0
0 574.5 102.0 17.0 20.0
0 604.5 98.5 17.0 21.0
0 613.0 91.0 12.0 16.0
0 644.5 90.0 17.0 16.0
0 642.0 103.5 20.0 21.0
0 592.5 140.0 15.0 24.0
0 631.0 135.5 22.0 25.0
0 551.5 153.5 21.0 27.0
0 581.5 162.5 27.0 33.0
0 675.5 132.0 21.0 26.0
0 693.0 113.0 16.0 20.0
0 713.5 117.0 21.0 28.0
0 705.5 95.0 17.0 22.0
0 730.5 77.0 15.0 18.0
0 729.0 105.5 16.0 27.0
0 760.5 85.5 15.0 19.0
0 768.0 100.5 18.0 25.0
0 803.0 82.0 18.0 18.0
0 827.0 81.0 18.0 20.0
0 811.0 118.0 22.0 30.0
0 860.5 110.5 17.0 23.0
0 869.5 128.5 21.0 33.0
0 815.0 158.0 24.0 38.0
0 759.0 153.0 28.0 34.0
0 713.0 183.5 32.0 41.0
0 668.5 219.5 37.0 39.0
0 620.0 223.0 34.0 34.0
0 815.0 186.5 30.0 39.0
0 901.5 110.0 21.0 26.0
0 928.5 102.5 17.0 25.0
0 955.0 93.5 18.0 21.0
0 942.5 115.0 23.0 24.0
0 917.5 133.0 27.0 28.0
0 897.0 154.5 26.0 27.0
0 874.5 223.5 41.0 55.0
0 903.5 207.0 27.0 44.0
0 944.0 154.0 24.0 28.0
0 972.5 149.5 23.0 23.0
0 984.5 110.5 15.0 25.0
0 1004.0 99.5 18.0 23.0
0 1026.5 109.0 19.0 24.0
0 1006.5 125.5 21.0 27.0
0 1047.0 103.0 16.0 22.0
0 1080.0 101.5 20.0 25.0
0 1052.0 133.5 20.0 29.0
0 1025.5 149.0 19.0 26.0
0 1037.0 161.0 24.0 32.0
0 986.0 202.5 32.0 39.0
0 947.0 241.0 36.0 52.0
0 1099.0 137.5 20.0 29.0
0 1093.5 153.0 19.0 30.0
0 1074.5 159.0 25.0 36.0
0 1133.0 188.5 26.0 37.0
0 1075.0 216.5 32.0 43.0
