0 174.0 249.5 52.0 55.0
0 201.5 284.0 55.0 62.0
0 322.0 151.5 18.0 25.0
0 330.0 170.0 22.0 18.0
0 366.0 154.0 24.0 22.0
0 448.0 162.0 26.0 26.0
0 539.0 52.5 14.0 15.0
0 569.0 55.5 14.0 17.0
0 594.5 73.5 15.0 13.0
0 652.5 71.0 15.0 16.0
0 613.0 96.0 16.0 18.0
0 584.0 95.0 20.0 18.0
0 557.0 94.0 18.0 14.0
0 519.0 81.0 16.0 12.0
0 501.5 94.5 19.0 15.0
0 528.0 107.0 18.0 18.0
0 461.5 104.0 19.0 18.0
0 412.5 121.5 25.0 21.0
0 475.0 114.5 20.0 15.0
0 449.0 133.0 24.0 18.0
0 472.5 141.5 25.0 21.0
0 496.5 128.0 19.0 14.0
0 507.0 119.0 18.0 14.0
0 554.0 129.0 22.0 20.0
0 512.0 196.5 32.0 29.0
0 571.0 166.5 22.0 17.0
0 598.5 172.0 27.0 22.0
0 640.5 158.0 25.0 24.0
0 698.5 156.5 25.0 29.0
0 754.5 170.5 33.0 33.0
0 821.0 190.0 32.0 30.0
0 925.0 142.0 18.0 26.0
0 904.5 112.0 19.0 22.0
0 843.5 117.5 19.0 19.0
0 800.5 110.5 27.0 23.0
0 795.5 94.5 19.0 23.0
0 763.5 102.0 21.0 18.0
0 754.5 89.5 17.0 17.0
0 739.5 115.5 25.0 23.0
0 739.0 64.5 18.0 23.0
0 796.0 67.0 12.0 16.0
0 857.5 81.0 11.0 14.0
