0 172.0 358.0 64.0 66.0
0 283.5 242.0 23.0 24.0
0 327.0 256.0 28.0 32.0
0 363.5 256.5 25.0 29.0
0 358.0 217.0 22.0 26.0
0 413.5 254.5 31.0 37.0
0 440.0 233.5 20.0 23.0
0 446.5 208.5 19.0 27.0
0 479.5 231.5 21.0 25.0
0 511.0 235.0 24.0 24.0
0 504.0 213.0 22.0 24.0
0 551.5 244.5 27.0 29.0
0 493.5 183.0 17.0 20.0
0 509.5 187.5 17.0 23.0
0 539.0 190.0 22.0 22.0
0 545.0 218.0 22.0 20.0
0 579.0 223.0 26.0 30.0
0 630.0 224.5 26.0 25.0
0 612.0 187.0 18.0 22.0
0 563.5 180.0 17.0 24.0
0 582.5 169.0 19.0 20.0
0 631.5 177.0 17.0 20.0
0 651.5 192.0 25.0 24.0
0 662.5 178.0 19.0 26.0
0 648.0 173.0 18.0 18.0
0 693.0 193.0 20.0 24.0
0 683.5 163.0 17.0 20.0
0 713.5 183.0 23.0 24.0
0 710.5 161.5 21.0 17.0
0 738.0 176.5 18.0 23.0
0 746.5 158.0 15.0 18.0
0 754.5 145.5 17.0 19.0
0 773.5 152.5 15.0 19.0
0 790.0 171.0 18.0 20.0
0 803.5 155.5 15.0 17.0
0 812.0 165.0 18.0 22.0
0 832.0 164.0 18.0 22.0
0 620.5 272.0 39.0 38.0
0 673.5 284.5 31.0 39.0
0 712.0 308.0 42.0 48.0
0 727.0 295.0 34.0 34.0
0 691.0 247.0 28.0 32.0
0 739.0 230.5 26.0 35.0
0 782.0 213.5 24.0 27.0
0 800.5 238.0 27.0 30.0
0 823.0 261.5 34.0 35.0
0 850.5 246.0 27.0 32.0
0 839.0 189.0 18.0 24.0
0 872.0 184.5 22.0 23.0
0 888.5 203.5 23.0 23.0
0 904.5 186.5 25.0 21.0
0 913.5 172.5 15.0 19.0
0 923.0 166.5 18.0 17.0
0 929.5 213.5 23.0 29.0
0 957.0 192.0 26.0 26.0
0 961.0 172.5 18.0 23.0
0 1001.5 196.5 21.0 23.0
0 985.5 217.5 21.0 31.0
0 1005.0 235.0 28.0 34.0
0 985.5 254.5 29.0 35.0
0 974.5 297.5 33.0 39.0
0 910.5 283.0 35.0 36.0
0 878.0 332.5 44.0 57.0
0 782.5 328.5 43.0 45.0
0 973.5 407.5 53.0 53.0
0 1036.5 308.5 37.0 43.0
0 1114.5 345.5 45.0 49.0
0 1058.5 262.0 29.0 40.0
0 1042.0 218.0 22.0 26.0
0 1046.5 201.0 23.0 22.0
0 1027.5 184.0 19.0 22.0
0 1046.5 180.5 19.0 25.0
0 1066.0 181.5 20.0 23.0
0 1091.5 237.5 23.0 29.0
0 1075.5 248.0 25.0 32.0
0 1129.5 279.0 27.0 34.0
0 1145.5 255.5 23.0 33.0
0 1139.0 238.0 20.0 26.0
0 1143.0 221.0 18.0 22.0
0 1150.5 189.0 19.0 22.0
0 1103.0 214.5 18.0 25.0
