0 217.0 220.0 46.0 50.0
0 276.5 171.5 17.0 17.0
0 321.0 154.0 16.0 18.0
0 339.0 151.0 18.0 18.0
0 342.0 132.5 14.0 17.0
0 368.0 132.0 20.0 18.0
0 363.0 161.0 14.0 16.0
0 357.0 144.5 12.0 17.0
0 406.5 134.5 19.0 21.0
0 394.0 149.5 20.0 15.0
0 451.5 160.0 19.0 18.0
0 451.0 137.0 22.0 20.0
0 488.0 138.0 20.0 18.0
0 510.5 152.5 23.0 17.0
0 413.0 118.5 20.0 17.0
0 450.0 105.0 20.0 16.0
0 474.0 118.5 16.0 19.0
0 494.0 115.5 20.0 17.0
0 485.0 103.5 18.0 17.0
0 509.5 106.0 15.0 18.0
0 503.5 92.0 15.0 16.0
0 529.5 125.0 15.0 18.0
0 535.5 112.0 15.0 16.0
0 562.5 130.5 19.0 21.0
0 560.5 113.5 15.0 15.0
0 554.0 93.0 16.0 18.0
0 535.0 89.5 12.0 15.0
0 578.5 100.5 15.0 19.0
0 609.5 112.0 23.0 18.0
0 612.0 143.0 18.0 22.0
0 531.5 171.5 27.0 25.0
0 569.5 209.5 31.0 27.0
0 642.5 206.5 27.0 31.0
0 580.0 86.0 12.0 10.0
0 569.5 80.5 13.0 15.0
0 607.5 93.0 15.0 16.0
0 642.5 95.0 19.0 20.0
0 630.5 76.5 15.0 15.0
0 646.0 61.5 12.0 15.0
0 717.0 73.0 12.0 16.0
0 758.5 62.0 13.0 18.0
0 664.5 55.5 15.0 15.0
0 668.0 47.0 18.0 16.0
0 649.5 161.5 23.0 23.0
0 673.0 121.5 20.0 23.0
0 706.0 125.5 20.0 19.0
0 694.5 115.0 15.0 14.0
0 734.5 125.5 19.0 21.0
0 705.0 177.5 22.0 21.0
0 722.0 208.5 28.0 31.0
0 767.0 177.0 26.0 32.0
0 834.0 184.0 26.0 32.0
0 817.5 134.5 21.0 29.0
0 797.0 119.0 16.0 20.0
0 802.5 106.5 13.0 17.0
0 794.5 88.0 17.0 18.0
0 769.5 102.5 21.0 21.0
0 775.0 85.5 16.0 17.0
0 797.0 64.0 14.0 16.0
0 820.5 80.0 13.0 16.0
0 833.5 74.5 13.0 17.0
0 851.5 83.5 13.0 17.0
0 866.5 77.5 11.0 13.0
0 848.5 111.0 17.0 18.0
0 987.5 169.5 19.0 25.0
0 927.5 139.0 21.0 22.0
0 905.0 121.0 12.0 20.0
0 932.0 115.0 16.0 20.0
0 904.0 99.0 16.0 18.0
0 885.5 87.5 15.0 19.0
0 921.5 87.0 15.0 18.0
0 959.0 102.5 18.0 19.0
0 956.0 79.5 14.0 19.0
0 983.5 62.0 15.0 18.0
0 996.0 119.5 18.0 21.0
