0 839.5 82.5 9.0 13.0
0 859.0 87.5 10.0 13.0
0 888.5 97.5 9.0 13.0
0 826.0 90.5 10.0 15.0
0 809.0 96.5 10.0 15.0
0 840.0 126.5 12.0 15.0
0 880.0 125.5 10.0 17.0
0 860.0 145.5 14.0 19.0
0 865.5 166.0 17.0 20.0
0 862.5 181.5 23.0 31.0
0 798.0 173.0 24.0 32.0
0 814.5 139.5 21.0 29.0
0 736.5 165.5 23.0 31.0
0 752.0 70.5 8.0 13.0
0 776.0 75.5 10.0 15.0
0 788.0 84.0 10.0 16.0
0 752.0 85.5 10.0 15.0
0 753.0 116.5 14.0 21.0
0 791.5 111.5 11.0 17.0
0 788.0 126.5 14.0 21.0
0 739.5 78.5 9.0 13.0
0 705.0 81.5 8.0 11.0
0 688.5 83.5 11.0 17.0
0 722.0 95.5 12.0 15.0
0 706.0 110.0 16.0 22.0
0 719.5 138.0 17.0 24.0
0 676.5 130.5 19.0 27.0
0 682.0 154.0 22.0 34.0
0 670.0 68.5 10.0 17.0
0 657.0 92.0 12.0 18.0
0 659.5 110.5 17.0 25.0
0 625.0 98.0 14.0 20.0
0 591.5 108.5 15.0 19.0
0 632.5 118.5 19.0 21.0
0 631.0 151.0 24.0 28.0
0 584.0 135.5 22.0 27.0
0 549.0 133.0 18.0 28.0
0 534.0 146.0 24.0 30.0
0 644.5 57.5 9.0 13.0
0 644.5 66.0 9.0 14.0
0 605.5 60.5 9.0 13.0
0 620.5 63.0 11.0 16.0
0 613.0 76.5 12.0 15.0
0 593.5 70.0 11.0 14.0
0 546.0 67.5 10.0 13.0
0 566.0 66.0 8.0 10.0
0 571.0 59.5 10.0 9.0
0 580.5 89.5 11.0 15.0
0 558.5 78.0 11.0 14.0
0 544.5 87.0 15.0 20.0
0 530.5 103.0 17.0 22.0
0 443.5 71.0 9.0 12.0
0 446.0 87.0 14.0 16.0
0 456.5 78.0 11.0 12.0
0 483.5 76.0 11.0 14.0
0 478.0 96.5 12.0 19.0
0 486.0 92.0 10.0 16.0
0 453.0 121.0 16.0 24.0
0 424.0 113.0 16.0 24.0
0 398.5 85.5 7.0 13.0
0 414.5 93.5 13.0 17.0
0 385.5 92.0 11.0 18.0
0 437.5 110.0 15.0 16.0
0 321.5 107.0 13.0 16.0
0 329.5 122.0 13.0 20.0
0 378.5 134.0 17.0 22.0
0 367.0 117.5 14.0 17.0
0 363.0 103.0 12.0 14.0
0 276.0 114.0 10.0 14.0
0 497.5 74.0 11.0 14.0
