0 992.0 178.5 20.0 33.0
0 927.5 137.5 15.0 25.0
0 949.0 119.5 16.0 23.0
0 989.0 124.0 16.0 24.0
0 958.0 101.0 12.0 14.0
0 961.0 84.0 10.0 16.0
0 992.5 95.5 9.0 13.0
0 995.0 109.0 14.0 18.0
0 927.5 89.5 15.0 23.0
0 912.5 95.5 15.0 25.0
0 909.5 114.5 17.0 23.0
0 894.0 87.0 14.0 22.0
0 858.5 81.5 13.0 17.0
0 870.0 81.0 12.0 16.0
0 873.5 106.0 13.0 20.0
0 860.5 110.5 17.0 25.0
0 878.0 154.0 18.0 32.0
0 838.0 180.5 22.0 35.0
0 808.5 139.0 21.0 28.0
0 782.0 191.0 26.0 34.0
0 725.5 218.0 27.0 36.0
0 713.0 164.0 20.0 32.0
0 751.0 139.0 20.0 26.0
0 753.5 112.5 15.0 21.0
0 819.0 80.5 12.0 19.0
0 834.5 76.5 11.0 19.0
0 803.5 67.5 11.0 17.0
0 781.5 76.5 13.0 15.0
0 761.0 90.0 14.0 18.0
0 812.5 113.0 19.0 18.0
0 730.0 98.5 18.0 23.0
0 710.5 124.5 17.0 27.0
0 786.5 126.0 15.0 20.0
0 714.5 75.5 9.0 17.0
0 737.0 69.5 10.0 17.0
0 643.0 62.0 10.0 10.0
0 671.5 62.0 9.0 10.0
0 689.0 64.0 12.0 12.0
0 682.5 75.5 11.0 13.0
0 657.0 75.5 12.0 13.0
0 664.5 87.5 15.0 19.0
0 696.5 105.0 17.0 16.0
0 646.5 135.0 19.0 20.0
0 629.5 77.5 11.0 13.0
0 620.5 93.5 15.0 17.0
0 659.5 158.5 21.0 29.0
0 617.5 150.0 19.0 26.0
0 601.0 72.0 10.0 12.0
0 608.5 108.0 13.0 22.0
0 582.0 81.5 12.0 13.0
0 589.0 101.0 14.0 20.0
0 569.5 125.5 17.0 21.0
0 562.0 103.0 14.0 18.0
0 545.5 118.5 13.0 17.0
0 549.0 93.0 12.0 16.0
0 527.0 82.5 8.0 11.0
0 518.5 136.0 17.0 24.0
0 488.0 90.0 10.0 10.0
0 482.0 119.0 12.0 18.0
0 479.0 147.0 18.0 24.0
0 515.5 191.0 21.0 30.0
0 576.5 194.5 27.0 37.0
0 495.5 107.0 9.0 16.0
0 513.5 114.5 11.0 17.0
0 522.5 104.5 15.0 21.0
0 503.0 96.0 12.0 14.0
0 418.0 124.0 16.0 20.0
0 448.0 139.0 16.0 22.0
0 414.5 143.0 17.0 18.0
0 381.0 142.0 16.0 20.0
0 372.5 166.5 17.0 23.0
0 333.0 146.0 12.0 16.0
0 278.5 173.5 15.0 17.0
0 313.5 163.5 17.0 23.0
0 323.0 161.5 20.0 25.0
0 354.0 160.5 16.0 21.0
0 645.0 205.5 26.0 33.0
0 456.5 167.0 23.0 28.0
0 220.5 222.0 45.0 54.0
