0 1023.5 181.0 15.0 20.0
0 1034.5 197.5 17.0 23.0
0 1046.0 188.0 16.0 22.0
0 1069.5 183.0 13.0 22.0
0 1091.0 195.5 18.0 25.0
0 1142.5 222.0 15.0 20.0
0 1143.0 200.5 12.0 19.0
0 1136.5 246.0 17.0 30.0
0 1084.0 236.5 18.0 27.0
0 1061.5 234.5 17.0 29.0
0 1114.0 337.5 30.0 47.0
0 1034.0 325.5 30.0 39.0
0 1018.5 278.0 25.0 38.0
0 1000.5 358.5 31.0 47.0
0 986.0 171.5 12.0 21.0
0 1002.0 191.5 14.0 21.0
0 980.0 205.0 18.0 24.0
0 1004.5 241.5 21.0 31.0
0 991.5 252.5 29.0 35.0
0 946.0 306.5 30.0 45.0
0 905.5 178.5 17.0 23.0
0 932.5 180.5 15.0 21.0
0 937.0 200.5 16.0 29.0
0 953.5 167.5 15.0 17.0
0 857.0 182.0 16.0 22.0
0 867.0 210.0 20.0 30.0
0 877.0 291.0 30.0 42.0
0 849.0 370.5 38.0 53.0
0 769.5 338.5 35.0 49.0
0 814.5 257.5 27.0 33.0
0 782.5 248.0 21.0 30.0
0 729.5 280.5 27.0 35.0
0 704.0 323.0 34.0 46.0
0 829.5 225.0 25.0 26.0
0 840.0 252.0 24.0 34.0
0 813.0 147.0 12.0 14.0
0 830.5 152.5 15.0 17.0
0 815.0 197.5 18.0 27.0
0 777.5 156.5 15.0 19.0
0 743.5 146.0 11.0 16.0
0 729.0 177.0 14.0 20.0
0 734.5 162.5 13.0 19.0
0 687.0 153.5 12.0 17.0
0 696.5 174.0 17.0 26.0
0 669.0 172.5 14.0 25.0
0 674.5 193.5 17.0 27.0
0 618.0 189.5 16.0 21.0
0 632.0 196.5 20.0 27.0
0 610.0 230.0 18.0 30.0
0 647.0 270.0 26.0 36.0
0 662.5 288.0 33.0 40.0
0 575.5 290.0 35.0 44.0
0 538.5 185.5 15.0 21.0
0 561.5 174.0 17.0 20.0
0 557.5 195.0 19.0 24.0
0 567.0 225.0 24.0 28.0
0 545.5 246.5 25.0 29.0
0 497.0 235.0 22.0 26.0
0 526.5 220.5 21.0 31.0
0 475.5 188.0 19.0 24.0
0 427.5 210.5 15.0 19.0
0 468.5 238.5 17.0 27.0
0 493.0 212.0 14.0 20.0
0 385.0 274.5 28.0 33.0
0 348.0 222.0 18.0 22.0
0 360.5 253.0 23.0 32.0
0 316.0 254.5 22.0 31.0
0 277.5 242.0 17.0 24.0
0 175.5 381.5 41.0 53.0
