0 39.5 240.0 29.0 38.0
0 273.5 162.5 15.0 17.0
0 299.5 158.0 17.0 20.0
0 330.5 139.5 17.0 17.0
0 342.5 145.5 19.0 21.0
0 370.5 135.5 17.0 19.0
0 373.0 158.0 20.0 22.0
0 401.0 130.0 16.0 18.0
0 410.0 121.0 14.0 14.0
0 439.5 167.0 21.0 22.0
0 441.5 136.0 19.0 20.0
0 467.0 119.0 16.0 18.0
0 479.5 127.5 17.0 19.0
0 495.0 135.5 22.0 23.0
0 500.5 116.5 17.0 17.0
0 459.0 105.5 16.0 15.0
0 484.0 90.5 16.0 13.0
0 487.5 100.0 15.0 16.0
0 508.0 91.5 14.0 13.0
0 514.0 99.5 14.0 15.0
0 519.0 80.5 10.0 9.0
0 544.5 99.5 15.0 17.0
0 534.5 117.0 15.0 18.0
0 569.0 124.0 20.0 20.0
0 579.5 97.5 17.0 17.0
0 564.0 83.0 14.0 16.0
0 571.0 78.5 14.0 15.0
0 598.5 66.0 11.0 12.0
0 614.5 92.5 17.0 17.0
0 624.5 77.5 15.0 13.0
0 628.5 63.5 13.0 13.0
0 653.5 68.5 13.0 13.0
0 655.0 81.0 14.0 12.0
0 646.0 92.5 18.0 19.0
0 664.5 62.0 13.0 12.0
0 680.5 63.5 13.0 13.0
0 698.0 68.0 12.0 16.0
0 714.0 71.0 12.0 14.0
0 749.5 58.0 13.0 18.0
0 520.0 181.5 26.0 29.0
0 581.5 184.0 23.0 30.0
0 645.5 199.0 29.0 28.0
0 647.5 148.0 25.0 26.0
0 608.0 143.5 20.0 25.0
0 642.5 122.0 19.0 24.0
0 697.5 107.5 17.0 19.0
0 706.0 120.5 20.0 21.0
0 704.0 152.0 22.0 28.0
0 723.5 196.0 27.0 36.0
0 756.5 170.0 27.0 30.0
0 758.0 129.5 22.0 29.0
0 801.5 131.0 21.0 28.0
0 834.0 174.0 24.0 32.0
0 726.5 90.0 19.0 20.0
0 753.0 82.0 18.0 18.0
0 749.0 105.0 20.0 18.0
0 782.5 95.5 15.0 15.0
0 799.5 107.5 19.0 19.0
0 800.5 85.0 17.0 18.0
0 781.0 72.0 16.0 18.0
0 796.5 65.5 13.0 15.0
0 820.0 74.5 14.0 13.0
0 834.0 67.0 12.0 14.0
0 851.5 77.0 11.0 16.0
0 822.0 99.5 16.0 21.0
0 855.0 106.0 16.0 18.0
0 868.5 100.0 11.0 16.0
0 877.0 73.5 12.0 15.0
0 889.0 82.0 14.0 18.0
0 910.0 89.5 14.0 21.0
0 919.5 84.5 13.0 17.0
0 930.0 79.5 12.0 15.0
0 902.5 109.5 15.0 23.0
0 919.0 128.0 16.0 18.0
0 945.0 119.5 12.0 17.0
0 956.0 104.0 14.0 18.0
0 961.0 76.0 10.0 14.0
0 994.5 93.5 15.0 17.0
0 991.0 114.0 14.0 24.0
0 982.0 165.0 18.0 30.0
