0 197.0 289.0 40.0 44.0
0 299.5 144.0 15.0 22.0
0 329.5 134.5 13.0 19.0
0 360.5 133.5 19.0 19.0
0 410.0 113.5 14.0 19.0
0 383.0 138.5 20.0 21.0
0 376.0 163.5 22.0 19.0
0 408.5 157.5 23.0 25.0
0 422.0 133.5 16.0 17.0
0 435.0 119.5 18.0 19.0
0 476.0 107.5 18.0 17.0
0 489.5 93.5 15.0 17.0
0 512.5 85.5 11.0 15.0
0 441.0 154.0 24.0 28.0
0 488.0 135.0 22.0 22.0
0 598.0 74.0 14.0 18.0
0 511.0 146.0 22.0 30.0
0 531.5 121.5 21.0 21.0
0 558.5 130.0 23.0 26.0
0 571.5 109.0 19.0 24.0
0 547.0 102.0 18.0 26.0
0 624.5 101.0 17.0 24.0
0 619.0 78.0 12.0 16.0
0 656.5 77.5 15.0 17.0
0 662.0 89.0 12.0 16.0
0 687.0 77.5 14.0 17.0
0 714.0 75.0 14.0 18.0
0 610.0 139.5 24.0 29.0
0 557.5 179.5 23.0 27.0
0 620.0 173.5 28.0 35.0
0 663.5 151.0 25.0 28.0
0 682.5 125.5 23.0 23.0
0 701.5 109.5 21.0 21.0
0 687.5 193.0 31.0 32.0
0 703.5 154.5 23.0 33.0
0 729.5 123.5 21.0 29.0
0 743.5 91.0 17.0 18.0
0 782.5 78.5 15.0 17.0
0 785.0 108.0 24.0 16.0
0 800.5 87.5 15.0 13.0
0 766.0 131.0 30.0 32.0
0 825.0 165.0 26.0 30.0
0 808.0 144.5 24.0 33.0
0 829.5 124.5 19.0 23.0
0 821.0 99.0 16.0 18.0
0 819.0 83.0 16.0 18.0
0 893.5 92.5 17.0 19.0
0 850.5 100.0 15.0 18.0
0 922.0 93.0 16.0 18.0
0 955.0 97.0 14.0 22.0
0 905.5 120.5 21.0 23.0
0 879.0 138.0 22.0 26.0
0 898.0 192.5 24.0 39.0
0 919.5 150.0 19.0 26.0
0 938.0 118.0 20.0 20.0
0 987.0 152.5 22.0 35.0
0 981.0 144.5 22.0 27.0
0 782.0 126.0 22.0 26.0
0 592.0 95.5 18.0 21.0
0 676.0 75.5 14.0 17.0
0 326.0 158.5 16.0 23.0
0 290.5 162.5 19.0 17.0
0 637.5 91.0 13.0 22.0
0 765.5 167.0 27.0 34.0
