0 182.5 290.5 39.0 41.0
0 288.0 156.0 16.0 18.0
0 296.5 156.0 19.0 24.0
0 320.5 158.5 19.0 25.0
0 381.0 166.5 22.0 27.0
0 409.5 165.0 21.0 26.0
0 402.0 154.5 22.0 21.0
0 413.5 111.5 17.0 19.0
0 423.5 120.0 17.0 20.0
0 443.5 105.0 15.0 22.0
0 453.5 106.0 19.0 24.0
0 484.5 114.0 19.0 22.0
0 495.0 116.0 18.0 22.0
0 510.0 102.0 16.0 16.0
0 510.0 92.0 14.0 14.0
0 480.0 141.5 22.0 25.0
0 519.0 131.5 22.0 25.0
0 527.5 115.5 19.0 23.0
0 545.0 100.5 16.0 17.0
0 538.5 86.5 13.0 13.0
0 553.5 90.5 19.0 17.0
0 569.5 93.5 15.0 17.0
0 593.5 78.5 15.0 19.0
0 603.0 81.0 16.0 14.0
0 606.5 109.5 17.0 23.0
0 571.5 114.5 21.0 19.0
0 627.5 81.5 15.0 17.0
0 641.5 68.5 15.0 23.0
0 662.5 64.5 15.0 15.0
0 685.0 62.5 14.0 15.0
0 659.5 85.5 15.0 19.0
0 688.5 80.5 15.0 15.0
0 711.5 71.0 13.0 16.0
0 745.5 60.0 13.0 16.0
0 523.5 177.0 27.0 28.0
0 574.0 197.5 26.0 25.0
0 589.5 155.5 19.0 23.0
0 664.5 152.0 19.0 22.0
0 672.5 176.0 21.0 26.0
0 741.0 187.5 28.0 29.0
0 804.0 225.5 36.0 43.0
0 858.5 253.5 41.0 47.0
0 955.5 216.0 35.0 42.0
0 985.5 189.5 27.0 31.0
0 899.5 182.5 21.0 33.0
0 820.5 171.5 25.0 33.0
0 801.5 66.5 15.0 13.0
0 825.5 77.0 15.0 16.0
0 834.5 82.0 17.0 20.0
0 801.0 83.5 14.0 15.0
0 870.0 87.5 18.0 21.0
0 896.0 73.5 12.0 15.0
0 903.5 83.5 15.0 19.0
0 920.5 103.5 15.0 21.0
0 924.5 89.0 11.0 14.0
0 928.5 79.0 13.0 12.0
0 952.0 104.0 16.0 22.0
0 962.0 90.0 12.0 18.0
0 1004.5 96.5 13.0 15.0
0 989.5 121.5 15.0 19.0
0 994.5 136.0 17.0 22.0
0 981.0 141.5 18.0 23.0
0 975.0 159.0 16.0 28.0
0 947.0 127.0 18.0 22.0
0 931.5 155.5 19.0 25.0
0 887.0 124.0 20.0 24.0
0 865.0 149.0 24.0 30.0
0 842.5 117.5 19.0 25.0
0 811.0 130.5 20.0 27.0
0 795.0 104.5 18.0 17.0
0 783.0 126.5 22.0 27.0
0 768.5 151.0 23.0 34.0
0 751.5 104.5 21.0 23.0
0 727.5 125.5 19.0 25.0
0 701.0 106.5 20.0 21.0
0 672.0 131.0 22.0 18.0
