0 157.5 375.0 45.0 48.0
0 274.5 243.0 19.0 20.0
0 311.5 262.0 25.0 30.0
0 347.5 227.5 21.0 23.0
0 352.5 260.5 21.0 27.0
0 406.0 262.5 28.0 29.0
0 432.0 236.0 18.0 22.0
0 436.0 208.0 20.0 22.0
0 478.5 189.0 17.0 20.0
0 506.0 199.5 16.0 21.0
0 519.0 188.5 14.0 17.0
0 545.0 189.0 16.0 18.0
0 559.0 196.0 22.0 22.0
0 566.5 173.5 17.0 19.0
0 674.5 160.0 15.0 16.0
0 695.5 158.0 17.0 14.0
0 732.0 161.0 12.0 16.0
0 743.0 151.5 18.0 17.0
0 767.5 149.5 17.0 19.0
0 817.0 151.5 16.0 15.0
0 773.5 164.5 19.0 17.0
0 729.5 180.0 15.0 20.0
0 752.0 190.0 18.0 14.0
0 703.0 191.5 20.0 23.0
0 664.0 183.0 20.0 20.0
0 635.5 182.0 17.0 20.0
0 641.5 201.0 21.0 22.0
0 676.5 203.0 19.0 22.0
0 569.0 228.0 24.0 22.0
0 607.5 235.0 25.0 24.0
0 526.5 223.0 25.0 18.0
0 542.0 245.0 30.0 24.0
0 501.5 237.5 25.0 23.0
0 495.5 217.0 23.0 18.0
0 464.0 251.5 26.0 27.0
0 581.5 293.0 31.0 36.0
0 657.0 258.0 26.0 32.0
0 631.0 324.0 36.0 34.0
0 713.5 318.0 35.0 42.0
0 774.0 329.0 36.0 42.0
0 755.0 269.0 26.0 32.0
0 732.0 234.5 24.0 27.0
0 773.0 216.5 20.0 19.0
0 815.5 201.0 19.0 18.0
0 858.5 184.0 21.0 24.0
0 841.0 160.5 18.0 15.0
0 819.0 166.5 18.0 17.0
0 896.0 175.5 18.0 23.0
0 906.5 188.0 19.0 22.0
0 929.0 184.0 18.0 18.0
0 951.0 174.0 18.0 20.0
0 960.0 183.5 16.0 17.0
0 946.0 201.5 18.0 29.0
0 848.0 216.5 26.0 27.0
0 987.0 178.5 20.0 25.0
0 1027.5 185.0 17.0 24.0
0 1046.5 196.0 25.0 28.0
0 1073.5 185.0 19.0 24.0
0 1090.0 196.0 18.0 20.0
0 1144.0 207.5 18.0 23.0
0 1137.5 224.0 21.0 20.0
0 1114.5 233.0 23.0 28.0
0 1089.0 231.0 18.0 24.0
0 1057.5 242.0 19.0 30.0
0 1035.5 236.5 25.0 33.0
0 1000.0 236.5 24.0 25.0
0 997.5 214.0 25.0 22.0
0 989.0 258.5 28.0 33.0
0 1045.0 280.0 38.0 42.0
0 1128.0 265.5 26.0 37.0
0 1111.5 321.0 39.0 44.0
0 953.5 305.5 33.0 41.0
0 884.5 290.0 39.0 40.0
0 842.5 258.0 25.0 30.0
0 802.5 266.5 35.0 39.0
0 789.5 248.0 27.0 30.0
0 850.5 386.0 41.0 44.0
0 999.0 359.0 34.0 52.0
0 1031.0 331.5 34.0 39.0
