0 305.5 106.5 17.0 17.0
0 349.5 106.0 13.0 14.0
0 355.0 96.5 12.0 13.0
0 389.5 93.0 13.0 16.0
0 407.5 95.5 13.0 15.0
0 429.5 121.5 15.0 17.0
0 435.5 91.0 11.0 12.0
0 427.5 81.5 11.0 13.0
0 416.5 78.0 11.0 16.0
0 448.5 71.0 9.0 10.0
0 447.5 85.5 11.0 13.0
0 479.0 99.0 12.0 16.0
0 467.5 94.0 9.0 16.0
0 469.0 70.5 10.0 11.0
0 482.0 70.5 10.0 13.0
0 490.5 87.5 11.0 17.0
0 514.5 75.5 11.0 15.0
0 540.5 77.0 11.0 10.0
0 545.5 67.0 13.0 12.0
0 563.0 83.5 12.0 15.0
0 560.5 70.0 11.0 12.0
0 526.5 33.0 9.0 10.0
0 584.5 57.5 9.0 11.0
0 597.0 71.5 10.0 9.0
0 594.0 85.5 10.0 11.0
0 620.5 59.5 9.0 9.0
0 636.5 60.5 11.0 15.0
0 645.0 69.5 8.0 15.0
0 663.5 66.0 9.0 12.0
0 536.0 128.0 18.0 24.0
0 523.0 99.0 12.0 12.0
0 598.5 107.5 15.0 25.0
0 612.0 101.0 14.0 18.0
0 630.5 115.0 15.0 20.0
0 671.5 125.5 17.0 23.0
0 671.0 104.0 14.0 18.0
0 656.0 96.0 12.0 18.0
0 727.0 170.0 32.0 38.0
0 696.0 94.0 16.0 18.0
0 688.5 78.5 11.0 13.0
0 713.0 74.5 10.0 9.0
0 723.5 70.5 9.0 9.0
0 730.0 92.5 12.0 17.0
0 747.0 88.0 10.0 14.0
0 765.0 84.5 14.0 17.0
0 776.0 73.0 12.0 16.0
0 753.0 113.0 14.0 22.0
0 773.0 102.5 12.0 21.0
0 786.0 91.5 10.0 17.0
0 809.5 73.5 11.0 15.0
0 838.5 81.0 11.0 14.0
0 811.0 106.0 12.0 20.0
0 834.5 122.5 13.0 23.0
0 842.5 109.0 13.0 12.0
0 869.0 97.5 10.0 13.0
0 884.5 121.5 15.0 23.0
0 889.0 91.0 12.0 12.0
0 828.5 145.0 17.0 24.0
