0 175.5 287.5 39.0 35.0
0 271.5 160.5 15.0 17.0
0 293.0 164.5 18.0 17.0
0 316.5 157.0 15.0 20.0
0 332.0 166.0 18.0 20.0
0 349.0 174.0 16.0 20.0
0 388.5 168.5 19.0 21.0
0 373.0 157.0 20.0 18.0
0 351.5 140.0 17.0 18.0
0 335.0 136.0 14.0 20.0
0 384.5 137.5 15.0 21.0
0 422.5 175.0 23.0 26.0
0 416.0 134.5 14.0 15.0
0 416.0 114.0 16.0 22.0
0 478.0 138.0 18.0 22.0
0 455.0 117.0 18.0 20.0
0 476.0 104.5 12.0 15.0
0 496.5 90.5 11.0 13.0
0 514.0 96.5 16.0 19.0
0 522.5 116.5 15.0 19.0
0 501.0 134.5 20.0 19.0
0 564.5 121.5 19.0 23.0
0 542.5 117.5 19.0 21.0
0 520.0 84.0 14.0 14.0
0 577.5 106.0 15.0 18.0
0 606.0 105.5 16.0 19.0
0 600.0 87.0 14.0 16.0
0 608.5 73.5 13.0 13.0
0 636.5 86.5 13.0 17.0
0 664.5 88.0 13.0 16.0
0 654.5 78.0 11.0 14.0
0 661.5 71.0 11.0 12.0
0 641.0 74.0 12.0 14.0
0 685.0 82.0 12.0 18.0
0 723.5 74.5 15.0 15.0
0 591.5 149.0 23.0 30.0
0 548.0 179.5 24.0 29.0
0 628.0 179.5 28.0 31.0
0 659.0 186.5 28.0 35.0
0 651.0 153.0 24.0 28.0
0 677.5 118.0 19.0 22.0
0 717.0 131.0 20.0 24.0
0 733.5 91.5 13.0 15.0
0 762.0 91.5 12.0 17.0
0 753.5 134.5 21.0 29.0
0 724.5 163.0 23.0 34.0
0 769.0 167.0 26.0 28.0
0 783.5 123.0 19.0 18.0
0 779.5 98.5 17.0 21.0
0 808.5 85.0 15.0 20.0
0 819.0 76.0 14.0 16.0
0 805.5 68.0 15.0 18.0
0 826.5 99.5 15.0 17.0
0 830.5 124.5 15.0 23.0
0 811.0 140.0 22.0 26.0
0 822.0 183.0 28.0 36.0
0 899.0 198.0 28.0 36.0
0 910.0 145.5 20.0 31.0
0 974.5 152.0 23.0 32.0
0 982.0 144.5 16.0 31.0
0 948.5 118.5 15.0 21.0
0 954.5 97.5 17.0 23.0
0 912.5 94.0 13.0 20.0
0 859.0 102.0 16.0 20.0
0 845.5 97.0 11.0 16.0
0 893.0 91.5 16.0 21.0
0 904.5 112.5 13.0 17.0
0 898.5 137.0 17.0 24.0
