0 213.0 215.5 50.0 53.0
0 274.0 172.0 24.0 24.0
0 306.0 164.0 20.0 22.0
0 316.0 158.0 22.0 24.0
0 325.0 142.0 16.0 18.0
0 337.5 151.0 15.0 18.0
0 346.5 156.5 17.0 21.0
0 363.0 165.0 20.0 24.0
0 393.0 128.5 14.0 19.0
0 407.0 131.0 16.0 20.0
0 413.5 120.0 17.0 18.0
0 435.0 102.0 16.0 18.0
0 430.5 141.0 17.0 20.0
0 453.5 166.5 25.0 29.0
0 466.5 138.0 23.0 24.0
0 495.0 139.0 24.0 26.0
0 456.0 117.0 16.0 22.0
0 489.0 103.5 18.0 21.0
0 492.0 89.5 16.0 15.0
0 509.0 100.0 14.0 20.0
0 521.5 123.5 21.0 23.0
0 516.5 80.0 13.0 16.0
0 549.5 90.5 17.0 15.0
0 556.5 99.0 17.0 20.0
0 566.0 117.5 20.0 27.0
0 578.0 99.5 20.0 21.0
0 569.0 75.5 16.0 15.0
0 586.0 77.0 20.0 16.0
0 597.0 98.0 20.0 28.0
0 615.0 95.0 16.0 18.0
0 629.5 72.0 13.0 18.0
0 626.5 63.0 13.0 12.0
0 662.0 82.5 18.0 21.0
0 650.0 74.0 16.0 16.0
0 666.0 61.5 12.0 15.0
0 692.5 71.0 13.0 18.0
0 693.0 59.0 18.0 14.0
0 709.5 72.5 15.0 21.0
0 728.0 64.0 20.0 20.0
0 609.0 143.0 26.0 30.0
0 576.0 184.5 30.0 41.0
0 519.5 177.5 27.0 33.0
0 628.5 213.0 37.0 42.0
0 649.0 157.5 26.0 27.0
0 643.5 126.5 21.0 29.0
0 686.0 113.5 20.0 23.0
0 706.0 121.0 20.0 26.0
0 704.0 160.0 22.0 34.0
0 719.0 200.0 26.0 36.0
0 776.0 185.0 26.0 34.0
0 734.5 135.5 23.0 29.0
0 748.0 107.5 22.0 27.0
0 735.0 91.5 20.0 21.0
0 753.5 86.5 19.0 21.0
0 777.5 116.5 25.0 31.0
0 793.5 143.0 25.0 32.0
0 831.5 172.0 29.0 38.0
0 876.5 140.5 19.0 27.0
0 852.5 108.0 23.0 26.0
0 804.0 106.5 20.0 21.0
0 791.0 84.5 18.0 25.0
0 784.0 71.0 16.0 20.0
0 795.0 72.0 12.0 14.0
0 808.5 80.5 15.0 23.0
0 829.0 73.5 12.0 17.0
0 839.0 82.0 14.0 20.0
0 861.5 76.0 15.0 20.0
0 887.0 85.5 18.0 21.0
0 899.5 113.0 17.0 26.0
0 920.0 92.5 16.0 19.0
0 948.5 81.0 11.0 18.0
0 931.0 107.5 18.0 19.0
0 925.5 137.5 19.0 29.0
0 973.0 171.0 26.0 34.0
0 947.0 120.0 20.0 24.0
0 959.0 101.0 14.0 18.0
0 985.0 123.0 28.0 26.0
0 984.0 102.5 20.0 19.0
0 985.5 90.5 11.0 13.0
