0 137.5 180.0 31.0 38.0
0 285.5 114.0 19.0 22.0
0 301.5 96.5 13.0 21.0
0 312.0 105.0 16.0 18.0
0 365.5 101.0 17.0 20.0
0 374.0 89.0 16.0 20.0
0 397.0 106.0 18.0 22.0
0 428.0 112.5 18.0 25.0
0 424.0 91.0 14.0 18.0
0 395.0 75.0 14.0 16.0
0 415.5 73.0 11.0 16.0
0 422.5 66.0 13.0 14.0
0 437.5 74.5 15.0 15.0
0 447.5 69.0 11.0 12.0
0 453.0 78.0 14.0 14.0
0 456.0 59.0 10.0 12.0
0 471.0 73.5 14.0 15.0
0 490.0 60.0 10.0 14.0
0 482.0 92.5 16.0 23.0
0 487.0 80.5 14.0 19.0
0 500.5 79.0 13.0 16.0
0 518.5 86.5 15.0 19.0
0 517.0 57.5 12.0 17.0
0 532.0 69.0 12.0 16.0
0 536.0 49.0 10.0 14.0
0 564.5 59.0 11.0 12.0
0 558.5 71.5 11.0 13.0
0 573.0 73.5 14.0 17.0
0 580.0 64.5 12.0 15.0
0 584.5 56.5 13.0 15.0
0 572.0 52.5 10.0 11.0
0 609.0 60.5 12.0 13.0
0 623.0 63.5 10.0 13.0
0 464.0 133.5 22.0 25.0
0 521.0 141.5 18.0 25.0
0 531.0 152.5 26.0 33.0
0 577.0 167.0 26.0 38.0
0 529.0 116.0 22.0 26.0
0 557.0 123.5 20.0 23.0
0 555.5 101.5 17.0 21.0
0 589.0 110.5 18.0 27.0
0 591.0 88.5 16.0 19.0
0 621.0 88.5 16.0 19.0
0 635.5 114.0 19.0 22.0
0 608.5 195.5 29.0 35.0
0 654.0 84.0 16.0 20.0
0 666.5 64.0 13.0 20.0
0 675.5 72.0 13.0 18.0
0 689.5 70.5 15.0 17.0
0 685.5 89.0 15.0 20.0
0 702.5 100.0 17.0 26.0
0 703.5 83.0 11.0 14.0
0 718.0 95.0 14.0 20.0
0 734.0 85.5 12.0 15.0
0 742.5 78.5 11.0 15.0
0 750.0 92.5 14.0 21.0
0 742.0 107.5 16.0 23.0
0 719.5 127.5 19.0 27.0
0 684.5 136.5 23.0 31.0
0 717.5 181.0 31.0 34.0
0 741.5 147.0 25.0 30.0
0 769.5 134.5 21.0 27.0
0 780.0 111.5 16.0 21.0
0 764.0 91.5 12.0 15.0
0 767.5 81.0 11.0 12.0
0 772.0 74.5 12.0 13.0
0 789.5 96.5 15.0 19.0
0 808.5 89.0 11.0 18.0
0 816.0 137.0 20.0 24.0
0 802.5 164.5 21.0 25.0
0 802.5 196.0 25.0 36.0
0 812.5 118.0 15.0 20.0
0 824.5 115.0 15.0 18.0
0 838.0 91.5 14.0 19.0
0 602.5 138.5 25.0 25.0
