0 153.0 388.5 54.0 57.0
0 270.5 231.5 21.0 27.0
0 305.5 238.5 25.0 29.0
0 333.0 255.5 30.0 29.0
0 339.0 214.0 24.0 26.0
0 391.0 255.0 28.0 32.0
0 418.0 222.0 22.0 30.0
0 420.5 202.5 19.0 19.0
0 460.5 230.0 23.0 26.0
0 488.0 231.0 26.0 28.0
0 487.0 205.5 22.0 23.0
0 475.0 179.0 18.0 22.0
0 514.0 188.0 18.0 22.0
0 517.5 210.5 23.0 29.0
0 537.5 230.0 27.0 30.0
0 564.5 210.0 23.0 22.0
0 606.5 217.5 27.0 31.0
0 571.0 182.0 20.0 24.0
0 549.5 170.0 21.0 20.0
0 560.5 162.5 21.0 21.0
0 592.5 183.0 23.0 26.0
0 606.0 177.0 20.0 22.0
0 622.0 167.0 20.0 24.0
0 626.5 188.5 21.0 25.0
0 649.5 172.5 21.0 23.0
0 665.0 192.5 22.0 25.0
0 691.0 177.0 20.0 24.0
0 686.0 157.0 14.0 18.0
0 679.0 149.5 12.0 15.0
0 702.5 162.5 17.0 21.0
0 724.0 153.0 16.0 20.0
0 729.0 141.0 18.0 18.0
0 718.0 170.0 18.0 22.0
0 753.0 146.5 20.0 21.0
0 768.5 153.5 15.0 21.0
0 773.0 167.5 22.0 25.0
0 798.0 141.0 18.0 20.0
0 810.5 156.0 17.0 20.0
0 823.5 154.5 13.0 17.0
0 588.5 267.5 39.0 45.0
0 658.0 278.5 42.0 37.0
0 649.5 241.5 31.0 31.0
0 708.5 256.0 29.0 34.0
0 719.0 227.0 26.0 30.0
0 705.0 306.5 44.0 47.0
0 767.5 322.0 43.0 52.0
0 767.5 208.5 25.0 29.0
0 805.5 191.5 23.0 31.0
0 836.0 205.5 24.0 29.0
0 778.5 239.5 27.0 31.0
0 797.5 262.5 33.0 37.0
0 828.5 249.5 27.0 35.0
0 874.5 278.5 35.0 37.0
0 842.5 379.0 51.0 54.0
0 999.5 349.0 49.0 58.0
0 1019.5 308.5 35.0 47.0
0 947.0 294.5 38.0 45.0
0 852.0 206.5 24.0 29.0
0 849.5 169.0 21.0 24.0
0 876.5 172.5 23.0 23.0
0 884.0 163.0 18.0 24.0
0 900.5 156.5 17.0 19.0
0 930.0 187.0 20.0 24.0
0 939.0 164.5 18.0 21.0
0 976.0 168.0 20.0 26.0
0 982.0 185.5 18.0 21.0
0 978.5 205.5 21.0 23.0
0 975.5 247.5 29.0 35.0
0 1112.0 320.5 36.0 43.0
0 1101.5 271.5 25.0 33.0
0 1034.0 258.0 30.0 36.0
0 1017.0 212.0 20.0 30.0
0 1031.0 188.0 22.0 26.0
0 1015.0 178.0 20.0 26.0
0 1054.0 174.5 18.0 23.0
0 1071.5 219.0 21.0 28.0
0 1045.5 231.5 23.0 31.0
0 1123.0 244.0 22.0 28.0
0 1120.5 214.5 17.0 29.0
0 1099.0 206.0 20.0 28.0
0 1077.0 186.0 18.0 28.0
0 1131.0 186.0 22.0 30.0
