0 217.5 325.0 51.0 58.0
0 293.5 236.5 21.0 21.0
0 329.5 245.5 21.0 29.0
0 358.0 217.5 18.0 19.0
0 358.5 261.0 21.0 26.0
0 415.0 259.5 26.0 33.0
0 445.5 208.5 21.0 21.0
0 439.0 233.5 22.0 19.0
0 473.5 235.5 21.0 27.0
0 505.5 240.0 21.0 24.0
0 493.5 190.0 15.0 18.0
0 510.5 184.5 17.0 19.0
0 533.0 196.5 16.0 19.0
0 550.5 245.5 21.0 31.0
0 578.0 230.0 24.0 26.0
0 628.0 232.0 24.0 28.0
0 563.5 179.0 17.0 24.0
0 587.0 190.5 16.0 23.0
0 621.0 191.0 16.0 24.0
0 645.0 201.5 20.0 27.0
0 646.5 172.0 17.0 18.0
0 662.5 180.5 17.0 23.0
0 714.0 198.5 18.0 29.0
0 708.0 176.0 16.0 20.0
0 736.5 177.5 17.0 21.0
0 757.0 147.5 14.0 21.0
0 774.5 155.0 15.0 24.0
0 790.5 181.0 17.0 24.0
0 574.5 286.0 33.0 40.0
0 693.5 247.0 27.0 32.0
0 667.0 296.5 30.0 37.0
0 699.0 318.0 40.0 48.0
0 740.0 230.0 24.0 32.0
0 779.0 221.0 24.0 26.0
0 755.0 275.5 24.0 31.0
0 798.0 278.0 30.0 42.0
0 787.0 327.0 40.0 48.0
0 812.0 236.5 20.0 29.0
0 834.0 191.0 18.0 24.0
0 871.0 185.5 16.0 23.0
0 849.5 247.5 23.0 33.0
0 888.0 204.5 18.0 25.0
0 904.0 182.5 16.0 21.0
0 914.0 174.5 16.0 19.0
0 926.0 165.5 16.0 23.0
0 959.0 169.5 18.0 19.0
0 951.5 191.0 19.0 26.0
0 934.0 210.5 20.0 29.0
0 988.5 219.5 17.0 23.0
0 1029.0 189.0 18.0 20.0
0 1050.5 186.0 15.0 16.0
0 1072.5 182.0 15.0 22.0
0 1057.0 200.5 20.0 27.0
0 1046.5 227.0 21.0 26.0
0 1104.5 201.5 17.0 21.0
0 1145.0 191.5 14.0 21.0
0 1147.0 222.5 18.0 21.0
0 1017.0 243.0 22.0 32.0
0 998.5 257.0 25.0 38.0
0 1093.0 255.0 22.0 30.0
0 1102.5 229.5 19.0 25.0
0 1140.0 254.0 24.0 30.0
0 902.5 286.0 29.0 38.0
0 868.5 346.0 39.0 58.0
0 949.0 304.5 30.0 39.0
0 1001.0 381.5 30.0 53.0
0 1035.5 325.0 33.0 40.0
0 1119.5 277.5 25.0 35.0
0 1107.0 325.5 34.0 47.0
0 1002.5 197.5 15.0 25.0
0 506.5 217.5 17.0 21.0
0 542.0 220.0 20.0 26.0
0 691.0 157.0 12.0 18.0
0 708.5 157.5 15.0 19.0
0 804.5 154.0 11.0 16.0
0 826.0 166.0 12.0 16.0
0 836.5 164.0 13.0 16.0
0 1057.0 289.5 20.0 29.0
