0 215.0 210.0 48.0 44.0
0 330.5 137.5 21.0 21.0
0 335.5 121.5 19.0 21.0
0 370.0 115.5 18.0 21.0
0 427.5 120.5 21.0 21.0
0 440.0 108.5 16.0 15.0
0 432.0 98.5 16.0 15.0
0 462.5 124.5 15.0 23.0
0 478.0 110.0 18.0 20.0
0 472.0 90.5 16.0 15.0
0 492.0 93.5 14.0 17.0
0 518.5 95.0 15.0 18.0
0 500.0 129.5 20.0 23.0
0 492.5 78.5 13.0 15.0
0 522.0 84.0 12.0 14.0
0 529.5 76.0 13.0 14.0
0 533.0 83.5 16.0 17.0
0 549.5 72.5 13.0 11.0
0 554.5 90.0 15.0 18.0
0 569.0 100.0 14.0 18.0
0 577.0 106.5 14.0 19.0
0 572.5 75.0 11.0 14.0
0 594.5 89.5 13.0 19.0
0 613.5 67.0 11.0 14.0
0 626.5 77.5 17.0 17.0
0 618.5 90.5 15.0 21.0
0 606.5 114.0 19.0 18.0
0 641.5 63.5 13.0 13.0
0 667.0 62.5 12.0 13.0
0 682.0 65.5 12.0 17.0
0 711.0 74.5 12.0 13.0
0 725.0 76.0 16.0 20.0
0 657.0 79.0 14.0 16.0
0 679.0 84.5 14.0 15.0
0 666.5 88.5 15.0 17.0
0 664.0 121.0 22.0 24.0
0 611.0 140.0 24.0 30.0
0 607.0 159.5 26.0 29.0
0 547.5 165.5 27.0 33.0
0 627.0 186.0 34.0 40.0
0 659.0 149.0 24.0 26.0
0 693.0 124.5 22.0 23.0
0 701.0 152.5 26.0 27.0
0 720.0 184.0 32.0 36.0
0 775.0 203.0 32.0 40.0
0 854.5 208.5 31.0 37.0
0 926.0 245.5 30.0 43.0
0 943.0 222.0 20.0 38.0
0 873.0 185.5 22.0 33.0
0 817.5 178.5 25.0 33.0
0 837.0 158.0 24.0 34.0
0 901.5 173.5 21.0 27.0
0 964.0 167.0 22.0 28.0
0 955.0 146.5 16.0 27.0
0 967.0 139.0 18.0 26.0
0 967.0 120.0 18.0 22.0
0 946.0 100.0 16.0 18.0
0 909.5 90.5 13.0 19.0
0 923.5 119.0 17.0 30.0
0 911.5 132.0 19.0 26.0
0 903.0 102.5 14.0 17.0
0 895.0 112.5 14.0 19.0
0 885.0 115.0 20.0 26.0
0 871.5 125.5 17.0 23.0
0 819.0 129.0 16.0 26.0
0 837.5 121.5 17.0 27.0
0 857.0 104.0 14.0 16.0
0 865.0 94.5 14.0 19.0
0 829.0 99.5 14.0 17.0
0 798.0 107.5 20.0 23.0
0 753.5 130.0 21.0 26.0
0 727.5 119.5 17.0 25.0
0 707.5 103.0 19.0 22.0
0 733.0 97.0 16.0 20.0
0 768.0 104.5 16.0 23.0
0 780.5 77.0 13.0 18.0
0 789.0 89.5 16.0 21.0
0 811.0 81.5 14.0 19.0
