0 204.5 197.0 45.0 46.0
0 316.0 133.0 18.0 20.0
0 322.5 118.5 19.0 19.0
0 350.0 119.0 20.0 20.0
0 426.0 112.5 18.0 21.0
0 450.0 121.0 18.0 22.0
0 480.0 135.0 24.0 26.0
0 419.0 92.0 12.0 12.0
0 427.0 98.5 12.0 13.0
0 451.0 90.0 14.0 12.0
0 458.5 98.0 19.0 18.0
0 477.0 106.0 16.0 20.0
0 477.5 87.0 19.0 18.0
0 470.5 75.0 17.0 18.0
0 505.5 87.0 15.0 16.0
0 501.0 72.5 12.0 15.0
0 524.5 90.5 17.0 17.0
0 515.0 78.0 12.0 16.0
0 529.0 73.5 14.0 17.0
0 542.5 77.5 13.0 15.0
0 553.5 72.5 13.0 13.0
0 562.0 101.5 18.0 19.0
0 556.5 92.0 17.0 16.0
0 564.0 80.5 14.0 15.0
0 593.0 96.0 20.0 20.0
0 606.0 78.5 18.0 17.0
0 596.5 62.0 13.0 16.0
0 618.0 58.0 12.0 16.0
0 636.5 58.5 11.0 13.0
0 630.0 88.0 16.0 18.0
0 636.5 77.0 15.0 12.0
0 643.5 64.0 11.0 14.0
0 653.5 84.5 13.0 15.0
0 659.0 71.0 12.0 14.0
0 673.5 63.0 13.0 14.0
0 695.5 70.5 13.0 15.0
0 707.5 68.5 11.0 13.0
0 596.5 135.5 21.0 27.0
0 515.5 160.0 29.0 32.0
0 600.5 178.0 31.0 36.0
0 626.5 148.5 25.0 29.0
0 636.5 121.5 21.0 25.0
0 680.5 98.0 17.0 24.0
0 686.0 123.0 22.0 28.0
0 682.5 190.0 31.0 38.0
0 675.5 167.0 29.0 26.0
0 728.5 130.5 21.0 27.0
0 714.5 112.5 19.0 21.0
0 711.5 91.5 17.0 21.0
0 753.5 76.0 19.0 20.0
0 769.0 83.0 20.0 24.0
0 757.0 96.5 16.0 19.0
0 785.0 102.0 16.0 22.0
0 790.0 81.0 14.0 16.0
0 800.5 94.5 15.0 21.0
0 744.0 206.5 30.0 41.0
0 829.5 158.0 25.0 30.0
0 835.0 194.0 30.0 42.0
0 856.5 174.0 25.0 34.0
0 903.5 226.5 35.0 43.0
0 923.5 184.0 25.0 34.0
0 874.5 167.5 23.0 25.0
0 837.0 122.0 16.0 22.0
0 812.5 151.5 19.0 25.0
0 799.0 124.0 16.0 20.0
0 819.5 105.5 17.0 21.0
0 835.0 100.5 14.0 19.0
0 856.5 94.0 13.0 16.0
0 873.5 108.5 17.0 21.0
0 886.5 92.5 15.0 19.0
0 894.0 129.5 16.0 23.0
0 902.5 117.5 17.0 19.0
0 891.0 106.0 14.0 16.0
0 912.0 99.0 12.0 16.0
0 920.5 91.5 11.0 15.0
0 931.0 136.5 20.0 23.0
0 947.0 162.5 22.0 25.0
0 938.5 128.5 17.0 21.0
0 944.0 111.0 14.0 18.0
0 949.5 102.5 13.0 15.0
0 779.0 70.0 16.0 14.0
