0 158.5 367.0 49.0 48.0
0 274.5 235.5 21.0 25.0
0 306.5 250.0 23.0 26.0
0 340.5 216.5 19.0 19.0
0 338.5 263.0 23.0 26.0
0 400.0 251.0 28.0 30.0
0 424.5 234.5 19.0 19.0
0 423.0 207.5 18.0 21.0
0 472.0 179.0 18.0 20.0
0 514.5 180.5 19.0 17.0
0 535.5 184.0 19.0 24.0
0 563.0 167.5 20.0 21.0
0 570.0 183.5 18.0 21.0
0 570.0 211.5 18.0 19.0
0 491.5 229.5 25.0 27.0
0 488.5 194.5 17.0 21.0
0 544.5 235.5 23.0 29.0
0 612.0 183.0 18.0 20.0
0 622.5 174.5 17.0 15.0
0 635.0 172.5 18.0 19.0
0 643.5 191.0 23.0 20.0
0 656.5 175.5 21.0 21.0
0 670.0 192.0 26.0 20.0
0 671.0 155.5 20.0 19.0
0 688.5 154.0 19.0 18.0
0 733.5 143.5 17.0 15.0
0 730.0 157.0 18.0 16.0
0 759.0 148.5 20.0 15.0
0 771.5 153.5 15.0 15.0
0 812.5 144.5 17.0 15.0
0 811.5 158.5 19.0 17.0
0 827.5 155.5 15.0 15.0
0 768.0 172.0 18.0 18.0
0 725.5 177.0 19.0 20.0
0 698.5 187.0 17.0 18.0
0 606.0 227.5 28.0 25.0
0 854.0 175.0 18.0 24.0
0 891.5 177.0 17.0 20.0
0 894.5 167.5 15.0 19.0
0 903.0 163.5 12.0 13.0
0 945.5 167.0 17.0 20.0
0 980.5 169.0 17.0 18.0
0 990.0 189.0 22.0 24.0
0 1026.0 180.5 18.0 21.0
0 1035.5 190.0 17.0 22.0
0 1065.0 179.0 18.0 20.0
0 1084.0 195.0 20.0 26.0
0 1139.0 196.0 18.0 16.0
0 1128.0 214.5 22.0 21.0
0 1115.5 229.0 17.0 24.0
0 1077.0 221.0 20.0 20.0
0 1052.0 237.5 22.0 25.0
0 1026.5 220.5 21.0 25.0
0 964.5 205.5 19.0 19.0
0 946.5 199.5 17.0 23.0
0 850.5 208.0 21.0 24.0
0 808.0 190.5 16.0 21.0
0 453.5 242.0 21.0 26.0
0 574.5 281.0 31.0 36.0
0 650.0 247.5 28.0 33.0
0 638.5 302.0 37.0 42.0
0 707.0 321.0 38.0 48.0
0 765.5 325.0 41.0 46.0
0 766.5 209.5 23.0 25.0
0 725.0 229.0 22.0 26.0
0 740.5 255.5 23.0 29.0
0 780.5 242.0 23.0 28.0
0 791.0 252.5 28.0 27.0
0 819.5 220.0 23.0 28.0
0 837.5 253.5 25.0 33.0
0 873.0 280.5 30.0 39.0
0 949.5 293.5 29.0 33.0
0 982.5 252.0 27.0 28.0
0 1036.5 256.0 27.0 24.0
0 1031.5 284.5 27.0 31.0
0 1127.5 280.0 23.0 26.0
0 1121.5 326.5 33.0 41.0
0 1020.5 330.5 35.0 43.0
0 995.0 342.0 36.0 42.0
0 846.5 378.5 45.0 49.0
