0 801.0 70.5 10.0 19.0
0 839.5 81.0 15.0 20.0
0 874.5 79.5 17.0 21.0
0 937.5 87.0 19.0 24.0
0 995.0 85.0 16.0 14.0
0 1020.5 86.0 17.0 20.0
0 1043.0 88.5 14.0 19.0
0 705.5 82.0 23.0 18.0
0 1098.0 97.0 18.0 24.0
0 1148.0 101.0 16.0 22.0
0 1130.5 113.0 17.0 26.0
0 1160.5 110.5 15.0 23.0
0 566.5 110.0 21.0 22.0
0 605.5 103.0 15.0 18.0
0 639.0 98.5 16.0 19.0
0 668.5 103.5 21.0 21.0
0 396.5 163.5 21.0 19.0
0 427.0 155.5 20.0 27.0
0 445.0 162.5 22.0 27.0
0 535.5 133.0 23.0 24.0
0 516.5 142.0 23.0 26.0
0 478.0 171.0 26.0 32.0
0 499.0 201.0 24.0 32.0
0 573.5 155.0 23.0 28.0
0 610.5 142.5 31.0 35.0
0 634.0 157.5 24.0 35.0
0 675.5 125.5 27.0 29.0
0 705.0 106.0 28.0 24.0
0 728.0 112.5 18.0 27.0
0 733.5 85.5 21.0 27.0
0 747.5 83.0 21.0 26.0
0 767.5 96.5 25.0 29.0
0 780.0 86.0 24.0 26.0
0 806.5 97.0 19.0 20.0
0 861.5 119.0 19.0 28.0
0 789.0 144.5 30.0 33.0
0 707.0 181.0 30.0 36.0
0 688.0 214.5 28.0 45.0
0 760.5 247.5 31.0 39.0
0 757.5 178.0 23.0 34.0
0 838.5 191.5 23.0 35.0
0 854.0 168.5 28.0 33.0
0 861.5 140.5 31.0 27.0
0 909.5 97.0 21.0 28.0
0 218.0 337.5 48.0 51.0
0 892.5 160.0 25.0 36.0
0 919.5 138.0 31.0 34.0
0 945.5 184.5 31.0 35.0
0 976.0 155.5 30.0 23.0
0 1018.0 136.5 34.0 43.0
0 1044.0 157.0 28.0 26.0
0 1065.0 136.0 24.0 24.0
0 1075.5 175.5 31.0 39.0
0 1099.0 169.0 34.0 42.0
0 1168.0 150.0 16.0 26.0
0 1156.5 172.5 25.0 31.0
0 969.5 210.0 27.0 36.0
0 1015.0 173.5 28.0 33.0
0 1037.0 211.0 30.0 36.0
0 1159.5 221.5 25.0 43.0
0 1034.5 282.5 49.0 53.0
0 1121.0 316.5 46.0 57.0
0 1121.0 134.5 18.0 25.0
0 912.5 118.0 29.0 28.0
0 654.5 118.0 29.0 34.0
0 598.0 126.0 30.0 32.0
0 460.5 180.0 27.0 24.0
0 429.5 182.0 27.0 26.0
0 407.0 184.5 30.0 27.0
0 1036.0 115.0 10.0 16.0
0 983.5 122.0 19.0 22.0
0 951.0 101.5 18.0 17.0
0 792.5 70.5 13.0 13.0
0 1075.0 118.0 18.0 26.0
0 1087.0 107.0 14.0 28.0
