0 159.0 339.5 36.0 41.0
0 92.5 272.5 23.0 31.0
0 76.0 228.5 20.0 33.0
0 255.0 274.0 26.0 28.0
0 259.0 192.5 20.0 31.0
0 300.5 164.5 21.0 29.0
0 212.5 145.5 19.0 23.0
0 222.0 102.5 16.0 23.0
0 148.5 115.0 15.0 20.0
0 192.5 84.0 13.0 16.0
0 61.0 126.5 14.0 17.0
0 276.0 80.5 16.0 15.0
0 316.5 68.0 15.0 16.0
0 359.0 90.0 18.0 18.0
0 356.0 111.5 16.0 19.0
0 382.0 129.5 18.0 17.0
0 438.5 124.0 15.0 20.0
0 467.0 94.5 16.0 19.0
0 445.0 46.0 12.0 16.0
0 483.5 50.5 13.0 15.0
0 535.5 50.0 13.0 14.0
0 516.5 90.5 15.0 19.0
0 556.5 158.5 19.0 25.0
0 574.5 72.5 15.0 17.0
0 576.5 92.5 17.0 15.0
0 594.5 64.0 15.0 16.0
0 596.5 40.5 11.0 13.0
0 628.5 58.0 13.0 14.0
0 590.0 121.5 18.0 23.0
0 626.5 94.5 15.0 19.0
0 667.5 41.0 13.0 14.0
0 708.0 52.0 12.0 12.0
0 745.0 71.5 14.0 17.0
0 765.5 61.0 15.0 12.0
0 707.0 109.5 18.0 19.0
0 673.5 167.0 21.0 24.0
0 754.5 129.0 19.0 18.0
0 806.5 83.5 13.0 15.0
0 662.0 263.0 30.0 36.0
0 847.5 193.0 19.0 26.0
0 881.0 150.5 18.0 21.0
0 872.5 115.5 15.0 19.0
0 896.5 116.5 15.0 15.0
0 959.5 118.0 15.0 16.0
0 1009.0 132.0 18.0 20.0
0 971.5 208.0 25.0 24.0
0 1053.5 150.5 17.0 17.0
0 1076.0 165.0 18.0 20.0
0 1146.5 204.0 17.0 22.0
