0 1200.5 151.0 13.0 22.0
0 1161.5 145.0 13.0 22.0
0 1134.5 159.0 15.0 22.0
0 1192.5 181.5 15.0 23.0
0 1188.0 196.0 16.0 26.0
0 1192.0 217.0 18.0 28.0
0 1162.0 224.5 22.0 35.0
0 1133.5 203.0 19.0 30.0
0 1166.5 280.0 25.0 42.0
0 1068.5 250.5 27.0 41.0
0 1051.5 285.5 31.0 51.0
0 1051.5 215.0 21.0 32.0
0 1062.5 185.0 21.0 26.0
0 1058.5 135.5 13.0 23.0
0 1105.0 136.0 16.0 22.0
0 1100.0 153.0 16.0 24.0
0 1079.5 141.5 15.0 17.0
0 1081.5 163.5 19.0 31.0
0 986.0 113.0 16.0 26.0
0 1013.5 128.5 17.0 25.0
0 998.5 131.0 19.0 24.0
0 991.0 175.0 22.0 34.0
0 966.0 151.5 20.0 31.0
0 961.0 122.0 18.0 24.0
0 937.0 111.0 18.0 22.0
0 911.0 113.5 14.0 21.0
0 912.0 177.0 22.0 32.0
0 890.5 130.0 17.0 22.0
0 898.5 140.0 17.0 28.0
0 885.0 166.0 22.0 30.0
0 845.0 123.0 18.0 26.0
0 836.0 80.5 14.0 19.0
0 834.5 96.0 17.0 18.0
0 858.5 96.5 13.0 17.0
0 764.0 76.5 14.0 21.0
0 724.0 68.5 14.0 19.0
0 696.0 80.0 16.0 20.0
0 733.5 93.0 17.0 22.0
0 666.5 83.0 15.0 22.0
0 670.0 96.5 16.0 21.0
0 700.5 102.5 17.0 25.0
0 697.5 117.0 17.0 24.0
0 623.0 99.5 18.0 27.0
0 631.0 96.0 16.0 24.0
0 663.0 132.5 18.0 27.0
0 590.5 90.0 17.0 22.0
0 591.5 94.0 17.0 24.0
0 591.0 125.5 20.0 29.0
0 509.0 98.5 16.0 19.0
0 518.5 114.0 17.0 24.0
0 530.5 97.5 17.0 23.0
0 562.0 145.5 22.0 31.0
0 464.0 111.0 18.0 22.0
0 469.5 145.0 17.0 26.0
0 521.0 181.0 22.0 34.0
0 361.5 126.5 21.0 23.0
0 375.5 133.5 27.0 29.0
0 412.0 124.5 18.0 25.0
0 427.0 115.5 18.0 21.0
0 435.0 157.0 22.0 34.0
0 311.5 141.0 19.0 22.0
0 222.5 172.5 19.0 27.0
0 259.5 170.5 23.0 29.0
0 959.0 262.5 30.0 53.0
0 886.5 243.5 27.0 41.0
0 796.5 246.5 31.0 39.0
0 744.0 171.0 22.0 32.0
0 805.0 144.5 24.0 35.0
0 793.0 84.0 14.0 24.0
0 806.0 81.0 16.0 20.0
0 796.5 104.5 15.0 23.0
0 738.5 103.5 17.0 23.0
0 739.0 113.5 16.0 25.0
0 693.5 198.0 25.0 38.0
0 737.5 213.5 27.0 39.0
0 87.5 331.0 57.0 70.0
