0 88.0 342.0 74.0 70.0
0 319.0 146.0 30.0 34.0
0 747.0 71.5 24.0 23.0
0 724.0 76.5 22.0 25.0
0 696.5 77.0 27.0 28.0
0 691.0 90.0 20.0 22.0
0 663.0 90.0 20.0 28.0
0 618.0 82.5 22.0 31.0
0 552.5 94.5 21.0 25.0
0 572.0 90.5 24.0 23.0
0 594.5 98.0 19.0 26.0
0 788.5 70.5 19.0 31.0
0 811.0 77.5 22.0 23.0
0 466.5 107.5 19.0 25.0
0 393.0 119.5 22.0 25.0
0 382.5 141.0 21.0 32.0
0 418.5 134.0 31.0 28.0
0 441.0 125.0 20.0 30.0
0 491.0 109.0 22.0 22.0
0 539.0 110.5 20.0 23.0
0 460.5 156.5 21.0 29.0
0 500.5 136.0 19.0 22.0
0 626.0 117.0 24.0 26.0
0 595.0 137.0 24.0 30.0
0 687.5 119.0 21.0 22.0
0 711.5 118.5 21.0 27.0
0 866.5 76.0 19.0 20.0
0 856.0 86.0 26.0 32.0
0 891.0 90.5 18.0 23.0
0 545.5 181.5 35.0 37.0
0 692.5 198.5 23.0 31.0
0 767.5 114.5 23.0 29.0
0 820.0 104.5 16.0 17.0
0 974.0 97.5 18.0 25.0
0 935.0 110.5 18.0 23.0
0 890.0 124.5 22.0 29.0
0 823.5 148.5 29.0 33.0
0 769.0 168.0 26.0 34.0
0 759.5 219.0 27.0 34.0
0 823.5 238.5 33.0 33.0
0 902.0 236.0 34.0 40.0
0 892.0 164.0 34.0 38.0
0 1014.0 110.0 22.0 26.0
0 975.0 125.0 24.0 22.0
0 929.5 139.5 33.0 29.0
0 919.0 119.5 24.0 25.0
0 954.5 167.0 23.0 26.0
0 984.0 158.0 24.0 28.0
0 1034.0 127.0 26.0 28.0
0 1016.0 172.5 24.0 29.0
0 1087.0 136.0 16.0 24.0
0 1129.0 133.5 16.0 27.0
0 1077.5 199.5 25.0 35.0
0 1185.5 138.5 15.0 25.0
0 1234.5 154.0 17.0 26.0
0 1150.5 187.0 21.0 36.0
0 1192.0 216.5 26.0 31.0
0 1219.0 174.0 20.0 22.0
0 1192.0 257.5 22.0 37.0
0 1105.0 231.0 30.0 34.0
0 1078.5 305.5 37.0 53.0
0 979.5 259.5 35.0 49.0
0 1124.5 162.0 23.0 28.0
0 1165.5 158.0 23.0 28.0
