0 191.5 317.0 51.0 54.0
0 414.5 173.5 19.0 19.0
0 477.5 167.5 19.0 25.0
0 506.0 170.0 22.0 26.0
0 526.5 164.0 25.0 24.0
0 517.0 138.0 22.0 22.0
0 610.5 142.0 21.0 26.0
0 722.0 161.5 22.0 37.0
0 825.5 160.5 25.0 33.0
0 745.5 78.0 15.0 16.0
0 812.0 41.0 14.0 16.0
0 890.0 167.5 26.0 31.0
0 983.5 211.5 29.0 31.0
0 1025.0 257.0 32.0 46.0
0 1106.0 249.5 26.0 53.0
0 1140.5 244.0 27.0 38.0
0 1109.0 210.5 28.0 35.0
0 1149.0 210.5 28.0 35.0
0 1095.0 156.5 24.0 29.0
0 1039.5 154.5 21.0 27.0
0 1078.0 115.5 18.0 23.0
0 1123.0 129.0 20.0 26.0
