0 25.0 286.0 32.0 38.0
0 294.0 233.5 24.0 27.0
0 327.5 240.0 27.0 32.0
0 357.0 251.0 26.0 34.0
0 352.5 213.5 23.0 27.0
0 420.0 249.0 28.0 34.0
0 468.0 241.5 24.0 27.0
0 462.0 222.0 22.0 24.0
0 442.0 202.0 22.0 26.0
0 502.5 235.0 27.0 26.0
0 554.0 237.0 28.0 28.0
0 507.5 207.0 21.0 22.0
0 496.5 194.5 19.0 19.0
0 492.5 175.5 17.0 19.0
0 531.5 194.5 21.0 23.0
0 527.5 181.0 15.0 18.0
0 564.0 169.5 16.0 19.0
0 580.0 166.5 16.0 19.0
0 583.5 188.5 23.0 23.0
0 581.0 214.5 22.0 21.0
0 551.5 213.0 25.0 24.0
0 618.5 183.5 21.0 21.0
0 642.0 217.5 24.0 25.0
0 676.5 198.0 25.0 30.0
0 638.5 170.5 19.0 21.0
0 678.5 155.5 17.0 17.0
0 659.0 184.5 20.0 21.0
0 702.5 167.5 19.0 19.0
0 688.0 178.5 22.0 21.0
0 703.0 153.5 18.0 17.0
0 730.5 159.5 19.0 19.0
0 735.5 172.5 17.0 19.0
0 750.0 142.0 16.0 22.0
0 770.0 148.5 16.0 19.0
0 785.5 156.0 19.0 20.0
0 785.0 178.0 18.0 22.0
0 802.5 148.0 15.0 14.0
0 827.5 159.5 21.0 23.0
0 842.0 157.5 14.0 21.0
0 859.5 176.5 19.0 25.0
0 836.5 183.5 21.0 23.0
0 782.5 205.0 25.0 28.0
0 728.5 229.5 23.0 31.0
0 668.0 281.0 34.0 38.0
0 664.5 251.0 31.0 36.0
0 616.5 275.5 33.0 45.0
0 754.0 300.0 40.0 50.0
0 749.0 261.0 32.0 38.0
0 797.0 232.0 26.0 34.0
0 851.5 245.5 29.0 37.0
0 816.5 267.0 33.0 44.0
0 816.0 311.0 44.0 50.0
0 876.5 354.5 51.0 61.0
0 886.5 202.0 19.0 28.0
0 916.5 186.0 19.0 24.0
0 909.5 153.0 19.0 22.0
0 930.0 173.0 18.0 18.0
0 959.5 160.5 19.0 27.0
0 934.5 195.5 23.0 25.0
0 993.5 207.0 19.0 28.0
0 991.5 167.5 17.0 19.0
0 948.5 182.0 17.0 24.0
0 903.0 275.5 32.0 39.0
0 944.5 285.0 33.0 40.0
0 991.5 255.0 29.0 36.0
0 1033.0 318.5 44.0 49.0
0 1020.5 368.0 49.0 50.0
0 1114.5 327.0 41.0 50.0
0 1124.0 278.5 34.0 37.0
0 1135.5 246.5 23.0 27.0
0 1068.0 255.5 30.0 33.0
0 1046.0 286.5 30.0 31.0
0 1038.0 212.5 22.0 27.0
0 1049.0 195.5 18.0 21.0
0 1035.0 176.5 20.0 23.0
0 1073.5 177.5 17.0 23.0
0 1093.5 197.5 21.0 27.0
0 1066.5 222.5 21.0 27.0
0 1132.5 221.0 17.0 24.0
0 1143.0 204.0 14.0 18.0
0 1143.0 191.5 20.0 23.0
