0 43.0 243.5 40.0 45.0
0 279.5 174.5 23.0 23.0
0 302.5 168.5 21.0 27.0
0 324.0 158.5 18.0 27.0
0 348.0 161.5 22.0 25.0
0 368.0 172.5 24.0 23.0
0 425.5 186.5 27.0 31.0
0 349.0 136.0 18.0 22.0
0 369.5 132.5 17.0 25.0
0 378.5 148.0 21.0 24.0
0 399.0 140.5 18.0 21.0
0 448.5 136.5 19.0 25.0
0 483.0 136.5 24.0 25.0
0 436.5 109.0 17.0 20.0
0 457.0 111.5 18.0 21.0
0 495.5 120.0 19.0 22.0
0 489.5 102.0 15.0 14.0
0 533.5 143.5 23.0 29.0
0 516.0 102.5 16.0 19.0
0 505.0 91.0 14.0 18.0
0 483.5 87.5 13.0 17.0
0 521.5 84.5 17.0 17.0
0 564.0 86.0 20.0 20.0
0 570.5 107.0 21.0 20.0
0 579.0 123.0 22.0 24.0
0 612.0 101.0 22.0 22.0
0 623.0 94.0 14.0 18.0
0 597.5 88.5 15.0 17.0
0 589.5 82.5 15.0 17.0
0 608.5 72.0 13.0 16.0
0 629.0 81.5 14.0 15.0
0 665.5 88.5 19.0 23.0
0 675.5 80.0 17.0 16.0
0 684.5 65.0 15.0 20.0
0 662.0 65.5 14.0 19.0
0 639.0 64.5 16.0 21.0
0 718.0 77.5 16.0 21.0
0 736.5 64.0 17.0 20.0
0 733.0 87.0 16.0 20.0
0 759.5 85.0 17.0 22.0
0 691.0 107.5 20.0 27.0
0 668.0 118.0 20.0 26.0
0 645.5 155.5 29.0 31.0
0 604.0 145.0 24.0 28.0
0 601.0 182.0 28.0 34.0
0 523.5 185.5 33.0 37.0
0 647.0 200.0 32.0 36.0
0 723.5 208.0 41.0 44.0
0 724.0 149.0 26.0 30.0
0 759.5 178.0 31.0 36.0
0 714.0 129.0 22.0 30.0
0 740.0 134.0 22.0 32.0
0 743.0 112.5 20.0 25.0
0 783.0 95.5 16.0 23.0
0 793.0 124.0 22.0 30.0
0 812.0 142.0 24.0 28.0
0 824.0 172.5 28.0 33.0
0 852.5 107.0 19.0 30.0
0 807.0 96.0 20.0 26.0
0 791.5 79.5 19.0 21.0
0 798.5 70.0 21.0 22.0
0 821.0 83.0 16.0 24.0
0 847.0 78.0 16.0 24.0
0 868.0 85.5 16.0 17.0
0 877.5 103.0 15.0 18.0
0 886.0 81.5 18.0 25.0
0 911.5 97.0 21.0 26.0
0 910.0 119.0 22.0 26.0
0 934.5 139.5 23.0 29.0
0 934.5 121.0 21.0 24.0
0 926.5 95.0 17.0 20.0
0 930.5 78.5 19.0 23.0
0 958.5 82.0 15.0 20.0
0 955.5 104.5 21.0 25.0
0 997.5 103.5 15.0 21.0
0 996.5 169.5 25.0 33.0
