0 406.0 140.0 22.0 24.0
0 395.0 137.5 16.0 19.0
0 381.0 115.5 24.0 27.0
0 422.5 114.0 17.0 20.0
0 436.5 116.0 17.0 24.0
0 455.5 142.5 25.0 31.0
0 477.0 120.5 20.0 23.0
0 438.0 97.0 14.0 16.0
0 417.5 93.5 13.0 21.0
0 468.0 95.0 16.0 18.0
0 504.0 114.0 22.0 22.0
0 522.5 127.0 21.0 24.0
0 539.0 113.5 20.0 29.0
0 561.0 95.5 18.0 21.0
0 543.5 89.5 15.0 23.0
0 535.5 83.0 13.0 16.0
0 501.5 69.5 13.0 13.0
0 492.0 88.5 16.0 21.0
0 471.0 82.0 14.0 16.0
0 497.5 81.0 17.0 14.0
0 566.5 74.0 9.0 14.0
0 582.5 81.0 17.0 20.0
0 609.0 94.0 18.0 18.0
0 607.5 77.5 13.0 15.0
0 607.0 65.5 14.0 15.0
0 630.5 58.0 13.0 12.0
0 630.0 72.5 12.0 13.0
0 656.5 84.5 17.0 19.0
0 663.5 64.0 17.0 18.0
0 699.0 70.0 16.0 18.0
0 712.5 66.0 15.0 18.0
0 633.0 122.0 18.0 22.0
0 614.0 146.5 30.0 33.0
0 568.0 154.5 26.0 27.0
0 640.5 169.0 37.0 30.0
0 690.5 203.5 35.0 39.0
0 767.5 197.0 51.0 60.0
0 751.5 154.0 31.0 38.0
0 765.5 138.5 25.0 29.0
0 765.5 112.0 21.0 22.0
0 753.5 94.0 17.0 22.0
0 734.5 87.5 17.0 19.0
0 726.0 91.5 16.0 21.0
0 724.5 113.5 17.0 21.0
0 687.0 107.0 20.0 24.0
0 767.5 79.5 13.0 17.0
0 791.5 76.0 13.0 20.0
0 802.0 90.0 14.0 22.0
0 812.5 101.5 19.0 23.0
0 804.5 120.0 17.0 22.0
0 830.5 156.5 23.0 29.0
0 853.0 127.0 16.0 22.0
0 837.0 104.5 16.0 25.0
0 850.5 92.0 19.0 22.0
0 867.5 105.0 15.0 20.0
0 889.0 100.5 16.0 19.0
0 882.5 149.0 21.0 30.0
0 869.5 181.5 25.0 35.0
0 936.5 182.5 27.0 31.0
0 897.0 139.0 18.0 26.0
0 916.0 125.5 16.0 23.0
0 907.5 110.5 13.0 17.0
0 948.5 96.5 17.0 21.0
0 952.0 113.0 14.0 20.0
0 957.0 125.5 20.0 19.0
0 941.5 140.5 15.0 23.0
