0 162.5 373.0 51.0 56.0
0 277.0 238.0 20.0 22.0
0 304.0 274.0 28.0 28.0
0 338.0 267.0 28.0 36.0
0 341.0 224.5 22.0 23.0
0 408.0 252.5 30.0 35.0
0 386.0 235.5 22.0 27.0
0 427.5 232.0 23.0 22.0
0 427.5 212.0 19.0 20.0
0 470.0 185.5 20.0 21.0
0 495.0 237.5 28.0 27.0
0 461.0 244.0 30.0 32.0
0 535.5 236.0 25.0 30.0
0 519.0 217.5 24.0 23.0
0 492.5 212.0 23.0 24.0
0 494.0 191.5 20.0 21.0
0 515.5 184.5 17.0 21.0
0 529.5 198.0 21.0 28.0
0 565.5 222.0 27.0 30.0
0 569.5 190.0 23.0 26.0
0 562.0 169.5 18.0 21.0
0 615.0 185.5 26.0 27.0
0 605.0 237.5 32.0 31.0
0 635.0 196.0 20.0 30.0
0 661.0 179.5 18.0 27.0
0 675.5 201.0 19.0 24.0
0 698.5 188.0 21.0 22.0
0 672.0 158.0 14.0 18.0
0 689.0 155.0 16.0 22.0
0 694.0 171.5 20.0 21.0
0 728.0 177.5 20.0 21.0
0 743.0 148.0 16.0 22.0
0 760.5 148.0 17.0 22.0
0 769.0 178.0 22.0 24.0
0 755.0 166.0 20.0 20.0
0 812.5 147.5 19.0 17.0
0 819.5 169.0 21.0 22.0
0 832.5 157.5 19.0 23.0
0 812.5 193.0 19.0 24.0
0 580.5 289.0 39.0 46.0
0 652.0 253.5 34.0 37.0
0 644.0 302.5 44.0 45.0
0 716.5 319.0 41.0 50.0
0 772.5 322.0 47.0 54.0
0 739.0 259.5 36.0 39.0
0 728.0 228.5 28.0 33.0
0 767.0 210.5 26.0 33.0
0 783.5 244.0 25.0 30.0
0 797.5 256.5 33.0 39.0
0 825.5 221.5 21.0 29.0
0 852.5 214.0 23.0 28.0
0 855.0 178.5 18.0 25.0
0 836.5 254.5 27.0 35.0
0 875.5 284.0 35.0 38.0
0 852.0 376.0 46.0 52.0
0 981.0 410.5 44.0 57.0
0 935.5 298.5 39.0 43.0
0 1020.5 328.0 39.0 44.0
0 893.5 178.0 21.0 24.0
0 905.5 171.0 15.0 22.0
0 943.0 199.5 20.0 27.0
0 936.5 187.5 17.0 21.0
0 952.0 187.5 18.0 25.0
0 947.0 172.5 16.0 21.0
0 982.0 173.0 20.0 26.0
0 999.0 192.5 22.0 27.0
0 988.0 208.0 18.0 22.0
0 1006.5 238.0 23.0 30.0
0 990.5 254.5 29.0 37.0
0 1042.0 282.0 36.0 40.0
0 1102.0 319.0 36.0 46.0
0 1119.5 255.5 25.0 37.0
0 1120.5 228.0 19.0 28.0
0 1132.0 215.0 20.0 26.0
0 1139.5 203.5 19.0 23.0
0 1068.0 183.0 16.0 22.0
0 1025.0 184.5 18.0 23.0
0 1042.0 194.5 22.0 27.0
0 1025.0 232.5 26.0 31.0
0 1057.0 241.0 24.0 34.0
0 1077.0 228.5 22.0 29.0
0 1088.0 212.5 20.0 23.0
