0 115.0 284.5 46.0 65.0
0 717.5 69.5 15.0 17.0
0 682.5 64.0 15.0 16.0
0 632.5 57.5 15.0 15.0
0 739.0 76.0 18.0 16.0
0 753.0 74.5 12.0 13.0
0 312.5 133.0 15.0 24.0
0 325.5 114.0 17.0 22.0
0 355.0 114.0 14.0 20.0
0 422.5 88.5 15.0 15.0
0 467.0 79.0 14.0 18.0
0 494.5 71.5 11.0 15.0
0 421.5 113.0 17.0 18.0
0 446.0 123.0 20.0 22.0
0 525.5 72.0 15.0 20.0
0 578.5 68.0 15.0 18.0
0 602.5 70.5 15.0 15.0
0 613.0 64.0 20.0 16.0
0 774.5 82.5 15.0 21.0
0 534.5 89.5 13.0 13.0
0 505.5 85.5 13.0 19.0
0 486.0 82.5 20.0 21.0
0 499.5 121.5 15.0 21.0
0 556.5 104.5 17.0 19.0
0 556.5 92.5 19.0 27.0
0 539.5 77.5 15.0 15.0
0 588.0 94.0 14.0 16.0
0 626.0 87.0 14.0 16.0
0 653.0 80.0 14.0 16.0
0 659.0 66.5 14.0 17.0
0 529.0 154.5 32.0 31.0
0 581.5 160.0 23.0 30.0
0 584.5 141.5 23.0 27.0
0 630.0 168.0 30.0 38.0
0 632.5 145.5 33.0 31.0
0 636.5 124.5 21.0 27.0
0 658.5 111.0 23.0 24.0
0 665.0 137.0 22.0 24.0
0 705.5 96.5 19.0 17.0
0 698.5 119.5 21.0 21.0
0 717.0 133.0 18.0 22.0
0 673.5 167.0 25.0 24.0
0 672.5 194.0 33.0 24.0
0 753.0 188.5 30.0 35.0
0 746.5 97.5 15.0 17.0
0 809.5 97.0 17.0 24.0
0 842.0 86.0 16.0 20.0
0 828.0 99.0 20.0 22.0
0 782.0 122.5 24.0 27.0
0 791.5 156.5 27.0 25.0
0 832.0 202.5 32.0 33.0
0 838.0 123.5 20.0 25.0
0 814.0 148.5 26.0 27.0
0 876.5 87.5 15.0 19.0
0 862.5 104.5 21.0 17.0
0 885.0 119.5 18.0 21.0
0 912.5 91.5 13.0 19.0
0 910.5 104.5 17.0 23.0
0 937.5 97.0 13.0 20.0
0 928.5 140.0 21.0 22.0
0 918.5 160.0 17.0 24.0
0 915.0 182.5 26.0 25.0
0 864.5 166.0 23.0 30.0
0 876.0 140.5 22.0 31.0
0 895.5 112.5 17.0 19.0
0 848.0 112.0 22.0 30.0
0 766.0 107.0 26.0 28.0
0 758.5 85.0 19.0 22.0
0 687.0 78.5 24.0 25.0
0 487.5 101.5 15.0 21.0
0 435.5 107.0 15.0 20.0
0 467.0 87.0 16.0 16.0
0 938.0 125.0 14.0 20.0
