0 278.0 160.0 20.0 20.0
0 289.5 162.0 19.0 24.0
0 320.5 162.5 19.0 25.0
0 337.0 172.0 18.0 24.0
0 359.5 187.5 23.0 23.0
0 361.0 146.0 20.0 22.0
0 395.0 132.0 18.0 22.0
0 409.0 130.5 18.0 19.0
0 417.0 184.0 26.0 28.0
0 431.5 146.0 23.0 22.0
0 497.5 139.0 25.0 26.0
0 481.5 111.5 21.0 23.0
0 532.5 102.5 17.0 17.0
0 553.5 114.5 21.0 23.0
0 540.5 131.5 21.0 21.0
0 586.5 119.0 23.0 20.0
0 585.0 100.0 20.0 18.0
0 611.0 106.0 20.0 24.0
0 627.5 76.5 17.0 17.0
0 598.5 140.0 21.0 24.0
0 522.5 188.5 25.0 31.0
0 575.0 194.0 32.0 36.0
0 615.0 167.0 28.0 36.0
0 643.0 135.5 24.0 27.0
0 668.0 121.0 22.0 26.0
0 687.0 215.0 34.0 44.0
0 677.0 168.0 30.0 32.0
0 701.0 133.5 24.0 31.0
0 714.5 114.0 21.0 24.0
0 752.5 125.5 21.0 23.0
0 760.0 112.0 20.0 22.0
0 748.0 158.0 26.0 30.0
0 781.0 145.5 22.0 27.0
0 789.0 117.5 18.0 21.0
0 811.0 124.0 18.0 24.0
0 799.0 89.0 16.0 20.0
0 830.0 91.0 18.0 20.0
0 848.0 108.5 20.0 21.0
0 855.0 143.0 20.0 22.0
0 839.5 155.5 29.0 35.0
0 810.0 188.0 26.0 34.0
0 791.0 224.5 34.0 37.0
0 884.5 183.0 29.0 34.0
0 898.5 164.5 25.0 29.0
0 937.5 180.5 27.0 33.0
0 919.5 132.0 19.0 26.0
0 875.5 125.5 17.0 25.0
0 887.5 100.5 15.0 19.0
