0 138.5 377.0 45.0 52.0
0 260.0 231.0 20.0 22.0
0 293.5 234.0 21.0 26.0
0 325.0 252.0 20.0 24.0
0 385.5 248.0 25.0 24.0
0 328.0 209.5 18.0 25.0
0 407.0 221.5 16.0 21.0
0 411.0 197.5 18.0 21.0
0 449.0 225.0 14.0 22.0
0 476.0 224.0 20.0 22.0
0 520.0 226.0 20.0 26.0
0 473.5 203.0 17.0 20.0
0 461.5 174.0 17.0 18.0
0 480.0 185.5 14.0 17.0
0 495.5 175.5 13.0 15.0
0 520.5 176.0 13.0 18.0
0 553.0 206.5 16.0 19.0
0 591.0 219.5 18.0 21.0
0 539.0 166.5 14.0 15.0
0 574.5 178.5 17.0 19.0
0 592.0 174.5 14.0 15.0
0 612.0 183.0 16.0 22.0
0 654.5 190.5 15.0 19.0
0 505.0 208.5 18.0 23.0
0 549.5 157.0 13.0 16.0
0 613.0 160.0 14.0 20.0
0 638.5 165.5 15.0 19.0
0 674.0 180.0 16.0 22.0
0 667.5 144.5 11.0 15.0
0 675.0 155.5 14.0 17.0
0 689.5 164.0 13.0 14.0
0 704.5 171.5 17.0 17.0
0 767.5 163.5 13.0 15.0
0 796.5 154.0 11.0 14.0
0 813.0 151.0 14.0 18.0
0 792.5 139.5 13.0 15.0
0 754.5 153.0 15.0 18.0
0 741.5 147.0 15.0 16.0
0 716.0 147.0 14.0 20.0
0 717.0 136.5 14.0 17.0
0 571.0 256.0 30.0 36.0
0 644.0 274.5 32.0 35.0
0 635.0 247.5 32.0 31.0
0 703.0 249.0 26.0 34.0
0 720.5 291.0 29.0 42.0
0 749.0 318.0 36.0 42.0
0 835.5 368.5 37.0 49.0
0 991.0 353.0 36.0 46.0
0 709.0 220.5 26.0 29.0
0 765.0 228.5 28.0 31.0
0 747.5 206.0 23.0 28.0
0 792.0 188.5 22.0 27.0
0 820.0 202.0 18.0 26.0
0 846.0 197.5 18.0 27.0
0 839.0 167.5 18.0 27.0
0 868.5 173.0 19.0 24.0
0 871.0 159.0 16.0 24.0
0 890.5 153.0 17.0 22.0
0 903.5 177.5 15.0 21.0
0 925.0 190.5 18.0 21.0
0 934.5 177.0 15.0 18.0
0 928.5 158.5 19.0 23.0
0 788.5 260.5 29.0 37.0
0 817.0 247.0 26.0 34.0
0 863.0 274.0 30.0 36.0
0 936.0 290.5 32.0 39.0
0 1010.0 313.5 36.0 43.0
0 1100.0 318.0 32.0 38.0
0 1092.5 269.5 27.0 31.0
0 1025.5 258.5 25.0 37.0
0 968.5 243.0 27.0 30.0
0 971.0 202.0 20.0 22.0
0 965.5 164.5 17.0 21.0
0 1004.5 172.0 13.0 16.0
0 1011.5 185.0 15.0 18.0
0 1005.5 207.0 17.0 26.0
0 1037.0 228.0 20.0 22.0
0 1037.5 171.0 17.0 22.0
0 1066.5 187.0 15.0 20.0
0 1062.5 216.5 17.0 23.0
0 1111.0 241.0 20.0 28.0
0 1089.0 209.5 16.0 23.0
0 1114.5 209.0 17.0 18.0
0 1116.0 180.0 16.0 22.0
