0 81.5 305.0 49.0 50.0
0 363.0 190.5 28.0 33.0
0 412.0 188.0 24.0 30.0
0 392.5 166.5 23.0 29.0
0 435.0 148.5 24.0 27.0
0 443.5 160.5 23.0 23.0
0 463.0 180.5 24.0 31.0
0 507.5 201.5 27.0 31.0
0 496.5 188.5 23.0 27.0
0 477.5 161.0 25.0 30.0
0 502.0 158.5 22.0 23.0
0 514.5 138.0 21.0 26.0
0 556.0 153.0 24.0 28.0
0 568.5 135.5 21.0 27.0
0 610.0 158.0 26.0 30.0
0 540.0 126.5 24.0 29.0
0 583.0 114.5 18.0 19.0
0 584.5 101.0 17.0 18.0
0 595.0 98.5 14.0 19.0
0 634.0 134.0 24.0 28.0
0 640.0 116.0 24.0 24.0
0 629.5 106.0 17.0 18.0
0 637.5 95.5 19.0 19.0
0 651.0 101.0 16.0 22.0
0 676.5 93.5 17.0 19.0
0 680.5 124.0 23.0 26.0
0 704.0 99.0 20.0 22.0
0 737.5 114.0 25.0 24.0
0 728.0 103.0 18.0 22.0
0 709.0 84.0 20.0 20.0
0 741.0 87.0 20.0 26.0
0 782.5 98.0 21.0 26.0
0 771.5 84.5 17.0 23.0
0 774.5 68.5 17.0 15.0
0 798.5 87.0 15.0 22.0
0 822.5 89.5 17.0 23.0
0 818.0 69.0 16.0 20.0
0 839.5 69.0 19.0 18.0
0 843.0 86.0 14.0 22.0
0 882.5 77.5 19.0 19.0
0 683.0 201.5 42.0 45.0
0 705.5 168.0 31.0 38.0
0 757.0 228.0 40.0 48.0
0 775.5 173.0 29.0 38.0
0 776.0 151.5 30.0 31.0
0 854.0 155.5 22.0 35.0
0 845.0 198.0 28.0 44.0
0 897.0 159.0 30.0 40.0
0 855.5 130.0 21.0 24.0
0 888.5 104.0 21.0 28.0
0 917.5 133.0 27.0 32.0
0 960.5 208.0 31.0 48.0
0 952.5 169.5 33.0 43.0
0 976.0 147.0 24.0 30.0
0 927.5 94.0 17.0 22.0
0 1065.0 170.0 28.0 34.0
0 1049.0 226.5 34.0 45.0
0 1028.0 273.5 46.0 61.0
0 1120.0 306.0 38.0 58.0
0 1027.0 175.5 22.0 31.0
0 1143.0 239.0 38.0 52.0
0 1156.0 168.0 24.0 32.0
0 1178.0 205.5 30.0 33.0
0 1105.0 155.5 24.0 31.0
0 1124.0 131.0 18.0 22.0
0 1129.0 113.0 20.0 24.0
0 1145.5 97.0 17.0 26.0
0 1175.0 106.5 16.0 21.0
0 1058.0 134.0 20.0 28.0
0 1076.0 115.0 20.0 22.0
0 1079.5 95.0 17.0 22.0
0 960.0 102.5 20.0 29.0
0 985.0 110.5 20.0 25.0
0 984.0 84.5 18.0 23.0
0 1009.5 79.0 19.0 24.0
0 1021.0 104.0 16.0 24.0
0 1013.5 123.0 17.0 24.0
0 1036.0 87.0 14.0 24.0
0 1054.5 90.5 17.0 21.0
0 1096.5 98.0 15.0 20.0
