0 192.5 293.0 45.0 50.0
0 294.0 158.0 14.0 16.0
0 405.5 176.0 25.0 22.0
0 354.5 171.0 27.0 20.0
0 317.5 169.5 25.0 23.0
0 749.5 64.0 17.0 14.0
0 712.5 69.5 15.0 17.0
0 678.5 63.5 11.0 13.0
0 658.5 64.0 11.0 14.0
0 637.0 75.0 16.0 14.0
0 601.0 76.5 16.0 17.0
0 566.0 85.5 14.0 13.0
0 552.5 91.0 13.0 14.0
0 540.0 83.5 8.0 11.0
0 516.5 91.5 13.0 17.0
0 475.5 114.5 17.0 19.0
0 454.5 107.0 15.0 14.0
0 451.0 69.0 14.0 16.0
0 392.0 121.0 18.0 18.0
0 428.5 121.5 19.0 19.0
0 479.5 149.5 21.0 23.0
0 517.0 133.5 22.0 25.0
0 516.5 117.0 21.0 20.0
0 561.0 109.5 16.0 17.0
0 592.0 115.0 18.0 22.0
0 613.5 107.5 19.0 21.0
0 657.0 87.0 18.0 20.0
0 529.0 208.5 30.0 25.0
0 574.0 214.5 32.0 33.0
0 622.5 142.5 21.0 25.0
0 676.0 145.0 24.0 24.0
0 706.5 103.5 21.0 21.0
0 808.5 71.0 17.0 20.0
0 803.0 92.0 16.0 18.0
0 836.5 78.5 13.0 17.0
0 842.0 96.5 16.0 19.0
0 899.5 78.0 13.0 18.0
0 910.5 88.0 15.0 20.0
0 923.5 94.0 15.0 26.0
0 934.5 76.0 11.0 12.0
0 998.5 97.0 11.0 18.0
0 987.0 125.5 16.0 25.0
0 949.0 116.0 20.0 16.0
0 949.5 129.5 17.0 23.0
0 996.5 140.5 21.0 27.0
0 892.0 125.0 22.0 28.0
0 842.0 119.5 24.0 25.0
0 771.0 120.5 22.0 21.0
0 784.5 108.0 23.0 20.0
0 746.0 118.0 20.0 22.0
0 702.0 138.5 24.0 27.0
0 742.0 145.5 24.0 23.0
0 723.5 194.5 27.0 29.0
0 798.5 160.5 23.0 31.0
0 807.5 138.0 21.0 28.0
0 844.5 162.5 23.0 29.0
0 866.0 152.0 20.0 28.0
0 793.0 208.0 34.0 42.0
0 881.5 196.5 31.0 39.0
0 925.5 156.0 21.0 28.0
0 945.0 211.5 24.0 35.0
0 973.5 223.5 23.0 23.0
0 965.5 171.5 19.0 27.0
