0 173.5 163.5 33.0 41.0
0 289.5 108.5 15.0 19.0
0 344.5 97.5 19.0 23.0
0 349.0 86.0 16.0 20.0
0 381.0 109.5 18.0 25.0
0 369.5 138.5 23.0 27.0
0 360.0 106.0 20.0 22.0
0 387.5 79.5 15.0 17.0
0 405.0 82.5 16.0 19.0
0 411.0 90.5 16.0 19.0
0 411.0 106.0 18.0 24.0
0 422.0 121.5 20.0 25.0
0 430.0 66.5 12.0 15.0
0 442.5 69.5 13.0 15.0
0 430.5 91.0 19.0 22.0
0 457.5 103.5 19.0 19.0
0 471.5 85.5 19.0 17.0
0 481.0 100.0 22.0 20.0
0 496.5 87.5 15.0 15.0
0 499.0 67.5 12.0 13.0
0 503.0 69.0 12.0 14.0
0 510.5 74.0 15.0 20.0
0 530.5 87.0 19.0 18.0
0 535.5 75.0 17.0 14.0
0 525.5 59.5 13.0 15.0
0 569.5 63.5 9.0 11.0
0 571.0 54.5 10.0 11.0
0 620.0 61.0 12.0 16.0
0 638.5 66.0 11.0 16.0
0 536.0 134.0 20.0 28.0
0 552.0 130.0 24.0 30.0
0 579.0 114.0 20.0 24.0
0 613.0 101.0 20.0 20.0
0 647.5 92.5 15.0 19.0
0 661.5 95.5 13.0 17.0
0 652.0 82.0 16.0 18.0
0 658.0 77.0 12.0 16.0
0 676.5 76.5 13.0 15.0
0 693.0 83.0 14.0 18.0
0 712.0 72.0 14.0 18.0
0 720.5 82.0 13.0 16.0
0 718.0 93.0 16.0 18.0
0 719.0 109.5 16.0 23.0
0 685.5 101.5 17.0 21.0
0 683.0 131.5 20.0 27.0
0 662.0 148.5 28.0 29.0
0 588.5 210.0 31.0 30.0
0 754.5 159.5 25.0 33.0
0 764.5 137.0 19.0 26.0
0 759.0 114.5 18.0 21.0
0 747.0 61.5 22.0 27.0
0 786.5 53.0 17.0 24.0
0 811.5 107.0 19.0 22.0
0 800.0 122.5 20.0 25.0
0 791.5 146.0 21.0 30.0
0 822.5 170.0 23.0 34.0
0 845.5 120.5 17.0 19.0
0 867.5 76.5 17.0 23.0
0 838.5 59.0 15.0 18.0
0 877.5 65.5 15.0 17.0
0 888.5 75.5 13.0 19.0
