0 208.5 275.5 55.0 61.0
0 270.0 260.0 50.0 58.0
0 332.0 171.5 18.0 17.0
0 397.0 154.5 22.0 29.0
0 437.0 143.0 18.0 22.0
0 455.5 162.0 25.0 28.0
0 469.5 137.0 25.0 26.0
0 477.0 113.5 22.0 23.0
0 505.0 116.0 22.0 24.0
0 497.5 52.5 19.0 13.0
0 491.5 91.0 13.0 14.0
0 526.5 93.5 19.0 19.0
0 564.0 83.5 14.0 15.0
0 556.0 95.5 18.0 19.0
0 581.0 92.5 20.0 19.0
0 611.5 92.0 15.0 20.0
0 569.5 121.5 19.0 21.0
0 507.0 193.0 34.0 36.0
0 695.5 157.5 27.0 31.0
0 757.5 173.0 35.0 34.0
0 827.5 162.5 31.0 37.0
0 730.5 90.5 23.0 23.0
0 751.5 80.5 21.0 21.0
0 768.5 96.5 19.0 21.0
0 788.5 80.0 19.0 20.0
0 802.5 102.0 21.0 24.0
0 843.0 114.5 26.0 27.0
0 915.0 129.0 24.0 28.0
0 860.5 77.5 17.0 23.0
