0 155.0 248.5 60.0 69.0
0 370.5 127.5 19.0 21.0
0 387.5 128.0 25.0 28.0
0 368.5 105.5 21.0 21.0
0 392.0 91.0 20.0 20.0
0 421.5 93.5 19.0 19.0
0 427.5 109.5 19.0 21.0
0 438.5 136.5 27.0 23.0
0 413.5 125.5 21.0 21.0
0 461.0 130.0 22.0 24.0
0 462.0 104.0 18.0 20.0
0 459.0 87.0 18.0 18.0
0 447.5 84.5 15.0 19.0
0 431.5 78.5 15.0 17.0
0 477.5 78.5 13.0 19.0
0 488.0 66.5 10.0 13.0
0 525.5 87.0 17.0 18.0
0 495.0 110.0 20.0 26.0
0 524.5 108.5 19.0 23.0
0 545.5 88.5 17.0 21.0
0 564.5 76.5 17.0 19.0
0 524.0 75.0 12.0 14.0
0 576.0 93.5 20.0 23.0
0 575.0 59.5 14.0 15.0
0 595.0 72.0 18.0 20.0
0 609.0 79.0 16.0 18.0
0 612.5 66.5 15.0 15.0
0 595.5 55.5 13.0 13.0
0 646.5 55.0 19.0 18.0
0 650.5 74.5 17.0 19.0
0 675.0 66.0 14.0 18.0
0 689.5 65.0 13.0 16.0
0 628.0 121.0 20.0 24.0
0 598.5 140.5 31.0 37.0
0 548.5 151.0 25.0 26.0
0 614.0 164.5 28.0 31.0
0 683.5 177.5 33.0 31.0
0 713.0 156.5 32.0 39.0
0 741.0 133.5 22.0 27.0
0 737.5 113.0 21.0 26.0
0 717.5 94.5 19.0 23.0
0 702.5 86.0 15.0 24.0
0 693.0 110.5 20.0 25.0
0 682.0 92.0 20.0 22.0
0 669.0 100.5 20.0 25.0
0 729.0 74.0 20.0 20.0
0 752.0 80.5 18.0 19.0
0 775.0 71.5 20.0 23.0
0 775.0 87.0 18.0 22.0
0 762.5 103.0 21.0 26.0
0 799.0 135.5 24.0 31.0
0 772.0 129.0 26.0 24.0
0 820.0 184.0 28.0 38.0
0 820.0 129.0 18.0 26.0
0 806.5 96.0 19.0 22.0
0 826.5 87.0 17.0 28.0
0 844.5 107.0 15.0 20.0
0 860.5 99.5 13.0 19.0
0 881.0 110.5 16.0 19.0
0 878.5 128.5 21.0 23.0
0 870.5 147.0 21.0 30.0
0 905.5 177.5 25.0 31.0
0 932.0 120.5 16.0 27.0
0 926.0 92.0 16.0 24.0
