0 133.5 388.0 57.0 78.0
0 270.0 250.5 20.0 23.0
0 356.5 218.0 21.0 28.0
0 326.5 243.5 19.0 27.0
0 367.0 255.5 26.0 29.0
0 446.0 207.5 22.0 21.0
0 492.5 181.5 21.0 23.0
0 524.5 179.5 31.0 25.0
0 561.5 180.5 27.0 27.0
0 582.0 170.5 20.0 19.0
0 420.5 257.0 31.0 30.0
0 442.0 241.5 30.0 25.0
0 485.0 231.5 20.0 23.0
0 505.0 213.5 16.0 25.0
0 543.0 200.0 32.0 24.0
0 592.0 192.5 24.0 21.0
0 511.0 243.5 20.0 23.0
0 541.0 246.5 22.0 23.0
0 611.0 191.5 22.0 31.0
0 625.5 182.5 27.0 31.0
0 653.5 195.0 19.0 24.0
0 695.5 157.0 17.0 16.0
0 689.5 198.0 23.0 24.0
0 714.5 187.0 23.0 26.0
0 747.5 161.5 13.0 19.0
0 755.5 149.0 15.0 22.0
0 574.5 228.0 23.0 26.0
0 545.0 223.5 34.0 29.0
0 627.5 231.0 29.0 28.0
0 803.0 163.5 26.0 25.0
0 827.0 164.5 24.0 17.0
0 843.5 161.0 25.0 20.0
0 779.0 176.5 20.0 19.0
0 782.0 214.0 22.0 24.0
0 734.5 229.5 25.0 25.0
0 693.5 249.0 29.0 32.0
0 575.5 292.5 33.0 39.0
0 674.0 285.5 36.0 37.0
0 712.0 308.5 36.0 51.0
0 808.0 234.0 26.0 26.0
0 787.0 329.0 38.0 40.0
0 823.0 262.0 28.0 36.0
0 847.5 246.0 29.0 28.0
0 832.5 191.5 17.0 23.0
0 873.0 188.5 20.0 25.0
0 926.0 166.0 28.0 26.0
0 907.5 178.5 27.0 27.0
0 907.0 193.5 34.0 27.0
0 889.0 209.0 22.0 24.0
0 965.5 169.5 25.0 21.0
0 954.0 190.5 30.0 27.0
0 935.0 212.0 26.0 30.0
0 918.5 288.0 47.0 42.0
0 875.5 359.5 47.0 53.0
0 983.0 220.0 18.0 32.0
0 1008.0 193.5 22.0 27.0
0 1034.0 188.0 22.0 24.0
0 1058.0 189.5 20.0 23.0
0 1077.0 186.0 18.0 24.0
0 1035.0 222.0 26.0 32.0
0 1013.0 242.0 26.0 36.0
0 989.0 265.5 38.0 43.0
0 978.0 298.0 38.0 44.0
0 991.5 385.5 47.0 59.0
0 1040.5 309.0 37.0 42.0
0 1062.0 268.5 24.0 41.0
0 1077.0 249.0 30.0 38.0
0 1097.5 237.0 23.0 26.0
0 1101.5 206.0 29.0 28.0
0 1147.0 197.5 20.0 23.0
0 1141.0 237.5 16.0 21.0
0 1130.0 280.5 22.0 25.0
0 1119.5 334.5 45.0 49.0
0 648.5 173.5 17.0 15.0
0 741.0 184.0 30.0 24.0
0 771.5 156.5 17.0 23.0
