0 223.5 293.0 47.0 56.0
0 360.0 151.0 24.0 24.0
0 398.0 130.0 20.0 24.0
0 484.5 129.0 21.0 26.0
0 494.5 113.0 19.0 24.0
0 478.5 103.5 15.0 19.0
0 511.5 102.5 19.0 19.0
0 525.5 110.5 23.0 23.0
0 520.0 147.0 26.0 30.0
0 568.5 145.5 29.0 29.0
0 552.5 115.5 23.0 27.0
0 547.0 88.5 18.0 19.0
0 562.0 92.5 18.0 23.0
0 589.5 95.5 17.0 23.0
0 607.5 101.0 19.0 24.0
0 631.5 88.0 21.0 22.0
0 652.5 117.5 23.0 27.0
0 660.0 88.0 16.0 22.0
0 689.5 98.0 21.0 26.0
0 728.5 85.5 17.0 21.0
0 637.0 112.0 22.0 24.0
0 584.0 190.0 32.0 40.0
0 658.5 163.0 25.0 34.0
0 679.5 186.5 31.0 47.0
0 731.0 189.0 34.0 50.0
0 785.5 214.0 39.0 50.0
0 783.0 185.0 28.0 30.0
0 742.5 182.0 27.0 36.0
0 734.5 141.5 29.0 35.0
0 772.0 118.5 28.0 33.0
0 773.5 148.0 31.0 38.0
0 819.0 126.5 26.0 27.0
0 842.0 154.0 30.0 38.0
0 861.5 119.0 21.0 30.0
0 849.0 57.5 22.0 29.0
0 818.5 105.0 23.0 22.0
0 915.0 135.5 22.0 31.0
0 940.0 100.0 16.0 24.0
0 975.0 108.5 16.0 23.0
0 1014.5 107.0 21.0 30.0
0 988.5 135.0 19.0 30.0
0 958.0 158.0 26.0 30.0
0 949.5 182.5 29.0 41.0
0 991.0 205.0 24.0 36.0
0 1014.0 190.0 26.0 30.0
0 1031.5 143.0 21.0 32.0
0 1079.5 149.0 25.0 30.0
0 1072.5 225.5 27.0 35.0
0 1052.5 252.0 35.0 48.0
