0 40.0 237.5 32.0 39.0
0 958.5 79.0 17.0 22.0
0 929.5 76.5 17.0 19.0
0 798.5 61.5 11.0 21.0
0 735.5 61.5 15.0 19.0
0 683.0 62.5 12.0 19.0
0 660.0 63.0 18.0 18.0
0 833.0 71.5 16.0 19.0
0 608.5 68.0 15.0 12.0
0 718.5 74.0 17.0 14.0
0 758.5 81.5 17.0 19.0
0 850.0 79.0 14.0 16.0
0 866.5 84.5 15.0 15.0
0 884.5 81.5 19.0 21.0
0 910.0 93.5 22.0 23.0
0 924.5 91.0 15.0 16.0
0 952.5 102.5 15.0 17.0
0 996.5 99.0 19.0 20.0
0 781.5 94.5 17.0 19.0
0 804.5 92.5 19.0 23.0
0 850.0 105.5 18.0 21.0
0 906.5 119.0 17.0 18.0
0 518.0 78.5 12.0 17.0
0 566.0 83.5 26.0 21.0
0 591.0 89.0 20.0 22.0
0 662.0 86.5 22.0 19.0
0 623.5 90.5 21.0 21.0
0 612.5 97.5 23.0 23.0
0 484.5 87.5 15.0 15.0
0 438.0 104.0 20.0 20.0
0 370.5 132.0 23.0 24.0
0 346.0 135.0 16.0 22.0
0 324.0 154.0 26.0 26.0
0 301.0 167.0 24.0 22.0
0 275.0 170.5 24.0 23.0
0 398.0 136.0 24.0 18.0
0 354.0 163.5 36.0 31.0
0 423.0 184.5 28.0 29.0
0 447.5 134.0 25.0 22.0
0 482.5 103.0 17.0 12.0
0 492.0 120.5 24.0 15.0
0 529.5 138.0 21.0 28.0
0 515.0 98.0 14.0 18.0
0 576.5 121.5 25.0 25.0
0 521.0 181.0 30.0 36.0
0 598.5 179.5 31.0 31.0
0 604.0 144.5 26.0 29.0
0 665.5 115.0 27.0 28.0
0 645.5 151.0 27.0 26.0
0 647.0 196.5 32.0 31.0
0 720.0 203.5 36.0 43.0
0 693.5 107.0 17.0 24.0
0 711.5 126.0 21.0 22.0
0 724.0 149.0 22.0 26.0
0 744.5 132.0 27.0 32.0
0 739.0 103.5 24.0 21.0
0 792.5 123.5 23.0 35.0
0 812.0 140.5 28.0 29.0
0 759.0 173.0 32.0 36.0
0 821.0 170.0 30.0 32.0
0 932.0 132.0 26.0 28.0
0 995.0 164.5 24.0 35.0
0 481.5 136.0 25.0 26.0
0 457.5 111.0 23.0 18.0
0 553.5 105.5 27.0 25.0
0 636.0 63.5 18.0 19.0
0 525.5 125.5 21.0 23.0
0 415.5 128.0 23.0 20.0
0 878.0 103.0 16.0 20.0
