0 245.0 281.5 54.0 59.0
0 377.5 182.5 27.0 31.0
0 394.5 185.5 29.0 33.0
0 425.0 153.0 22.0 24.0
0 445.5 180.5 33.0 31.0
0 466.5 167.0 27.0 32.0
0 492.0 182.5 32.0 35.0
0 504.0 162.0 24.0 24.0
0 523.0 134.0 24.0 26.0
0 532.0 174.5 32.0 37.0
0 560.0 161.5 26.0 33.0
0 586.5 165.0 31.0 34.0
0 551.0 117.0 18.0 24.0
0 569.0 120.0 16.0 22.0
0 569.5 99.5 17.0 21.0
0 590.5 109.5 17.0 25.0
0 637.0 92.5 24.0 19.0
0 651.5 109.0 19.0 22.0
0 634.5 129.0 25.0 28.0
0 692.0 114.0 22.0 28.0
0 691.0 94.5 20.0 19.0
0 706.0 130.0 28.0 28.0
0 668.0 94.0 16.0 20.0
0 689.0 177.0 36.0 34.0
0 682.0 214.5 44.0 41.0
0 763.5 224.0 41.0 44.0
0 759.5 181.0 35.0 40.0
0 759.0 149.0 34.0 36.0
0 711.5 88.0 21.0 22.0
0 738.0 102.5 24.0 29.0
0 764.0 103.5 22.0 25.0
0 760.0 84.0 14.0 20.0
0 770.0 78.5 18.0 25.0
0 747.0 73.5 14.0 17.0
0 805.0 93.5 22.0 25.0
0 818.5 79.5 19.0 23.0
0 810.5 69.0 15.0 16.0
0 841.0 83.5 22.0 25.0
0 877.5 74.5 15.0 21.0
0 868.0 123.0 22.0 28.0
0 829.0 159.0 30.0 34.0
0 828.0 185.5 36.0 35.0
0 1001.5 271.0 53.0 60.0
0 1053.5 226.0 35.0 50.0
0 980.0 207.5 30.0 37.0
0 942.0 158.5 36.0 39.0
0 890.5 157.0 31.0 38.0
0 917.5 129.0 21.0 32.0
0 902.0 116.0 24.0 30.0
0 933.5 83.0 25.0 26.0
0 945.5 98.0 17.0 22.0
0 981.5 112.5 21.0 25.0
0 973.0 145.5 28.0 35.0
0 943.0 117.5 22.0 25.0
0 1003.5 128.0 23.0 26.0
0 1023.5 107.5 23.0 25.0
0 979.5 86.0 21.0 20.0
0 1014.5 82.0 23.0 24.0
0 1057.5 89.0 23.0 22.0
0 1054.5 129.5 23.0 31.0
0 1033.0 150.5 24.0 29.0
0 1010.0 172.0 30.0 38.0
0 1082.0 176.0 30.0 36.0
0 1107.5 165.0 27.0 36.0
0 1137.0 204.5 42.0 51.0
0 1143.5 180.0 29.0 34.0
0 1158.0 166.5 32.0 29.0
0 1122.0 131.0 24.0 30.0
0 1127.0 105.0 22.0 26.0
0 1077.5 117.0 21.0 24.0
0 1088.0 105.5 22.0 23.0
0 1109.0 297.5 46.0 61.0
