0 324.0 83.5 14.0 13.0
0 353.0 83.0 14.0 16.0
0 359.5 73.0 11.0 14.0
0 375.5 80.0 13.0 14.0
0 388.0 80.5 12.0 15.0
0 394.0 69.0 12.0 12.0
0 406.5 73.5 11.0 15.0
0 413.5 86.5 15.0 17.0
0 415.0 71.0 12.0 16.0
0 426.5 59.5 11.0 13.0
0 435.5 67.0 13.0 12.0
0 447.0 60.5 10.0 13.0
0 433.5 86.5 15.0 17.0
0 465.0 70.5 12.0 15.0
0 478.5 55.0 11.0 12.0
0 489.0 67.5 14.0 15.0
0 498.0 53.5 10.0 15.0
0 512.0 59.0 14.0 16.0
0 513.0 74.5 12.0 15.0
0 525.0 47.5 10.0 11.0
0 538.5 65.0 13.0 16.0
0 560.5 49.5 9.0 13.0
0 563.0 58.5 10.0 11.0
0 575.5 54.0 13.0 14.0
0 532.5 105.5 19.0 21.0
0 586.5 150.0 35.0 44.0
0 577.0 106.5 18.0 21.0
0 582.5 92.0 13.0 20.0
0 594.5 83.5 17.0 21.0
0 609.0 93.0 20.0 26.0
0 599.5 113.5 23.0 29.0
0 628.0 84.0 12.0 16.0
0 624.5 69.5 15.0 13.0
0 623.5 40.5 11.0 17.0
0 606.0 58.5 12.0 13.0
0 645.5 62.0 13.0 18.0
0 657.5 62.5 11.0 15.0
0 660.5 87.5 13.0 17.0
0 666.0 74.5 12.0 15.0
0 683.5 77.5 13.0 17.0
0 692.5 72.5 15.0 15.0
0 704.0 65.5 12.0 15.0
0 709.5 88.0 13.0 18.0
0 683.0 97.0 18.0 18.0
0 750.0 127.5 16.0 25.0
0 771.0 98.5 14.0 17.0
0 782.0 85.0 16.0 20.0
0 795.5 111.0 17.0 18.0
0 800.5 101.0 15.0 14.0
0 800.0 88.0 10.0 14.0
0 823.0 61.0 14.0 16.0
