0 177.0 287.5 42.0 45.0
0 285.0 155.5 20.0 19.0
0 371.0 115.5 18.0 19.0
0 378.5 161.5 19.0 21.0
0 423.0 133.5 18.0 21.0
0 468.0 130.5 20.0 23.0
0 429.0 97.5 18.0 21.0
0 481.5 82.0 19.0 18.0
0 539.0 78.0 14.0 16.0
0 552.0 75.5 14.0 17.0
0 578.5 65.0 13.0 12.0
0 578.0 78.5 14.0 17.0
0 599.0 72.5 12.0 15.0
0 625.5 75.5 13.0 15.0
0 635.0 90.5 16.0 17.0
0 670.0 79.5 16.0 13.0
0 576.5 108.5 19.0 19.0
0 514.0 178.5 20.0 21.0
0 556.0 194.5 26.0 27.0
0 571.0 150.0 20.0 26.0
0 627.5 155.0 25.0 26.0
0 674.5 130.5 21.0 23.0
0 675.0 103.0 18.0 24.0
0 711.5 93.5 23.0 29.0
0 736.0 106.0 20.0 24.0
0 689.0 190.5 30.0 41.0
0 748.5 152.5 27.0 35.0
0 773.0 182.0 24.0 32.0
0 779.0 131.5 22.0 27.0
0 804.5 117.5 19.0 27.0
0 797.5 165.5 27.0 35.0
0 834.5 140.5 21.0 29.0
0 814.5 229.0 33.0 36.0
0 866.5 177.0 29.0 36.0
0 921.5 208.5 37.0 45.0
0 941.5 193.5 27.0 29.0
0 864.0 77.5 12.0 17.0
0 856.0 83.5 12.0 15.0
0 884.5 89.0 17.0 16.0
0 894.0 74.0 12.0 16.0
0 929.0 84.0 10.0 12.0
0 954.5 90.5 11.0 11.0
0 798.5 90.0 19.0 14.0
