0 116.5 161.5 19.0 21.0
0 353.0 124.5 16.0 19.0
0 417.5 143.5 19.0 25.0
0 434.0 125.5 16.0 19.0
0 458.5 123.0 21.0 26.0
0 521.0 125.5 26.0 23.0
0 531.5 109.5 19.0 23.0
0 556.5 112.5 19.0 23.0
0 609.5 96.5 23.0 21.0
0 650.5 72.0 13.0 18.0
0 661.0 149.0 26.0 28.0
0 687.5 110.5 19.0 27.0
0 728.5 112.0 19.0 22.0
0 746.0 172.0 32.0 40.0
0 871.5 193.0 23.0 40.0
0 897.5 166.0 21.0 32.0
0 864.5 132.5 19.0 29.0
0 872.5 117.0 19.0 20.0
0 920.0 131.0 20.0 26.0
0 976.0 139.5 18.0 23.0
0 961.5 169.0 19.0 24.0
