0 141.5 170.0 17.0 20.0
0 231.0 280.5 46.0 57.0
0 274.0 259.5 44.0 61.0
0 370.5 154.0 21.0 22.0
0 394.0 158.0 18.0 24.0
0 455.5 174.0 21.0 22.0
0 472.0 142.5 20.0 21.0
0 448.0 139.0 22.0 18.0
0 480.0 116.0 16.0 20.0
0 506.5 121.0 19.0 22.0
0 490.0 93.5 12.0 13.0
0 503.0 90.5 14.0 15.0
0 511.0 100.0 12.0 14.0
0 516.5 77.0 11.0 14.0
0 550.5 96.5 17.0 19.0
0 565.0 85.5 16.0 19.0
0 596.0 91.0 14.0 16.0
0 614.5 94.0 15.0 16.0
0 574.5 119.5 19.0 21.0
0 593.5 37.0 13.0 14.0
0 656.0 32.5 12.0 11.0
0 541.5 177.0 29.0 34.0
0 696.5 153.5 25.0 29.0
0 765.0 176.5 30.0 31.0
0 813.0 181.0 30.0 32.0
0 934.5 141.0 19.0 24.0
0 854.5 117.0 15.0 18.0
0 810.0 109.5 18.0 21.0
0 798.5 93.0 17.0 16.0
0 784.0 97.5 16.0 23.0
0 728.5 99.5 17.0 19.0
0 758.5 88.5 15.0 19.0
0 869.5 81.0 15.0 18.0
