0 211.0 296.5 48.0 53.0
0 317.0 148.5 20.0 21.0
0 356.0 168.5 22.0 25.0
0 453.0 171.5 24.0 25.0
0 408.0 126.0 16.0 20.0
0 451.5 132.5 15.0 21.0
0 473.0 136.0 18.0 22.0
0 475.0 115.5 18.0 19.0
0 456.0 105.5 16.0 19.0
0 505.0 117.5 16.0 17.0
0 482.5 96.5 13.0 17.0
0 501.5 96.0 15.0 18.0
0 532.0 102.0 14.0 20.0
0 515.5 82.5 13.0 15.0
0 592.5 91.5 13.0 15.0
0 616.5 97.0 17.0 18.0
0 567.5 89.5 13.0 17.0
0 575.0 77.0 14.0 16.0
0 597.5 77.0 17.0 12.0
0 633.0 37.5 12.0 13.0
0 677.5 36.5 13.0 17.0
0 660.0 72.0 16.0 16.0
0 649.0 87.5 12.0 15.0
0 626.5 76.0 13.0 14.0
0 511.0 198.5 26.0 27.0
0 592.5 184.5 29.0 31.0
0 598.0 151.5 22.0 23.0
0 643.5 152.5 19.0 23.0
0 658.5 184.5 27.0 33.0
0 704.0 160.5 22.0 31.0
0 661.5 121.0 23.0 22.0
0 709.0 128.0 22.0 20.0
0 749.0 123.5 18.0 25.0
0 731.5 98.0 17.0 20.0
0 738.5 65.0 15.0 18.0
0 762.0 89.0 14.0 16.0
0 774.0 109.5 14.0 19.0
0 795.5 116.5 19.0 17.0
0 805.0 93.0 14.0 16.0
0 786.5 73.0 15.0 18.0
0 803.5 69.5 13.0 19.0
0 809.5 111.0 13.0 16.0
0 853.5 116.0 21.0 24.0
0 868.5 81.5 13.0 13.0
0 887.0 93.5 14.0 17.0
0 909.0 114.0 16.0 18.0
0 934.0 142.5 18.0 19.0
0 948.0 118.5 16.0 25.0
0 986.0 121.5 18.0 21.0
0 827.5 192.5 23.0 29.0
0 766.0 173.0 22.0 32.0
0 500.5 131.5 21.0 23.0
