0 322.0 102.5 16.0 15.0
0 362.5 106.0 13.0 14.0
0 368.5 99.0 11.0 12.0
0 401.5 92.5 11.0 15.0
0 424.0 98.5 12.0 15.0
0 424.5 80.5 11.0 13.0
0 442.0 84.0 10.0 12.0
0 452.5 90.5 9.0 13.0
0 465.0 89.0 10.0 12.0
0 456.0 76.0 8.0 12.0
0 471.5 81.0 7.0 8.0
0 481.0 92.0 10.0 14.0
0 452.0 119.0 16.0 18.0
0 511.0 100.0 12.0 18.0
0 485.0 72.0 8.0 10.0
0 511.5 70.0 11.0 14.0
0 551.5 83.0 11.0 12.0
0 544.0 102.0 12.0 14.0
0 527.5 102.0 13.0 14.0
0 523.0 81.0 12.0 16.0
0 562.5 70.5 13.0 13.0
0 584.5 64.5 11.0 13.0
0 587.0 85.5 12.0 13.0
0 578.5 125.5 19.0 23.0
0 613.5 112.5 17.0 25.0
0 649.5 116.0 15.0 18.0
0 642.5 102.0 15.0 14.0
0 617.0 88.5 12.0 15.0
0 611.5 74.0 11.0 14.0
0 598.0 59.0 8.0 10.0
0 639.0 75.0 14.0 18.0
0 642.0 64.0 8.0 12.0
0 657.5 62.0 13.0 14.0
0 692.5 66.0 11.0 10.0
0 675.5 98.5 13.0 17.0
0 698.0 102.0 10.0 18.0
0 717.0 99.0 16.0 20.0
0 712.0 81.0 10.0 14.0
0 723.0 77.5 12.0 11.0
0 753.0 96.5 14.0 19.0
0 696.5 142.5 19.0 25.0
0 715.5 170.5 29.0 39.0
0 780.0 114.0 14.0 18.0
0 792.5 108.5 13.0 21.0
0 808.0 103.0 14.0 16.0
0 788.0 86.5 14.0 15.0
0 799.5 78.0 13.0 16.0
0 775.0 73.0 10.0 12.0
0 769.0 88.0 12.0 14.0
0 753.5 81.5 9.0 11.0
0 743.0 76.0 10.0 12.0
0 832.5 76.5 9.0 13.0
0 842.5 111.0 13.0 20.0
0 859.0 130.0 14.0 18.0
0 852.0 150.0 18.0 24.0
0 910.5 124.0 13.0 18.0
0 879.5 113.0 11.0 16.0
0 886.5 95.0 13.0 18.0
0 864.0 88.5 12.0 15.0
0 911.0 101.0 10.0 16.0
0 904.5 98.5 11.0 15.0
0 664.5 81.5 15.0 15.0
