0 222.0 275.5 46.0 61.0
0 259.0 229.0 46.0 60.0
0 304.5 155.0 19.0 26.0
0 318.5 111.0 17.0 20.0
0 353.0 173.0 20.0 30.0
0 456.5 172.5 23.0 29.0
0 413.5 117.5 17.0 17.0
0 452.5 133.5 15.0 19.0
0 479.0 139.5 18.0 23.0
0 484.0 86.5 12.0 15.0
0 478.5 115.5 17.0 19.0
0 503.0 123.0 16.0 18.0
0 556.0 126.5 18.0 19.0
0 541.0 107.0 16.0 16.0
0 513.0 102.5 16.0 13.0
0 502.5 93.0 15.0 14.0
0 516.5 81.5 15.0 13.0
0 563.0 83.5 16.0 15.0
0 597.5 92.5 13.0 17.0
0 619.0 100.0 16.0 18.0
0 611.5 69.5 15.0 15.0
0 739.0 58.5 12.0 19.0
0 758.5 34.5 15.0 17.0
0 514.5 196.0 27.0 26.0
0 652.0 151.0 18.0 24.0
0 705.0 160.0 28.0 30.0
0 765.0 171.0 28.0 32.0
0 825.5 186.5 31.0 27.0
0 932.0 140.0 22.0 30.0
0 905.5 121.5 19.0 23.0
0 853.5 112.0 21.0 22.0
0 867.0 77.0 14.0 20.0
0 807.0 64.5 20.0 19.0
0 800.0 91.5 18.0 19.0
0 813.0 105.0 18.0 18.0
0 756.0 112.5 20.0 25.0
0 762.0 96.5 14.0 19.0
0 730.0 96.0 18.0 20.0
