0 216.5 207.0 45.0 50.0
0 329.0 132.5 18.0 21.0
0 343.0 108.5 14.0 19.0
0 360.5 117.0 15.0 18.0
0 421.5 120.0 19.0 20.0
0 463.0 122.0 20.0 24.0
0 434.5 106.5 17.0 17.0
0 430.0 94.5 18.0 17.0
0 467.5 109.0 19.0 18.0
0 490.5 110.5 17.0 19.0
0 500.0 128.0 20.0 26.0
0 471.5 89.0 15.0 18.0
0 481.0 81.0 14.0 14.0
0 499.0 88.0 16.0 18.0
0 520.5 93.5 15.0 19.0
0 516.0 80.0 14.0 16.0
0 532.5 79.0 13.0 16.0
0 545.0 71.5 12.0 15.0
0 549.0 87.5 14.0 19.0
0 559.0 81.0 12.0 18.0
0 567.0 95.0 14.0 18.0
0 574.5 102.5 17.0 23.0
0 584.5 84.5 15.0 17.0
0 573.0 69.5 12.0 15.0
0 608.0 65.0 12.0 14.0
0 638.5 60.0 11.0 16.0
0 661.0 60.0 12.0 16.0
0 682.5 62.0 11.0 16.0
0 657.5 70.0 11.0 14.0
0 671.0 77.0 12.0 14.0
0 648.0 80.0 16.0 22.0
0 622.5 73.5 15.0 15.0
0 615.0 83.5 14.0 19.0
0 621.0 98.5 16.0 21.0
0 604.0 135.5 20.0 21.0
0 554.0 154.5 26.0 27.0
0 601.0 157.0 24.0 34.0
0 621.0 178.5 32.0 43.0
0 658.0 117.0 20.0 28.0
0 665.5 142.5 25.0 29.0
0 682.5 154.5 23.0 27.0
0 719.0 73.5 14.0 15.0
0 709.5 72.0 11.0 14.0
0 723.5 69.0 11.0 12.0
0 688.5 123.0 19.0 24.0
0 733.5 93.0 15.0 18.0
0 727.5 113.5 17.0 23.0
0 746.5 128.5 23.0 27.0
0 710.5 182.0 31.0 40.0
0 766.5 193.5 31.0 41.0
0 781.0 75.5 14.0 19.0
0 789.5 84.0 13.0 18.0
0 805.5 82.0 13.0 18.0
0 826.5 86.0 17.0 18.0
0 858.0 90.0 14.0 20.0
0 766.5 97.0 15.0 20.0
0 802.0 106.0 16.0 22.0
0 815.5 122.5 19.0 27.0
0 836.5 115.5 17.0 23.0
0 852.5 105.0 13.0 22.0
0 866.0 122.0 18.0 22.0
0 874.5 110.5 13.0 23.0
0 806.0 170.5 26.0 37.0
0 833.0 157.0 20.0 26.0
0 845.5 205.5 31.0 39.0
0 873.5 182.0 21.0 32.0
0 900.5 152.5 21.0 29.0
0 913.5 132.0 19.0 28.0
0 918.5 117.5 15.0 21.0
0 958.0 148.0 18.0 24.0
0 955.5 182.0 19.0 32.0
0 937.0 215.5 26.0 29.0
0 925.5 242.5 35.0 41.0
0 962.0 133.0 16.0 24.0
0 964.0 116.5 16.0 21.0
0 973.5 107.5 15.0 23.0
0 947.0 99.5 10.0 19.0
0 938.0 102.0 12.0 20.0
0 890.5 108.0 15.0 20.0
0 895.5 93.0 13.0 20.0
0 909.5 93.0 15.0 16.0
