0 324.0 141.0 16.0 20.0
0 358.0 132.0 22.0 24.0
0 363.0 157.5 26.0 27.0
0 423.5 164.0 25.0 30.0
0 415.5 124.5 19.0 21.0
0 456.5 153.5 25.0 23.0
0 488.5 98.0 17.0 18.0
0 503.0 126.5 20.0 23.0
0 545.0 124.5 18.0 23.0
0 539.0 93.5 22.0 21.0
0 578.5 89.5 19.0 21.0
0 584.0 110.5 18.0 23.0
0 609.5 99.5 25.0 27.0
0 585.5 177.5 31.0 33.0
0 628.5 156.0 25.0 38.0
0 680.5 191.0 33.0 42.0
0 676.0 158.5 26.0 29.0
0 675.0 136.0 22.0 24.0
0 686.5 106.5 19.0 21.0
0 729.0 139.5 24.0 29.0
0 750.5 156.0 27.0 32.0
0 786.5 142.0 27.0 32.0
0 755.0 103.5 20.0 23.0
0 783.0 106.0 22.0 24.0
0 790.5 80.5 21.0 17.0
0 805.0 122.0 22.0 26.0
0 831.5 171.5 31.0 33.0
0 844.5 147.5 25.0 29.0
0 856.0 137.0 26.0 24.0
0 838.5 110.5 19.0 21.0
0 834.5 90.5 13.0 15.0
0 882.5 115.0 21.0 24.0
0 904.5 150.0 23.0 30.0
0 913.0 137.5 22.0 23.0
0 908.5 120.5 15.0 19.0
0 912.5 80.5 17.0 23.0
0 975.0 67.0 16.0 20.0
