0 172.5 192.0 51.0 48.0
0 302.0 123.0 10.0 18.0
0 591.5 53.0 11.0 14.0
0 603.0 54.5 12.0 11.0
0 628.0 57.0 12.0 16.0
0 562.5 56.5 13.0 13.0
0 527.0 64.5 14.0 17.0
0 489.5 57.5 13.0 13.0
0 667.5 63.0 15.0 14.0
0 452.5 67.5 11.0 15.0
0 395.0 84.5 14.0 15.0
0 332.0 107.5 16.0 19.0
0 306.0 109.5 16.0 15.0
0 393.0 106.0 16.0 16.0
0 425.0 109.0 18.0 16.0
0 466.5 82.0 17.0 18.0
0 488.5 79.5 17.0 21.0
0 511.5 77.5 19.0 17.0
0 548.5 71.5 19.0 19.0
0 532.0 97.5 22.0 23.0
0 575.5 76.0 17.0 20.0
0 612.0 77.5 16.0 19.0
0 640.5 74.5 17.0 17.0
0 463.0 114.0 24.0 26.0
0 725.0 78.0 16.0 18.0
0 748.0 71.0 16.0 16.0
0 501.5 145.5 31.0 27.0
0 557.5 150.5 21.0 31.0
0 574.5 161.0 41.0 40.0
0 591.5 136.0 25.0 28.0
0 610.0 105.5 20.0 23.0
0 637.0 111.0 26.0 30.0
0 678.5 97.5 19.0 21.0
0 687.5 121.0 21.0 26.0
0 652.0 139.5 26.0 27.0
0 666.5 172.0 29.0 40.0
0 702.5 207.0 29.0 28.0
0 763.5 112.0 23.0 22.0
0 762.0 89.5 16.0 17.0
0 737.0 101.0 20.0 20.0
0 804.5 80.5 15.0 19.0
0 840.0 81.5 14.0 19.0
0 873.0 90.0 14.0 20.0
0 898.0 91.0 12.0 22.0
0 817.0 106.0 16.0 24.0
0 766.5 152.0 29.0 36.0
0 793.0 122.0 26.0 28.0
0 841.5 102.0 19.0 22.0
0 894.5 120.0 23.0 24.0
0 834.0 139.0 18.0 28.0
0 787.0 189.5 30.0 33.0
0 887.5 154.0 23.0 34.0
0 877.0 193.0 24.0 26.0
0 853.0 221.0 34.0 38.0
0 440.5 80.0 13.0 16.0
0 505.5 66.0 17.0 12.0
0 529.0 82.5 16.0 19.0
0 587.5 62.5 19.0 23.0
0 564.5 90.5 15.0 21.0
0 725.0 66.5 14.0 15.0
0 780.5 98.0 21.0 28.0
0 807.0 166.5 28.0 31.0
0 837.0 120.0 20.0 28.0
0 892.5 105.5 21.0 27.0
0 404.0 92.0 14.0 14.0
0 626.5 72.5 15.0 17.0
0 565.0 126.0 22.0 28.0
