0 210.5 238.5 43.0 49.0
0 275.5 157.0 23.0 24.0
0 300.5 151.5 17.0 19.0
0 332.5 144.0 19.0 24.0
0 357.5 154.5 21.0 25.0
0 358.5 126.0 17.0 22.0
0 373.5 137.0 17.0 22.0
0 395.5 163.5 21.0 27.0
0 417.0 169.5 26.0 31.0
0 387.5 122.0 17.0 18.0
0 387.5 142.5 15.0 15.0
0 429.0 124.0 16.0 20.0
0 414.0 109.5 14.0 19.0
0 441.0 112.0 16.0 20.0
0 471.0 135.5 22.0 27.0
0 501.0 143.0 24.0 24.0
0 472.0 114.0 26.0 20.0
0 477.0 101.5 18.0 19.0
0 512.0 111.0 18.0 22.0
0 493.5 54.5 13.0 13.0
0 540.0 115.0 16.0 22.0
0 540.0 96.0 14.0 14.0
0 564.5 119.5 23.0 27.0
0 573.5 95.5 17.0 19.0
0 586.0 89.5 16.0 17.0
0 521.5 82.0 9.0 14.0
0 601.5 71.5 15.0 17.0
0 618.5 83.0 15.0 16.0
0 623.5 100.0 19.0 18.0
0 631.5 74.0 13.0 18.0
0 659.0 85.0 16.0 18.0
0 684.0 66.0 12.0 14.0
0 725.5 68.0 15.0 18.0
0 598.5 137.0 23.0 28.0
0 527.0 182.0 34.0 32.0
0 610.5 169.0 29.0 34.0
0 650.0 194.0 34.0 38.0
0 670.5 147.5 23.0 33.0
0 655.5 126.5 21.0 29.0
0 703.5 120.0 23.0 28.0
0 737.0 113.0 22.0 26.0
0 725.0 149.0 26.0 32.0
0 760.5 133.0 25.0 28.0
0 767.5 163.0 27.0 30.0
0 735.0 87.0 16.0 22.0
0 757.5 88.0 15.0 20.0
0 769.5 103.0 21.0 22.0
0 790.0 69.0 18.0 20.0
0 806.0 81.5 18.0 21.0
0 817.0 96.5 20.0 27.0
0 806.5 129.5 25.0 29.0
0 789.0 117.5 18.0 23.0
0 831.5 119.0 21.0 24.0
0 818.0 175.5 24.0 33.0
0 894.0 196.0 30.0 36.0
0 907.0 142.0 26.0 32.0
0 978.5 158.5 25.0 33.0
0 980.0 136.0 22.0 26.0
0 945.0 118.0 24.0 24.0
0 951.0 100.0 16.0 18.0
0 955.0 92.5 12.0 15.0
0 897.5 112.0 21.0 22.0
0 879.0 132.5 24.0 27.0
0 862.5 87.0 19.0 22.0
0 837.0 89.0 18.0 22.0
0 825.0 77.0 14.0 18.0
0 871.0 75.0 18.0 20.0
0 893.0 82.5 18.0 25.0
0 916.5 93.5 15.0 19.0
