0 73.0 169.0 26.0 22.0
0 348.5 128.5 19.0 19.0
0 354.0 105.0 20.0 20.0
0 424.5 118.5 19.0 19.0
0 457.0 124.5 20.0 21.0
0 494.0 126.5 20.0 19.0
0 532.5 156.5 27.0 25.0
0 567.5 173.5 25.0 33.0
0 614.5 174.5 35.0 37.0
0 585.5 139.0 15.0 24.0
0 429.5 102.0 17.0 16.0
0 437.0 88.5 16.0 13.0
0 458.5 104.0 15.0 16.0
0 480.0 110.5 18.0 17.0
0 498.5 84.0 13.0 16.0
0 513.0 86.0 14.0 16.0
0 512.5 72.0 13.0 14.0
0 548.0 90.0 12.0 12.0
0 537.0 70.5 12.0 15.0
0 553.5 73.5 15.0 15.0
0 550.5 108.5 19.0 19.0
0 575.5 97.5 19.0 17.0
0 600.5 99.5 17.0 17.0
0 601.0 64.5 14.0 13.0
0 695.0 186.0 26.0 34.0
0 769.5 191.5 17.0 31.0
0 852.5 211.0 27.0 28.0
0 867.0 176.5 24.0 27.0
0 931.5 195.0 17.0 26.0
0 886.5 155.0 21.0 22.0
0 812.0 165.0 20.0 24.0
0 735.0 137.5 24.0 21.0
0 680.0 125.0 18.0 20.0
0 643.5 118.0 19.0 20.0
0 607.5 82.0 13.0 14.0
0 618.0 70.0 10.0 18.0
0 631.0 77.0 10.0 16.0
0 651.5 86.0 11.0 16.0
0 647.5 60.5 11.0 11.0
0 671.0 61.5 10.0 9.0
0 691.5 73.0 13.0 14.0
0 702.0 63.5 12.0 11.0
0 720.5 70.0 11.0 10.0
0 738.0 84.0 12.0 12.0
0 717.5 114.5 17.0 17.0
0 758.5 100.5 13.0 17.0
0 764.5 73.0 13.0 12.0
0 789.5 106.5 11.0 15.0
0 803.5 109.0 15.0 20.0
0 813.5 96.0 13.0 12.0
0 795.0 81.0 14.0 12.0
0 861.5 90.0 15.0 12.0
0 890.5 98.0 13.0 20.0
0 927.5 100.0 15.0 20.0
0 915.0 107.0 12.0 12.0
0 906.0 117.5 16.0 19.0
0 864.5 107.5 15.0 19.0
0 855.0 123.0 16.0 18.0
0 826.5 113.0 15.0 18.0
0 945.5 140.5 15.0 21.0
0 961.0 119.5 16.0 17.0
0 959.5 101.5 15.0 17.0
