0 172.0 298.5 50.0 47.0
0 295.5 160.5 19.0 23.0
0 314.0 172.0 20.0 24.0
0 321.0 151.0 22.0 20.0
0 378.0 167.5 24.0 29.0
0 409.0 169.5 22.0 25.0
0 406.5 147.5 21.0 25.0
0 396.5 117.0 17.0 16.0
0 407.5 125.5 17.0 17.0
0 436.0 112.5 16.0 17.0
0 451.0 109.5 22.0 23.0
0 470.5 97.0 19.0 20.0
0 478.5 114.0 17.0 20.0
0 495.5 117.5 21.0 19.0
0 484.0 139.5 26.0 25.0
0 511.0 138.0 24.0 22.0
0 519.0 119.0 18.0 22.0
0 516.0 95.0 16.0 16.0
0 508.0 89.0 14.0 16.0
0 535.5 99.5 15.0 17.0
0 541.5 86.5 13.0 15.0
0 563.5 120.0 21.0 24.0
0 548.5 110.0 19.0 22.0
0 556.5 91.0 15.0 18.0
0 580.0 108.5 16.0 21.0
0 572.0 75.5 16.0 19.0
0 587.5 77.5 11.0 15.0
0 601.5 80.5 15.0 17.0
0 620.0 86.0 16.0 16.0
0 610.5 110.0 19.0 20.0
0 630.5 76.0 15.0 16.0
0 639.0 66.0 14.0 14.0
0 657.5 92.0 17.0 20.0
0 663.0 78.5 14.0 15.0
0 662.0 63.5 12.0 13.0
0 692.0 63.5 14.0 15.0
0 695.5 72.5 11.0 15.0
0 705.5 86.0 13.0 14.0
0 715.5 70.5 15.0 17.0
0 754.0 64.5 14.0 19.0
0 614.5 148.0 21.0 24.0
0 603.0 184.5 30.0 33.0
0 564.5 173.5 31.0 29.0
0 667.0 159.0 26.0 30.0
0 682.0 184.5 30.0 37.0
0 681.0 126.0 20.0 22.0
0 707.5 130.0 23.0 26.0
0 711.5 102.0 23.0 26.0
0 720.5 102.5 19.0 17.0
0 745.0 111.5 20.0 23.0
0 770.0 104.0 16.0 16.0
0 780.5 127.0 21.0 28.0
0 764.5 163.5 31.0 35.0
0 750.0 188.5 40.0 45.0
0 795.5 208.0 39.0 44.0
0 828.5 167.0 35.0 34.0
0 809.5 133.0 21.0 26.0
0 786.0 76.5 18.0 23.0
0 797.0 87.5 18.0 21.0
0 820.5 80.5 17.0 19.0
0 835.5 93.5 19.0 21.0
0 870.0 95.0 22.0 20.0
0 838.5 121.0 23.0 26.0
0 869.5 146.0 27.0 26.0
0 892.0 121.5 26.0 27.0
0 887.5 86.0 17.0 18.0
0 891.5 74.5 15.0 17.0
0 911.5 103.0 15.0 24.0
0 917.0 87.5 18.0 19.0
0 929.5 82.0 15.0 20.0
0 962.5 85.0 15.0 20.0
0 956.0 103.5 12.0 21.0
0 943.5 129.0 23.0 28.0
0 933.0 159.0 24.0 28.0
0 869.0 194.0 30.0 36.0
0 878.0 233.0 38.0 46.0
0 970.0 224.5 44.0 53.0
0 986.0 186.0 26.0 36.0
0 981.5 154.5 21.0 25.0
0 986.0 129.5 20.0 19.0
0 997.5 150.0 21.0 24.0
0 995.0 95.0 12.0 14.0
