0 207.5 212.0 45.0 46.0
0 300.5 127.5 19.0 21.0
0 333.0 149.0 20.0 24.0
0 346.0 128.0 20.0 20.0
0 360.0 116.5 14.0 17.0
0 354.5 110.0 17.0 20.0
0 385.0 116.5 16.0 23.0
0 400.0 117.0 20.0 24.0
0 389.0 149.5 20.0 23.0
0 379.5 138.0 17.0 20.0
0 425.0 154.0 24.0 28.0
0 431.5 122.5 19.0 19.0
0 434.0 103.5 16.0 19.0
0 434.0 87.5 14.0 19.0
0 453.5 101.5 17.0 19.0
0 455.5 125.5 21.0 25.0
0 491.0 133.5 22.0 23.0
0 483.5 91.5 17.0 17.0
0 483.5 82.0 11.0 12.0
0 501.0 102.0 20.0 28.0
0 502.5 80.5 15.0 15.0
0 522.0 74.5 14.0 17.0
0 529.0 84.0 14.0 16.0
0 540.5 75.0 17.0 16.0
0 519.5 102.5 17.0 17.0
0 534.5 107.0 17.0 22.0
0 557.0 114.0 22.0 24.0
0 546.0 95.5 14.0 15.0
0 569.0 96.5 16.0 17.0
0 580.0 91.5 12.0 15.0
0 564.5 84.0 9.0 14.0
0 563.0 75.0 12.0 12.0
0 600.0 100.0 14.0 18.0
0 605.0 87.0 12.0 16.0
0 599.5 76.5 11.0 15.0
0 599.5 67.5 13.0 13.0
0 616.0 79.5 14.0 15.0
0 633.5 89.0 15.0 18.0
0 627.0 81.0 12.0 12.0
0 625.5 66.5 13.0 13.0
0 642.0 74.5 14.0 19.0
0 666.0 79.0 16.0 20.0
0 683.5 81.5 15.0 17.0
0 680.0 65.0 12.0 16.0
0 704.5 72.5 11.0 17.0
0 705.0 59.0 12.0 14.0
0 740.0 66.0 18.0 16.0
0 510.5 169.5 25.0 35.0
0 573.5 171.5 31.0 39.0
0 589.0 142.5 22.0 29.0
0 629.5 141.0 25.0 30.0
0 643.5 131.0 19.0 22.0
0 702.0 143.5 24.0 29.0
0 621.0 196.0 30.0 34.0
0 724.0 184.5 34.0 35.0
0 750.0 172.5 28.0 37.0
0 744.5 135.0 25.0 26.0
0 724.5 113.0 19.0 22.0
0 703.5 106.5 19.0 21.0
0 722.5 95.5 19.0 23.0
0 768.5 80.5 15.0 21.0
0 775.0 94.0 18.0 20.0
0 779.0 109.5 20.0 25.0
0 788.5 149.0 23.0 34.0
0 764.5 222.5 39.0 45.0
0 840.5 235.5 35.0 47.0
0 821.5 169.5 23.0 31.0
0 815.5 148.0 19.0 22.0
0 820.0 127.5 20.0 25.0
0 819.5 96.5 19.0 21.0
0 805.0 85.5 14.0 19.0
0 899.5 135.5 23.0 25.0
0 893.0 160.5 22.0 29.0
0 860.5 179.5 25.0 39.0
0 920.5 246.5 41.0 47.0
0 936.0 186.5 24.0 39.0
0 946.5 169.0 21.0 28.0
0 950.0 134.0 20.0 24.0
