0 275.5 219.0 55.0 48.0
0 343.5 151.5 15.0 19.0
0 420.5 148.5 19.0 19.0
0 384.0 108.0 20.0 18.0
0 411.0 95.0 16.0 14.0
0 418.0 118.0 14.0 18.0
0 435.0 100.0 16.0 16.0
0 436.5 121.5 15.0 19.0
0 457.0 98.0 18.0 18.0
0 492.0 78.5 12.0 15.0
0 517.5 66.5 13.0 15.0
0 479.5 104.0 19.0 20.0
0 468.5 121.0 15.0 16.0
0 509.0 124.5 16.0 19.0
0 539.5 116.5 15.0 19.0
0 543.0 92.0 12.0 16.0
0 546.0 77.0 16.0 18.0
0 581.5 66.5 11.0 15.0
0 587.0 99.0 14.0 24.0
0 587.5 151.0 17.0 26.0
0 595.5 100.5 17.0 17.0
0 567.0 99.0 14.0 16.0
0 622.5 59.0 11.0 12.0
0 609.0 75.5 10.0 17.0
0 626.0 81.0 16.0 20.0
0 665.0 64.5 14.0 19.0
0 715.5 62.5 17.0 19.0
0 691.5 72.5 13.0 17.0
0 641.5 131.5 23.0 33.0
0 654.0 177.0 24.0 30.0
0 705.0 189.5 24.0 29.0
0 734.0 156.0 22.0 30.0
0 689.0 116.5 20.0 21.0
0 718.5 108.0 15.0 22.0
0 741.5 101.0 17.0 26.0
0 756.5 87.0 13.0 24.0
0 780.0 80.5 14.0 25.0
0 767.0 114.5 18.0 21.0
0 781.0 132.0 18.0 20.0
0 788.0 106.5 12.0 15.0
0 799.0 90.5 20.0 25.0
0 796.0 124.0 18.0 24.0
0 848.5 94.5 15.0 21.0
0 884.0 88.5 16.0 19.0
0 836.5 153.0 23.0 20.0
0 849.0 127.5 16.0 23.0
0 874.5 110.0 17.0 20.0
0 909.0 119.0 16.0 22.0
0 887.5 153.5 21.0 27.0
0 881.0 183.0 20.0 26.0
0 939.5 172.0 21.0 24.0
0 943.0 137.5 18.0 23.0
0 944.0 117.0 14.0 20.0
0 948.0 103.0 12.0 18.0
0 901.5 145.0 21.0 22.0
0 833.5 104.5 13.0 17.0
0 669.0 81.5 12.0 17.0
0 623.0 143.5 24.0 33.0
0 397.0 143.5 20.0 21.0
0 535.5 85.0 17.0 16.0
0 474.5 83.0 15.0 14.0
0 613.5 90.5 13.0 19.0
