0 246.0 113.0 12.0 16.0
0 292.0 124.5 18.0 15.0
0 296.5 101.5 15.0 17.0
0 338.0 98.5 14.0 17.0
0 356.5 98.5 13.0 17.0
0 352.0 86.0 12.0 12.0
0 362.0 123.5 14.0 23.0
0 380.5 122.0 27.0 32.0
0 408.0 127.5 24.0 25.0
0 440.5 114.0 19.0 22.0
0 420.5 103.5 17.0 21.0
0 397.5 87.5 11.0 15.0
0 389.5 75.5 9.0 13.0
0 421.0 69.5 10.0 15.0
0 428.5 81.5 17.0 17.0
0 471.0 89.5 16.0 19.0
0 501.5 95.5 19.0 21.0
0 485.0 83.5 14.0 15.0
0 458.5 75.0 11.0 12.0
0 453.5 68.5 11.0 9.0
0 454.0 62.0 12.0 10.0
0 474.5 64.0 11.0 12.0
0 484.0 69.0 14.0 12.0
0 514.5 69.0 13.0 12.0
0 529.0 60.0 12.0 14.0
0 547.0 58.5 10.0 13.0
0 547.5 84.0 17.0 20.0
0 555.0 65.5 10.0 13.0
0 564.5 69.5 11.0 15.0
0 570.0 58.0 10.0 16.0
0 593.0 58.5 12.0 17.0
0 599.5 66.5 13.0 19.0
0 619.0 64.5 14.0 17.0
0 521.0 125.0 20.0 22.0
0 524.0 137.5 24.0 29.0
0 563.5 125.5 21.0 27.0
0 555.5 115.5 17.0 19.0
0 578.5 100.5 17.0 25.0
0 561.5 84.5 17.0 17.0
0 595.5 94.0 17.0 20.0
0 603.5 111.5 21.0 25.0
0 612.0 140.0 26.0 26.0
0 639.5 96.0 17.0 20.0
0 634.0 86.5 16.0 17.0
0 662.0 71.0 14.0 16.0
0 677.5 67.0 11.0 16.0
0 689.5 79.0 17.0 22.0
0 667.0 95.0 14.0 16.0
0 686.0 104.5 18.0 21.0
0 652.5 121.5 19.0 25.0
0 661.0 147.0 24.0 30.0
0 695.0 128.0 20.0 22.0
0 708.0 115.5 18.0 21.0
0 722.5 81.0 13.0 16.0
0 706.5 72.0 13.0 16.0
0 719.5 69.0 13.0 14.0
0 733.5 75.0 13.0 16.0
0 752.5 71.0 11.0 16.0
0 762.5 76.5 13.0 15.0
0 770.5 75.0 13.0 14.0
0 762.5 86.5 13.0 17.0
0 766.5 100.0 15.0 20.0
0 765.0 155.0 24.0 32.0
0 722.5 146.5 25.0 31.0
0 801.5 129.0 19.0 28.0
0 793.0 93.0 16.0 18.0
0 799.0 82.5 12.0 15.0
0 814.5 107.0 17.0 22.0
0 820.0 92.5 12.0 17.0
0 827.0 79.5 14.0 15.0
0 833.0 116.0 18.0 26.0
0 845.5 140.0 23.0 22.0
0 829.0 190.0 20.0 26.0
0 859.0 110.0 14.0 20.0
0 847.5 96.0 13.0 18.0
0 853.5 86.0 11.0 14.0
