0 63.0 248.5 38.0 49.0
0 272.5 170.5 23.0 19.0
0 309.5 161.5 19.0 19.0
0 332.5 171.0 19.0 24.0
0 339.0 153.5 20.0 23.0
0 332.0 136.0 18.0 16.0
0 368.0 135.5 20.0 19.0
0 368.0 166.0 24.0 22.0
0 398.5 129.0 17.0 20.0
0 410.5 120.0 19.0 14.0
0 412.5 128.0 17.0 20.0
0 428.0 179.0 22.0 26.0
0 457.0 132.0 20.0 18.0
0 455.5 112.0 17.0 22.0
0 460.0 101.5 16.0 15.0
0 484.5 90.0 17.0 18.0
0 487.5 102.0 15.0 22.0
0 489.5 132.5 17.0 23.0
0 473.0 117.0 20.0 18.0
0 507.5 90.0 13.0 14.0
0 512.5 99.5 19.0 17.0
0 513.5 117.0 17.0 18.0
0 531.0 122.0 22.0 22.0
0 518.5 137.0 19.0 24.0
0 518.0 180.0 28.0 26.0
0 521.5 80.0 13.0 16.0
0 555.0 94.5 18.0 15.0
0 544.5 106.5 23.0 23.0
0 560.5 83.5 19.0 19.0
0 576.5 98.0 17.0 22.0
0 584.0 118.0 16.0 24.0
0 588.5 84.5 13.0 17.0
0 597.0 88.5 12.0 17.0
0 606.5 102.5 17.0 23.0
0 615.0 95.0 16.0 18.0
0 603.0 68.5 16.0 15.0
0 624.0 79.0 16.0 16.0
0 647.5 60.5 17.0 17.0
0 652.0 68.5 16.0 15.0
0 665.5 60.5 11.0 13.0
0 683.0 63.5 14.0 17.0
0 692.0 70.0 12.0 16.0
0 718.5 74.0 17.0 16.0
0 750.5 59.5 13.0 19.0
0 667.0 86.0 18.0 18.0
0 697.0 108.0 20.0 22.0
0 707.0 124.5 20.0 23.0
0 648.0 125.5 22.0 23.0
0 647.0 154.0 26.0 26.0
0 615.5 148.0 27.0 24.0
0 600.5 177.5 27.0 31.0
0 619.5 222.0 31.0 32.0
0 724.0 198.5 34.0 35.0
0 703.5 154.0 27.0 30.0
0 754.5 172.0 31.0 34.0
0 749.0 129.0 24.0 30.0
0 727.5 92.5 21.0 23.0
0 753.0 87.5 18.0 17.0
0 754.5 108.0 21.0 24.0
0 778.5 100.5 17.0 21.0
0 785.5 74.5 15.0 19.0
0 798.0 72.5 16.0 15.0
0 797.5 85.5 17.0 19.0
0 801.0 112.0 18.0 22.0
0 811.0 151.5 22.0 29.0
0 829.5 177.5 27.0 35.0
0 818.5 77.0 15.0 16.0
0 821.0 95.5 18.0 17.0
0 836.5 73.0 13.0 18.0
0 851.5 82.0 17.0 20.0
0 877.0 76.0 14.0 20.0
0 889.5 84.0 15.0 22.0
0 874.5 98.5 13.0 21.0
0 851.0 112.5 18.0 21.0
0 903.5 112.5 21.0 21.0
0 909.5 94.0 15.0 20.0
0 930.5 77.5 17.0 19.0
0 927.5 98.5 17.0 21.0
0 930.0 129.0 22.0 24.0
0 942.5 119.0 17.0 22.0
0 951.0 106.0 16.0 20.0
0 961.0 82.5 14.0 19.0
0 992.5 95.0 13.0 14.0
0 1001.0 99.0 16.0 22.0
0 982.5 116.0 19.0 24.0
0 983.0 174.0 26.0 32.0
