0 275.0 216.5 50.0 55.0
0 304.0 137.0 20.0 24.0
0 324.5 134.5 23.0 23.0
0 345.5 131.5 17.0 23.0
0 363.0 134.5 22.0 23.0
0 368.0 105.5 16.0 21.0
0 387.0 116.5 16.0 21.0
0 397.5 121.5 17.0 19.0
0 413.0 124.0 20.0 24.0
0 401.0 104.0 16.0 16.0
0 429.0 140.0 18.0 24.0
0 448.0 152.5 24.0 27.0
0 445.5 125.0 19.0 24.0
0 448.5 111.0 19.0 18.0
0 425.5 100.5 17.0 21.0
0 448.5 94.0 15.0 16.0
0 467.5 96.5 17.0 17.0
0 472.5 111.0 17.0 20.0
0 489.0 118.0 18.0 26.0
0 505.0 115.0 16.0 24.0
0 494.0 94.0 16.0 18.0
0 500.0 81.5 16.0 17.0
0 524.5 92.5 17.0 23.0
0 546.0 115.0 22.0 24.0
0 568.0 99.0 16.0 22.0
0 572.0 86.0 18.0 16.0
0 540.0 82.5 12.0 17.0
0 528.0 75.5 12.0 15.0
0 578.5 76.5 15.0 13.0
0 597.0 91.0 16.0 18.0
0 590.5 110.0 23.0 28.0
0 617.0 102.5 20.0 23.0
0 607.0 73.5 12.0 15.0
0 635.0 96.5 16.0 19.0
0 631.0 83.5 14.0 19.0
0 635.0 71.0 12.0 14.0
0 658.0 83.0 16.0 20.0
0 651.5 57.5 13.0 17.0
0 670.0 68.0 16.0 18.0
0 690.5 63.0 15.0 18.0
0 696.5 67.0 13.0 20.0
0 689.0 82.5 18.0 15.0
0 679.0 93.5 16.0 19.0
0 717.5 68.0 15.0 18.0
0 729.5 71.0 17.0 22.0
0 744.0 68.5 14.0 19.0
0 595.0 152.5 26.0 31.0
0 648.0 160.5 26.0 33.0
0 639.5 141.5 21.0 21.0
0 678.0 160.0 30.0 38.0
0 699.0 148.0 26.0 28.0
0 707.0 112.5 22.0 25.0
0 758.0 116.0 18.0 24.0
0 741.0 107.0 16.0 22.0
0 786.0 116.5 20.0 31.0
0 776.5 87.5 17.0 21.0
0 795.5 80.0 19.0 20.0
0 823.0 87.0 16.0 16.0
0 825.0 75.0 12.0 14.0
0 837.0 105.5 16.0 21.0
0 846.0 125.0 20.0 26.0
0 807.0 153.0 26.0 28.0
0 770.0 145.0 24.0 24.0
0 704.0 209.0 36.0 52.0
0 786.0 226.5 32.0 43.0
0 828.0 186.0 30.0 40.0
0 885.5 158.5 27.0 31.0
0 892.0 136.0 22.0 26.0
0 904.0 131.0 14.0 20.0
0 863.5 121.0 19.0 24.0
0 876.0 108.0 18.0 20.0
0 855.5 87.5 13.0 17.0
0 874.0 86.5 16.0 23.0
0 890.5 97.5 15.0 21.0
0 903.5 91.0 13.0 20.0
0 916.0 112.5 16.0 25.0
0 927.5 100.0 15.0 24.0
0 937.5 151.0 21.0 28.0
0 965.0 215.5 32.0 41.0
0 989.5 160.0 19.0 26.0
0 984.0 137.5 18.0 25.0
0 991.0 124.5 12.0 23.0
0 999.5 116.5 15.0 19.0
0 949.5 129.0 17.0 26.0
0 956.5 118.0 19.0 20.0
0 958.5 102.0 13.0 16.0
0 964.0 94.0 10.0 12.0
