0 25.0 278.0 40.0 44.0
0 285.0 165.0 20.0 24.0
0 322.0 171.5 26.0 25.0
0 379.5 144.0 23.0 20.0
0 410.5 145.5 17.0 23.0
0 434.5 145.5 21.0 25.0
0 419.5 125.5 29.0 21.0
0 463.5 136.5 23.0 23.0
0 490.5 159.5 19.0 23.0
0 526.0 145.5 16.0 21.0
0 574.5 181.0 21.0 26.0
0 622.0 145.5 22.0 27.0
0 509.5 122.5 17.0 15.0
0 486.5 120.5 23.0 21.0
0 568.0 116.0 18.0 18.0
0 574.0 99.5 16.0 19.0
0 646.5 122.5 13.0 21.0
0 691.5 139.5 21.0 21.0
0 598.5 101.0 17.0 18.0
0 624.5 107.0 21.0 22.0
0 648.5 93.5 21.0 15.0
0 679.0 102.0 22.0 24.0
0 704.5 96.0 17.0 18.0
0 730.5 94.0 19.0 22.0
0 724.5 80.5 17.0 19.0
0 757.5 82.5 19.0 21.0
0 778.5 73.5 17.0 19.0
0 788.5 92.5 15.0 17.0
0 795.5 109.0 13.0 18.0
0 784.0 125.5 18.0 23.0
0 756.0 119.5 18.0 25.0
0 849.5 112.0 17.0 22.0
0 851.0 89.0 14.0 18.0
0 860.5 80.0 13.0 20.0
0 821.5 75.0 15.0 20.0
0 890.0 95.0 18.0 24.0
0 897.5 84.0 15.0 20.0
0 917.0 95.5 16.0 21.0
0 749.5 203.5 29.0 31.0
0 789.0 230.5 30.0 29.0
0 796.5 175.5 27.0 33.0
0 857.5 151.0 23.0 30.0
0 852.5 238.5 31.0 33.0
0 927.5 250.5 31.0 37.0
0 896.5 130.0 19.0 26.0
0 925.0 169.5 20.0 29.0
0 970.5 179.0 21.0 26.0
0 957.0 141.5 16.0 25.0
0 939.5 132.5 13.0 23.0
0 974.0 123.0 16.0 24.0
0 1001.5 122.5 17.0 23.0
0 996.0 108.0 16.0 20.0
0 1040.0 114.5 20.0 23.0
0 1061.0 139.5 16.0 21.0
0 1070.5 129.5 17.0 23.0
0 1029.5 189.0 21.0 32.0
0 1021.5 155.5 19.0 25.0
0 1014.0 275.0 38.0 50.0
0 1112.0 310.5 36.0 45.0
0 1136.0 241.0 26.0 36.0
0 1102.5 222.0 23.0 32.0
0 1119.0 180.5 18.0 25.0
0 1186.5 198.5 17.0 27.0
0 1220.5 219.5 23.0 29.0
0 1249.5 219.5 15.0 29.0
0 1205.0 256.5 20.0 33.0
0 1253.5 194.5 13.0 25.0
0 1256.0 154.0 14.0 22.0
0 1250.5 180.0 17.0 20.0
0 1218.5 150.0 13.0 18.0
0 1193.5 161.5 17.0 23.0
0 1157.0 155.5 16.0 21.0
0 1161.0 136.0 14.0 20.0
0 1139.0 168.5 16.0 27.0
0 1129.5 143.5 17.0 23.0
0 1107.0 136.0 18.0 26.0
