0 131.5 342.5 59.0 61.0
0 255.5 168.0 23.0 24.0
0 290.5 179.0 21.0 26.0
0 345.0 151.0 20.0 20.0
0 385.5 148.5 21.0 27.0
0 419.0 145.5 20.0 23.0
0 396.5 127.5 21.0 21.0
0 444.0 133.0 18.0 22.0
0 465.0 164.0 18.0 26.0
0 501.5 149.5 17.0 25.0
0 554.0 188.5 24.0 27.0
0 461.5 125.5 19.0 17.0
0 504.0 115.5 16.0 17.0
0 531.0 107.5 16.0 15.0
0 542.0 123.0 20.0 20.0
0 589.0 162.0 20.0 24.0
0 560.0 107.0 16.0 18.0
0 582.5 94.0 15.0 14.0
0 601.5 110.5 17.0 21.0
0 621.5 97.0 17.0 20.0
0 625.0 129.5 18.0 23.0
0 688.5 139.5 23.0 21.0
0 662.5 104.5 17.0 21.0
0 694.0 104.0 16.0 20.0
0 697.5 88.0 19.0 20.0
0 720.0 87.5 16.0 21.0
0 727.0 130.5 18.0 21.0
0 771.0 124.0 18.0 20.0
0 751.0 81.5 18.0 21.0
0 778.5 84.0 15.0 18.0
0 779.5 105.0 21.0 16.0
0 809.0 90.5 14.0 19.0
0 824.0 98.0 16.0 18.0
0 830.0 116.5 18.0 19.0
0 865.5 105.5 19.0 23.0
0 868.0 87.5 16.0 19.0
0 890.5 98.5 23.0 25.0
0 831.5 150.5 27.0 29.0
0 774.5 181.5 25.0 29.0
0 702.0 215.0 24.0 30.0
0 763.5 232.0 33.0 36.0
0 824.0 252.0 32.0 32.0
0 911.0 247.0 30.0 40.0
0 896.5 166.5 23.0 29.0
0 897.0 136.0 18.0 26.0
0 945.0 142.5 18.0 23.0
0 957.0 124.0 14.0 18.0
0 972.0 113.0 16.0 16.0
0 978.0 131.0 20.0 18.0
0 958.0 176.5 18.0 23.0
0 997.0 164.5 18.0 29.0
0 1024.5 188.5 21.0 33.0
0 1024.0 157.0 18.0 26.0
0 1016.5 122.5 19.0 23.0
0 1041.5 133.0 17.0 24.0
0 1093.5 148.0 15.0 24.0
0 1103.0 138.5 14.0 21.0
0 1116.5 173.5 19.0 29.0
0 1133.5 150.5 15.0 21.0
0 1003.5 285.0 29.0 36.0
0 1083.5 319.5 33.0 39.0
0 1091.5 257.0 25.0 36.0
0 1081.0 218.5 22.0 31.0
0 1158.5 204.0 19.0 32.0
0 1189.0 236.0 22.0 32.0
0 1202.5 268.0 25.0 30.0
0 1225.0 228.5 16.0 27.0
0 1222.0 207.5 14.0 17.0
0 1229.5 189.0 11.0 20.0
0 1234.5 166.5 13.0 19.0
0 1184.5 152.5 17.0 23.0
0 1166.0 170.0 18.0 22.0
