0 64.5 283.0 29.0 34.0
0 392.5 170.0 21.0 22.0
0 430.5 156.5 21.0 27.0
0 427.0 184.5 24.0 25.0
0 463.5 159.0 21.0 22.0
0 476.5 160.0 19.0 24.0
0 466.0 185.5 22.0 27.0
0 499.0 190.0 24.0 28.0
0 505.5 169.0 21.0 22.0
0 533.0 188.0 30.0 32.0
0 544.0 162.0 24.0 26.0
0 534.5 139.5 21.0 23.0
0 560.5 120.0 17.0 18.0
0 575.0 123.0 16.0 16.0
0 566.0 138.0 18.0 20.0
0 587.5 105.5 15.0 17.0
0 608.0 105.0 14.0 18.0
0 605.0 156.5 20.0 25.0
0 644.5 135.5 21.0 23.0
0 639.5 105.5 15.0 17.0
0 652.0 115.5 16.0 17.0
0 653.5 95.0 13.0 18.0
0 671.5 107.0 15.0 18.0
0 681.0 98.5 12.0 19.0
0 692.5 119.5 17.0 19.0
0 703.5 104.0 15.0 20.0
0 709.0 88.0 14.0 18.0
0 736.0 85.0 14.0 18.0
0 745.0 84.0 14.0 20.0
0 753.5 92.5 17.0 21.0
0 737.5 103.5 19.0 21.0
0 726.5 121.0 19.0 22.0
0 784.0 100.5 16.0 19.0
0 793.5 96.0 13.0 16.0
0 801.5 89.5 13.0 17.0
0 820.5 92.5 17.0 19.0
0 835.5 98.0 17.0 18.0
0 835.0 81.0 12.0 18.0
0 828.5 77.0 15.0 18.0
0 875.0 85.0 16.0 16.0
0 770.0 79.0 14.0 16.0
0 774.0 151.0 24.0 26.0
0 770.0 178.0 28.0 32.0
0 700.0 189.5 28.0 31.0
0 670.5 211.0 33.0 32.0
0 735.0 231.5 32.0 39.0
0 842.0 192.0 30.0 38.0
0 862.5 158.5 21.0 27.0
0 866.0 137.0 20.0 24.0
0 916.0 151.5 26.0 31.0
0 896.5 112.0 19.0 26.0
0 922.5 99.0 21.0 22.0
0 942.5 105.0 21.0 22.0
0 948.5 173.0 27.0 32.0
0 971.5 162.0 23.0 26.0
0 960.5 215.5 29.0 39.0
0 1038.0 249.0 36.0 48.0
0 1048.5 225.5 37.0 37.0
0 1145.5 245.0 31.0 34.0
0 1157.0 209.0 24.0 26.0
0 1091.0 177.5 28.0 29.0
0 1039.0 181.5 24.0 27.0
0 1049.5 147.5 21.0 23.0
0 1059.0 135.0 20.0 22.0
0 1145.0 162.0 26.0 30.0
0 1163.0 145.0 20.0 24.0
0 1167.0 120.5 20.0 23.0
0 1178.0 111.0 20.0 22.0
0 1148.0 103.5 16.0 21.0
0 1135.0 110.5 18.0 21.0
0 1119.5 130.5 21.0 27.0
0 1088.0 110.0 18.0 22.0
0 1096.5 101.0 15.0 16.0
0 1047.0 109.0 20.0 22.0
0 1051.5 92.0 15.0 16.0
0 1007.5 130.5 19.0 21.0
0 1018.5 112.5 19.0 21.0
0 1014.5 91.5 17.0 17.0
0 988.0 86.0 14.0 18.0
0 978.5 112.0 19.0 24.0
0 1105.0 345.0 36.0 44.0
0 375.5 220.5 23.0 17.0
