0 89.0 320.5 70.0 77.0
0 282.5 172.0 23.0 22.0
0 313.0 162.5 18.0 27.0
0 326.5 158.5 21.0 25.0
0 349.0 166.5 20.0 23.0
0 373.0 169.0 22.0 22.0
0 433.5 175.0 27.0 32.0
0 342.0 135.5 18.0 23.0
0 353.5 151.0 17.0 18.0
0 376.5 137.0 21.0 20.0
0 405.0 141.0 22.0 22.0
0 406.0 130.0 16.0 18.0
0 408.5 120.0 13.0 14.0
0 443.0 137.5 20.0 19.0
0 486.5 133.5 19.0 27.0
0 443.5 105.5 17.0 21.0
0 457.5 115.5 21.0 15.0
0 500.5 116.5 17.0 19.0
0 525.5 116.0 25.0 24.0
0 506.0 96.0 16.0 18.0
0 485.5 91.5 17.0 17.0
0 520.5 83.0 13.0 16.0
0 575.0 82.0 22.0 24.0
0 591.5 94.5 19.0 21.0
0 612.5 100.5 21.0 23.0
0 628.5 90.5 17.0 17.0
0 611.0 66.0 18.0 16.0
0 633.0 60.0 16.0 18.0
0 639.0 71.0 14.0 16.0
0 635.5 80.5 15.0 19.0
0 668.0 69.5 18.0 17.0
0 672.0 58.0 16.0 18.0
0 688.5 75.5 17.0 19.0
0 702.5 60.5 19.0 19.0
0 741.5 62.5 15.0 21.0
0 720.5 74.5 13.0 15.0
0 676.0 90.5 20.0 21.0
0 577.0 123.5 24.0 27.0
0 531.5 138.5 27.0 27.0
0 530.0 187.0 34.0 42.0
0 598.5 191.5 35.0 37.0
0 654.0 199.0 36.0 40.0
0 728.0 206.0 40.0 42.0
0 609.5 147.5 25.0 29.0
0 652.5 157.0 29.0 34.0
0 649.0 120.0 22.0 26.0
0 694.0 109.5 26.0 29.0
0 713.0 157.0 26.0 34.0
0 712.5 125.0 25.0 28.0
0 753.0 136.0 26.0 32.0
0 766.0 174.5 30.0 31.0
0 840.0 174.5 32.0 39.0
0 810.0 137.0 28.0 42.0
0 801.0 110.0 28.0 28.0
0 769.5 111.5 21.0 31.0
0 740.0 96.0 28.0 30.0
0 779.5 86.5 23.0 25.0
0 795.0 75.5 18.0 21.0
0 805.0 76.0 16.0 20.0
0 829.0 77.0 16.0 20.0
0 837.0 73.0 16.0 20.0
0 855.5 82.5 15.0 21.0
0 862.5 106.0 29.0 30.0
0 819.5 97.0 19.0 20.0
0 877.0 147.0 30.0 30.0
0 887.5 101.5 19.0 23.0
0 876.5 79.0 17.0 20.0
0 898.0 90.0 18.0 22.0
0 914.0 112.0 20.0 24.0
0 935.5 136.0 25.0 32.0
0 998.0 174.0 32.0 38.0
0 954.0 118.0 22.0 26.0
0 931.0 97.0 18.0 18.0
0 937.5 77.5 17.0 21.0
0 965.5 79.5 13.0 21.0
0 964.0 103.0 18.0 26.0
0 994.0 125.5 20.0 25.0
0 997.0 109.5 16.0 17.0
0 994.5 94.5 15.0 15.0
