0 211.0 212.5 44.0 45.0
0 304.5 127.5 13.0 21.0
0 323.0 130.5 16.0 21.0
0 342.0 128.5 16.0 17.0
0 368.0 103.0 12.0 14.0
0 366.0 118.5 18.0 17.0
0 394.5 133.5 17.0 21.0
0 396.0 115.0 16.0 18.0
0 421.0 135.5 18.0 21.0
0 424.5 111.0 17.0 22.0
0 433.5 97.0 15.0 18.0
0 455.5 132.0 21.0 24.0
0 444.0 80.0 12.0 18.0
0 468.0 86.5 12.0 15.0
0 494.5 96.0 15.0 18.0
0 494.0 74.5 10.0 13.0
0 510.5 78.0 11.0 14.0
0 516.0 99.0 12.0 16.0
0 525.5 118.5 17.0 21.0
0 541.0 76.5 12.0 15.0
0 547.5 103.0 17.0 20.0
0 567.5 70.5 13.0 15.0
0 581.5 87.5 17.0 19.0
0 584.0 105.5 18.0 19.0
0 615.0 91.0 16.0 20.0
0 595.5 70.5 11.0 17.0
0 607.0 64.0 10.0 12.0
0 622.5 74.0 13.0 16.0
0 639.5 65.5 11.0 17.0
0 653.0 73.0 14.0 16.0
0 723.5 58.5 11.0 13.0
0 714.0 71.0 12.0 18.0
0 740.0 59.5 10.0 13.0
0 512.0 158.5 24.0 35.0
0 564.5 163.0 25.0 36.0
0 586.5 140.5 21.0 29.0
0 626.5 147.5 25.0 35.0
0 626.0 198.5 26.0 35.0
0 661.0 126.0 18.0 26.0
0 693.0 108.5 18.0 23.0
0 713.0 138.5 24.0 29.0
0 709.0 175.0 28.0 32.0
0 740.0 131.5 24.0 25.0
0 761.0 165.0 20.0 28.0
0 743.5 103.0 19.0 24.0
0 770.0 93.5 18.0 19.0
0 786.5 79.0 13.0 18.0
0 804.0 85.5 14.0 15.0
0 827.5 86.5 15.0 23.0
0 787.5 136.0 19.0 28.0
0 820.5 124.5 21.0 23.0
0 812.5 171.0 23.0 36.0
0 780.0 211.0 34.0 38.0
0 847.5 149.5 23.0 29.0
0 866.5 175.0 29.0 30.0
0 864.0 205.5 34.0 37.0
0 901.0 153.5 22.0 29.0
0 920.0 130.5 18.0 25.0
0 969.5 131.0 19.0 24.0
0 959.0 162.5 22.0 27.0
0 955.5 190.5 27.0 31.0
0 938.0 243.5 36.0 47.0
0 760.5 81.0 13.0 18.0
0 688.0 83.0 16.0 18.0
0 684.5 61.0 11.0 16.0
0 680.5 68.5 11.0 15.0
0 645.5 88.5 15.0 19.0
0 462.0 112.5 16.0 21.0
0 469.5 124.5 15.0 23.0
0 523.5 85.5 13.0 15.0
0 525.0 69.5 12.0 15.0
0 548.0 71.0 10.0 14.0
