0 48.0 248.5 40.0 43.0
0 274.0 172.5 20.0 19.0
0 323.5 160.5 19.0 25.0
0 314.0 151.0 20.0 18.0
0 328.5 141.0 17.0 18.0
0 345.0 169.5 20.0 23.0
0 367.0 165.5 18.0 27.0
0 350.0 150.5 16.0 17.0
0 399.0 129.0 14.0 18.0
0 407.0 130.5 14.0 21.0
0 431.0 180.5 26.0 27.0
0 411.5 120.0 13.0 18.0
0 439.0 135.5 16.0 21.0
0 439.0 104.5 16.0 17.0
0 461.0 115.5 16.0 19.0
0 475.5 117.0 17.0 20.0
0 479.5 137.0 17.0 24.0
0 498.5 138.5 21.0 27.0
0 493.5 116.0 15.0 18.0
0 490.5 101.0 15.0 16.0
0 503.5 94.0 15.0 16.0
0 521.0 117.5 16.0 17.0
0 519.0 98.0 16.0 18.0
0 516.5 83.5 11.0 13.0
0 560.0 81.5 16.0 17.0
0 554.5 98.0 15.0 16.0
0 580.0 95.5 18.0 23.0
0 572.5 121.0 19.0 26.0
0 592.0 86.0 14.0 16.0
0 597.0 66.5 14.0 13.0
0 614.5 99.0 21.0 24.0
0 630.0 69.5 16.0 17.0
0 642.0 61.5 14.0 17.0
0 669.5 60.5 13.0 15.0
0 696.0 59.0 14.0 16.0
0 732.0 62.5 14.0 21.0
0 717.5 76.0 15.0 20.0
0 681.0 76.0 14.0 14.0
0 652.5 75.0 15.0 12.0
0 648.5 92.5 17.0 21.0
0 633.5 88.5 15.0 21.0
0 737.0 89.5 16.0 21.0
0 761.5 87.0 15.0 20.0
0 789.5 76.0 13.0 18.0
0 804.5 65.5 13.0 21.0
0 823.5 80.5 13.0 19.0
0 831.0 73.0 12.0 18.0
0 846.5 83.5 15.0 19.0
0 862.0 83.0 14.0 14.0
0 890.0 87.5 16.0 19.0
0 893.0 100.0 14.0 22.0
0 911.0 92.5 14.0 23.0
0 926.0 80.5 14.0 17.0
0 929.5 94.5 15.0 19.0
0 939.0 104.5 14.0 21.0
0 957.5 79.0 13.0 18.0
0 958.5 101.5 13.0 17.0
0 989.5 95.0 11.0 16.0
0 994.0 108.0 14.0 18.0
0 989.0 127.5 16.0 21.0
0 946.0 121.5 14.0 21.0
0 928.5 133.0 17.0 30.0
0 902.5 114.5 17.0 25.0
0 858.0 111.5 16.0 19.0
0 817.5 105.0 15.0 18.0
0 799.0 95.0 14.0 20.0
0 791.0 105.0 18.0 22.0
0 786.0 123.0 16.0 28.0
0 753.0 111.0 22.0 24.0
0 692.5 110.0 17.0 20.0
0 700.5 127.5 25.0 29.0
0 741.5 134.0 21.0 28.0
0 803.0 149.0 22.0 28.0
0 876.5 152.0 23.0 34.0
0 987.0 172.0 22.0 34.0
0 837.0 175.5 26.0 37.0
0 773.5 169.5 31.0 33.0
0 708.5 155.5 25.0 31.0
0 646.0 124.5 22.0 23.0
0 620.5 144.5 25.0 25.0
0 653.0 156.5 28.0 31.0
0 653.0 198.5 30.0 41.0
0 733.0 195.0 32.0 38.0
0 520.0 185.5 28.0 31.0
0 593.0 175.0 26.0 36.0
