0 66.0 155.0 18.0 20.0
0 293.0 122.0 18.0 22.0
0 322.0 106.5 16.0 19.0
0 391.5 141.0 21.0 26.0
0 384.0 111.0 18.0 20.0
0 393.0 82.5 16.0 21.0
0 419.0 95.5 22.0 19.0
0 414.0 122.0 18.0 22.0
0 451.5 117.5 17.0 21.0
0 447.5 92.0 23.0 22.0
0 435.5 71.5 13.0 15.0
0 453.5 73.0 13.0 14.0
0 478.0 72.0 16.0 16.0
0 497.0 70.0 14.0 16.0
0 503.5 101.0 17.0 20.0
0 508.5 87.0 15.0 16.0
0 525.5 75.5 13.0 15.0
0 554.0 75.0 16.0 16.0
0 585.5 64.0 11.0 14.0
0 552.0 144.5 22.0 25.0
0 583.5 113.0 19.0 22.0
0 619.0 119.5 22.0 23.0
0 619.0 98.5 18.0 23.0
0 587.5 160.5 27.0 39.0
0 628.5 194.0 33.0 40.0
0 623.0 155.5 22.0 31.0
0 680.0 123.0 22.0 26.0
0 688.0 93.0 18.0 20.0
0 652.5 91.0 19.0 22.0
0 744.5 130.0 23.0 26.0
0 754.5 154.0 23.0 32.0
0 783.0 164.0 26.0 38.0
0 807.5 152.5 23.0 27.0
0 843.0 191.0 30.0 36.0
0 840.5 229.5 39.0 45.0
0 858.5 121.5 17.0 23.0
