0 107.0 337.5 66.0 71.0
0 283.5 161.5 23.0 27.0
0 299.0 160.0 22.0 32.0
0 350.0 144.0 26.0 28.0
0 385.0 144.0 24.0 24.0
0 391.5 126.5 25.0 23.0
0 424.5 137.0 25.0 30.0
0 467.5 160.0 27.0 36.0
0 443.5 126.0 21.0 22.0
0 457.5 115.0 21.0 20.0
0 520.5 107.0 19.0 22.0
0 496.0 147.5 20.0 23.0
0 539.0 187.5 28.0 35.0
0 544.5 113.5 21.0 25.0
0 534.0 98.0 16.0 18.0
0 573.0 100.0 16.0 20.0
0 596.5 104.5 21.0 27.0
0 588.5 147.0 25.0 30.0
0 625.0 125.5 24.0 25.0
0 623.0 89.5 18.0 21.0
0 647.0 102.5 24.0 27.0
0 660.0 96.5 20.0 25.0
0 692.0 131.5 20.0 29.0
0 721.5 118.0 21.0 30.0
0 698.5 98.0 21.0 22.0
0 697.0 81.5 18.0 21.0
0 726.0 82.5 18.0 21.0
0 749.5 80.5 21.0 25.0
0 760.5 87.5 17.0 17.0
0 766.5 100.0 17.0 20.0
0 769.0 116.0 20.0 26.0
0 825.5 109.0 17.0 22.0
0 820.0 90.0 16.0 20.0
0 793.5 76.0 19.0 22.0
0 817.0 72.5 16.0 19.0
0 861.0 92.0 16.0 22.0
0 867.5 83.0 15.0 20.0
0 891.0 92.5 20.0 25.0
0 722.0 200.0 28.0 36.0
0 746.5 223.0 33.0 42.0
0 764.0 174.0 34.0 38.0
0 827.0 149.5 32.0 33.0
0 825.0 248.0 36.0 42.0
0 904.0 244.5 34.0 43.0
0 873.5 128.5 25.0 33.0
0 893.5 165.0 29.0 40.0
0 929.5 138.0 23.0 30.0
0 946.0 167.5 22.0 29.0
0 1000.0 275.0 36.0 48.0
0 1069.0 299.0 36.0 56.0
0 1099.5 241.5 29.0 45.0
0 1081.5 206.0 29.0 34.0
0 1003.5 188.0 31.0 36.0
0 996.0 145.0 22.0 32.0
0 975.0 129.0 18.0 24.0
0 947.5 121.0 19.0 24.0
0 968.0 110.0 14.0 16.0
0 964.0 122.0 16.0 20.0
0 1013.5 115.0 17.0 24.0
0 1023.0 139.5 22.0 27.0
0 1091.0 142.0 22.0 26.0
0 1132.5 136.5 21.0 27.0
0 1127.0 154.0 18.0 24.0
0 1114.0 168.0 24.0 32.0
0 1161.5 207.5 25.0 29.0
0 1187.5 225.5 27.0 35.0
0 1191.0 266.5 32.0 51.0
0 1221.5 220.0 27.0 34.0
0 1216.5 190.0 19.0 26.0
0 1230.5 155.0 19.0 22.0
0 1162.5 159.5 19.0 27.0
0 1189.0 147.0 18.0 24.0
