0 214.5 280.5 53.0 57.0
0 275.0 257.0 46.0 60.0
0 239.0 143.0 18.0 18.0
0 373.0 164.5 16.0 19.0
0 397.0 165.0 20.0 18.0
0 449.0 141.5 16.0 21.0
0 474.5 145.0 21.0 20.0
0 484.0 118.5 16.0 21.0
0 507.0 123.5 16.0 19.0
0 460.5 178.5 25.0 25.0
0 513.0 103.5 12.0 11.0
0 500.5 97.0 15.0 12.0
0 520.0 81.5 14.0 13.0
0 569.5 89.5 11.0 13.0
0 556.0 105.5 14.0 19.0
0 579.0 125.5 18.0 15.0
0 596.5 96.5 15.0 15.0
0 628.5 97.5 13.0 15.0
0 591.0 50.5 14.0 11.0
0 519.5 178.0 27.0 24.0
0 707.0 152.0 24.0 28.0
0 765.5 176.5 25.0 33.0
0 817.0 183.0 26.0 26.0
0 730.0 105.0 16.0 18.0
0 765.0 94.5 14.0 15.0
0 788.0 99.0 16.0 20.0
0 799.0 94.5 16.0 19.0
0 808.0 45.0 14.0 14.0
0 811.0 111.5 18.0 21.0
0 856.0 117.0 16.0 22.0
0 870.0 80.0 14.0 20.0
0 1026.0 64.5 12.0 17.0
0 937.0 143.0 18.0 26.0
