0 52.0 379.0 64.0 72.0
0 266.0 158.5 20.0 25.0
0 354.0 137.0 22.0 26.0
0 400.0 140.0 20.0 30.0
0 416.0 117.0 24.0 28.0
0 428.0 134.5 22.0 29.0
0 454.0 126.5 20.0 25.0
0 477.0 160.5 30.0 35.0
0 460.5 115.5 19.0 19.0
0 512.0 113.5 24.0 25.0
0 523.5 138.0 21.0 22.0
0 561.5 177.0 29.0 36.0
0 606.5 148.5 29.0 31.0
0 554.5 119.5 21.0 23.0
0 548.0 98.0 22.0 24.0
0 585.0 96.0 22.0 26.0
0 614.5 97.0 21.0 26.0
0 636.0 88.0 20.0 26.0
0 640.5 118.5 21.0 25.0
0 710.5 131.5 27.0 29.0
0 675.5 93.5 19.0 23.0
0 706.0 95.5 18.0 25.0
0 711.5 80.0 19.0 20.0
0 744.5 79.5 17.0 23.0
0 751.5 99.0 21.0 24.0
0 740.0 117.0 22.0 26.0
0 765.0 73.0 20.0 24.0
0 787.0 95.5 20.0 23.0
0 811.5 74.5 19.0 25.0
0 802.5 117.0 21.0 28.0
0 842.5 105.5 19.0 21.0
0 836.0 87.5 16.0 23.0
0 854.0 77.5 16.0 23.0
0 879.5 80.0 21.0 22.0
0 907.0 89.5 18.0 23.0
0 867.0 102.0 24.0 28.0
0 710.0 206.5 30.0 37.0
0 771.0 221.0 30.0 38.0
0 787.5 170.0 31.0 36.0
0 841.5 245.5 41.0 45.0
0 922.0 233.0 34.0 38.0
0 1021.5 275.0 41.0 52.0
0 1093.5 307.0 45.0 50.0
0 1104.5 235.0 33.0 42.0
0 1211.5 275.0 29.0 46.0
0 1202.0 224.0 32.0 42.0
0 1240.5 219.0 23.0 32.0
0 1230.0 197.0 22.0 30.0
0 1239.0 180.0 18.0 20.0
0 1251.0 156.5 24.0 25.0
0 1204.0 147.0 16.0 24.0
0 1185.5 161.0 19.0 26.0
0 1169.5 191.0 27.0 28.0
0 1096.5 202.5 27.0 33.0
0 1130.0 164.5 24.0 29.0
0 1141.0 151.0 18.0 24.0
0 1153.0 135.0 20.0 24.0
0 1107.5 137.5 21.0 25.0
0 1038.5 180.5 31.0 37.0
0 974.0 168.5 26.0 27.0
0 1008.0 153.0 26.0 34.0
0 1047.0 132.5 22.0 27.0
0 1030.5 112.5 23.0 29.0
0 991.5 120.0 21.0 28.0
0 991.5 101.5 19.0 25.0
0 960.5 137.0 21.0 26.0
0 911.0 126.5 24.0 25.0
0 934.5 125.0 23.0 28.0
0 949.5 122.5 21.0 31.0
0 910.0 164.0 28.0 36.0
0 858.5 147.5 27.0 35.0
