0 182.5 191.0 39.0 38.0
0 275.0 112.0 14.0 16.0
0 285.5 120.5 13.0 15.0
0 298.0 129.0 16.0 20.0
0 326.5 135.0 19.0 22.0
0 360.5 130.0 15.0 16.0
0 393.0 120.0 18.0 20.0
0 388.0 109.5 14.0 15.0
0 366.0 106.5 14.0 15.0
0 350.5 104.0 15.0 18.0
0 332.0 98.5 16.0 13.0
0 323.5 90.5 13.0 15.0
0 415.5 115.5 15.0 17.0
0 454.5 115.5 13.0 19.0
0 394.0 92.5 14.0 15.0
0 397.5 73.5 11.0 13.0
0 422.0 88.5 14.0 11.0
0 446.5 94.5 15.0 13.0
0 446.5 79.0 9.0 12.0
0 446.0 68.5 12.0 11.0
0 469.5 79.0 11.0 12.0
0 471.0 63.5 10.0 11.0
0 479.5 73.5 9.0 11.0
0 493.0 65.5 10.0 11.0
0 495.5 80.0 13.0 12.0
0 475.5 100.5 15.0 17.0
0 509.5 100.5 15.0 15.0
0 518.0 81.5 12.0 15.0
0 519.5 63.0 11.0 12.0
0 516.0 73.5 10.0 9.0
0 540.0 64.0 10.0 14.0
0 529.5 76.5 9.0 11.0
0 549.5 89.0 13.0 16.0
0 564.0 66.5 12.0 15.0
0 549.5 59.0 13.0 14.0
0 572.5 58.5 9.0 13.0
0 581.0 62.5 8.0 11.0
0 591.0 67.0 10.0 16.0
0 585.0 83.5 12.0 17.0
0 618.5 73.0 13.0 16.0
0 621.5 59.0 9.0 10.0
0 630.5 53.5 9.0 13.0
0 649.5 63.0 9.0 12.0
0 656.0 53.5 10.0 11.0
0 670.5 55.0 11.0 14.0
0 467.5 145.5 23.0 27.0
0 510.5 149.5 27.0 31.0
0 565.0 178.0 26.0 32.0
0 544.0 124.5 20.0 23.0
0 585.0 139.0 20.0 24.0
0 582.5 110.0 15.0 20.0
0 634.5 135.0 23.0 24.0
0 635.5 95.0 15.0 16.0
0 663.0 100.5 14.0 21.0
0 658.5 163.5 23.0 27.0
0 686.5 156.0 19.0 26.0
0 708.5 194.0 25.0 32.0
0 771.0 221.5 26.0 31.0
0 845.0 235.0 28.0 36.0
0 863.0 184.5 24.0 31.0
0 869.0 150.5 18.0 29.0
0 894.5 114.5 17.0 21.0
0 837.0 120.0 18.0 18.0
0 819.5 136.0 19.0 24.0
0 787.5 171.0 21.0 26.0
0 744.0 161.0 22.0 24.0
0 772.5 135.0 19.0 20.0
0 751.0 119.5 14.0 21.0
0 722.0 123.0 20.0 20.0
0 682.5 116.5 17.0 21.0
0 713.0 98.5 14.0 15.0
0 698.0 85.0 12.0 14.0
0 686.0 82.0 10.0 16.0
0 706.5 70.0 11.0 14.0
0 719.0 83.0 10.0 14.0
0 727.0 78.0 12.0 16.0
0 749.5 81.5 15.0 19.0
