0 1034.0 82.0 14.0 24.0
0 985.5 114.0 17.0 24.0
0 939.0 115.0 14.0 22.0
0 901.0 112.0 16.0 22.0
0 923.0 139.0 18.0 26.0
0 848.0 117.5 18.0 23.0
0 861.5 78.5 13.0 15.0
0 795.5 68.5 13.0 17.0
0 765.5 83.5 15.0 23.0
0 799.0 90.0 14.0 20.0
0 800.5 106.5 19.0 23.0
0 825.5 185.0 21.0 32.0
0 766.0 167.5 26.0 35.0
0 735.5 62.0 13.0 18.0
0 730.5 95.0 15.0 26.0
0 740.0 109.5 16.0 25.0
0 767.0 105.5 16.0 21.0
0 706.0 122.0 18.0 28.0
0 707.0 152.5 20.0 31.0
0 659.0 122.0 20.0 30.0
0 608.5 67.5 11.0 13.0
0 658.0 69.5 10.0 15.0
0 600.0 79.0 12.0 16.0
0 617.5 90.0 13.0 20.0
0 632.5 76.5 11.0 13.0
0 646.0 82.5 10.0 15.0
0 520.5 75.0 11.0 12.0
0 565.0 83.5 14.0 17.0
0 572.0 79.0 12.0 16.0
0 466.0 98.5 14.0 19.0
0 478.5 117.0 17.0 20.0
0 453.5 129.5 17.0 23.0
0 481.5 135.0 17.0 24.0
0 594.5 145.0 19.0 30.0
0 557.0 129.0 16.0 26.0
0 533.5 102.5 15.0 21.0
0 507.0 122.5 16.0 17.0
0 409.5 120.5 13.0 17.0
0 459.0 171.5 22.0 33.0
0 325.0 154.0 16.0 22.0
0 360.0 166.5 16.0 23.0
0 336.5 170.5 19.0 23.0
0 642.0 58.5 10.0 13.0
0 514.0 195.0 24.0 32.0
0 583.0 181.0 26.0 38.0
0 644.0 154.0 26.0 30.0
0 652.0 181.0 30.0 42.0
0 223.0 280.5 46.0 53.0
