0 93.0 305.0 50.0 50.0
0 366.0 205.0 30.0 28.0
0 402.5 203.0 23.0 28.0
0 431.5 196.0 23.0 26.0
0 454.0 208.0 28.0 32.0
0 495.0 212.0 30.0 36.0
0 387.5 172.5 19.0 25.0
0 425.0 165.5 22.0 23.0
0 461.0 161.0 24.0 26.0
0 473.0 172.0 24.0 28.0
0 512.0 165.0 20.0 28.0
0 554.0 162.5 22.0 29.0
0 518.5 144.5 23.0 27.0
0 536.0 139.0 18.0 24.0
0 564.0 147.5 20.0 25.0
0 566.0 129.0 16.0 22.0
0 567.0 110.5 16.0 21.0
0 590.0 115.0 18.0 22.0
0 624.5 144.5 23.0 27.0
0 631.0 166.0 24.0 34.0
0 636.0 100.5 16.0 17.0
0 633.5 114.0 15.0 18.0
0 641.5 129.5 19.0 25.0
0 660.5 118.5 19.0 23.0
0 664.5 106.0 17.0 18.0
0 683.0 129.5 22.0 27.0
0 703.5 111.0 19.0 26.0
0 707.0 96.0 16.0 16.0
0 732.0 95.5 18.0 23.0
0 751.0 77.5 16.0 19.0
0 737.0 89.0 18.0 18.0
0 742.5 107.5 19.0 23.0
0 736.5 126.0 23.0 26.0
0 773.5 84.5 19.0 19.0
0 770.0 103.0 18.0 20.0
0 790.5 109.0 17.0 22.0
0 817.0 72.0 16.0 18.0
0 832.0 87.0 14.0 18.0
0 853.0 91.0 14.0 20.0
0 873.5 84.0 17.0 20.0
0 820.5 100.5 17.0 23.0
0 814.0 90.5 18.0 19.0
0 791.5 147.5 21.0 29.0
0 818.0 163.0 24.0 30.0
0 768.0 182.5 30.0 35.0
0 717.5 187.5 31.0 37.0
0 683.0 212.0 38.0 40.0
0 767.5 241.5 41.0 47.0
0 847.0 197.5 32.0 41.0
0 862.5 142.5 23.0 31.0
0 898.5 161.5 27.0 33.0
0 911.0 136.0 22.0 30.0
0 894.0 111.0 16.0 22.0
0 901.5 131.0 21.0 24.0
0 958.5 129.0 19.0 26.0
0 936.5 105.0 19.0 26.0
0 986.0 95.5 16.0 19.0
0 1016.0 97.5 16.0 21.0
0 1055.5 99.0 17.0 22.0
0 1097.5 103.5 15.0 21.0
0 1138.5 106.5 17.0 25.0
0 1141.5 114.5 19.0 25.0
0 1174.5 117.5 17.0 25.0
0 1089.5 113.0 19.0 24.0
0 1074.0 125.5 20.0 25.0
0 1049.0 114.5 16.0 23.0
0 1124.0 140.0 22.0 26.0
0 1169.5 154.0 19.0 36.0
0 1162.5 179.5 27.0 31.0
0 1102.0 163.5 26.0 35.0
0 1065.5 138.5 17.0 23.0
0 1028.5 113.0 21.0 24.0
0 985.5 120.0 19.0 26.0
0 1015.0 132.5 20.0 27.0
0 1036.0 158.0 24.0 32.0
0 1042.0 176.5 24.0 33.0
0 1102.5 194.5 23.0 33.0
0 941.0 184.0 32.0 32.0
0 978.5 223.0 33.0 38.0
0 1056.0 238.0 38.0 50.0
0 1131.5 249.5 29.0 43.0
0 1015.5 293.5 51.0 55.0
0 1128.0 319.5 42.0 55.0
0 1159.5 205.0 27.0 36.0
