0 158.0 345.5 68.0 67.0
0 272.0 250.5 26.0 27.0
0 330.0 235.0 30.0 30.0
0 367.0 244.0 30.0 28.0
0 413.0 248.0 32.0 26.0
0 356.0 210.5 28.0 25.0
0 440.0 226.0 22.0 22.0
0 445.0 201.0 20.0 22.0
0 474.5 228.5 23.0 21.0
0 496.5 165.0 19.0 22.0
0 507.0 181.0 22.0 22.0
0 505.0 205.0 22.0 20.0
0 504.5 228.0 27.0 24.0
0 544.0 207.0 24.0 22.0
0 555.0 179.5 16.0 17.0
0 550.5 169.5 13.0 17.0
0 577.5 165.0 19.0 22.0
0 571.5 188.5 19.0 19.0
0 586.0 212.0 22.0 22.0
0 560.5 230.5 29.0 27.0
0 613.5 266.5 27.0 37.0
0 599.5 203.0 23.0 26.0
0 639.5 171.5 17.0 19.0
0 656.0 186.0 20.0 26.0
0 675.0 171.0 22.0 24.0
0 687.5 155.5 17.0 21.0
0 705.5 144.5 21.0 17.0
0 740.5 154.5 13.0 17.0
0 752.5 137.0 17.0 20.0
0 770.5 141.5 15.0 19.0
0 719.5 172.5 19.0 21.0
0 713.5 164.5 17.0 19.0
0 738.0 172.5 18.0 23.0
0 690.0 189.5 22.0 23.0
0 660.5 242.0 27.0 30.0
0 628.5 231.5 29.0 33.0
0 741.5 224.0 31.0 34.0
0 777.5 206.5 29.0 27.0
0 791.5 170.5 23.0 23.0
0 817.5 146.5 15.0 17.0
0 827.0 155.5 14.0 21.0
0 841.5 153.5 17.0 21.0
0 833.5 180.0 19.0 24.0
0 805.0 229.5 26.0 27.0
0 673.0 279.0 34.0 36.0
0 723.5 281.5 27.0 25.0
0 724.0 309.0 38.0 52.0
0 794.5 319.5 43.0 49.0
0 813.0 267.5 34.0 43.0
0 867.0 168.5 22.0 25.0
0 904.5 150.0 17.0 20.0
0 906.0 176.5 20.0 29.0
0 892.5 196.5 21.0 25.0
0 857.5 240.0 27.0 32.0
0 835.5 223.5 27.0 27.0
0 912.0 279.5 30.0 35.0
0 882.0 323.5 46.0 47.0
0 947.5 292.5 35.0 37.0
0 940.0 173.5 18.0 19.0
0 956.5 161.0 19.0 22.0
0 958.0 184.5 18.0 25.0
0 940.5 201.0 25.0 28.0
0 991.0 177.5 22.0 17.0
0 1031.0 180.5 22.0 19.0
0 1066.5 172.5 17.0 25.0
0 1055.0 187.5 16.0 27.0
0 1076.0 194.0 20.0 24.0
0 1060.0 218.0 20.0 26.0
0 1001.0 207.0 18.0 24.0
0 1032.0 218.0 22.0 28.0
0 1087.0 221.5 24.0 29.0
0 1151.5 185.0 19.0 26.0
0 1145.5 208.0 19.0 20.0
0 1130.0 225.5 24.0 29.0
0 1151.5 225.0 17.0 28.0
0 1138.0 257.0 24.0 32.0
0 1115.5 273.5 21.0 29.0
0 1075.0 258.5 22.0 31.0
0 1059.5 244.5 27.0 31.0
0 1036.0 297.5 34.0 41.0
0 1115.0 319.5 30.0 39.0
0 994.0 245.0 24.0 36.0
0 992.5 357.0 37.0 50.0
