0 1196.0 146.0 16.0 24.0
0 1238.0 162.5 14.0 27.0
0 1230.5 181.0 15.0 24.0
0 1225.0 203.0 16.0 26.0
0 1233.5 221.5 19.0 31.0
0 1197.0 233.0 24.0 30.0
0 1205.0 260.0 30.0 42.0
0 1096.0 321.0 38.0 48.0
0 1110.0 261.0 28.0 42.0
0 1164.0 197.5 20.0 31.0
0 1177.5 164.0 19.0 28.0
0 1143.5 141.0 17.0 26.0
0 1136.5 155.5 19.0 31.0
0 1123.5 174.5 27.0 29.0
0 1097.0 144.0 18.0 22.0
0 1110.5 146.0 13.0 22.0
0 1080.5 215.5 25.0 31.0
0 1031.0 181.5 22.0 31.0
0 1035.0 130.5 22.0 25.0
0 1025.5 151.5 19.0 29.0
0 1021.5 121.5 19.0 19.0
0 1000.5 161.5 21.0 29.0
0 988.5 107.0 17.0 24.0
0 981.5 128.5 21.0 29.0
0 955.0 120.0 18.0 26.0
0 940.0 145.5 20.0 29.0
0 966.5 172.5 21.0 29.0
0 932.0 127.0 20.0 28.0
0 876.5 86.0 17.0 22.0
0 904.5 96.0 17.0 26.0
0 906.0 133.0 18.0 26.0
0 906.0 163.0 24.0 36.0
0 865.0 100.5 20.0 25.0
0 801.5 79.0 17.0 24.0
0 818.5 87.5 15.0 21.0
0 824.0 116.5 16.0 23.0
0 832.5 152.5 27.0 33.0
0 783.5 99.0 23.0 20.0
0 757.5 83.5 19.0 19.0
0 771.5 112.0 17.0 22.0
0 778.5 120.5 19.0 25.0
0 727.0 87.5 18.0 23.0
0 703.5 85.5 17.0 21.0
0 702.0 101.5 20.0 23.0
0 668.0 95.5 20.0 25.0
0 735.0 121.5 18.0 25.0
0 629.0 95.5 18.0 21.0
0 583.0 102.0 16.0 22.0
0 592.0 105.0 14.0 24.0
0 603.5 108.0 19.0 24.0
0 632.5 125.5 19.0 25.0
0 669.0 140.0 20.0 28.0
0 616.5 150.5 21.0 31.0
0 529.5 106.0 15.0 18.0
0 544.5 122.0 19.0 26.0
0 498.0 116.5 20.0 21.0
0 467.5 122.5 21.0 21.0
0 406.0 129.0 22.0 20.0
0 428.5 139.5 21.0 27.0
0 451.0 136.5 24.0 25.0
0 511.5 144.5 21.0 27.0
0 466.0 167.5 24.0 29.0
0 330.5 157.5 17.0 27.0
0 553.0 186.5 26.0 35.0
0 147.5 338.0 59.0 66.0
0 783.5 179.5 33.0 39.0
0 706.5 206.5 35.0 35.0
0 764.5 231.5 29.0 37.0
0 834.0 243.5 32.0 35.0
0 919.5 243.5 31.0 41.0
0 998.5 270.0 35.0 54.0
0 400.5 147.0 21.0 22.0
