0 182.0 238.5 40.0 45.0
0 291.0 127.5 20.0 19.0
0 325.5 111.5 19.0 17.0
0 387.0 117.5 16.0 15.0
0 419.5 128.0 19.0 18.0
0 458.0 123.5 20.0 23.0
0 393.0 99.5 16.0 15.0
0 419.0 104.0 16.0 18.0
0 398.5 83.0 17.0 16.0
0 402.0 61.5 16.0 15.0
0 444.0 77.0 12.0 14.0
0 455.0 95.5 14.0 17.0
0 462.0 80.0 12.0 12.0
0 480.5 80.5 13.0 15.0
0 489.0 78.5 8.0 13.0
0 498.0 80.0 14.0 18.0
0 515.0 75.5 14.0 15.0
0 533.0 82.0 14.0 16.0
0 517.0 93.5 16.0 17.0
0 529.0 104.0 14.0 18.0
0 535.5 138.0 25.0 26.0
0 472.5 150.0 25.0 24.0
0 567.5 79.0 17.0 18.0
0 593.5 72.0 15.0 16.0
0 544.5 156.5 27.0 35.0
0 602.5 109.5 21.0 27.0
0 582.5 150.0 23.0 34.0
0 593.5 161.0 27.0 38.0
0 636.5 157.0 25.0 28.0
0 639.0 179.0 30.0 36.0
0 629.0 102.0 18.0 22.0
0 638.0 115.5 16.0 25.0
0 671.0 108.0 18.0 22.0
0 668.0 94.0 18.0 20.0
0 687.0 85.5 14.0 19.0
0 700.5 102.5 15.0 17.0
0 685.5 124.5 21.0 27.0
0 766.0 112.0 18.0 26.0
0 793.5 122.5 17.0 23.0
0 772.5 137.5 17.0 27.0
0 761.0 159.0 20.0 34.0
0 826.0 160.0 16.0 26.0
0 823.5 174.0 19.0 30.0
0 855.5 179.0 23.0 38.0
0 849.5 226.0 29.0 46.0
0 882.5 132.5 17.0 25.0
0 857.0 57.5 12.0 15.0
0 874.0 64.5 16.0 19.0
0 922.0 63.5 12.0 17.0
0 922.5 85.0 15.0 18.0
