0 221.5 293.0 55.0 62.0
0 431.5 293.0 77.0 90.0
0 298.5 140.0 21.0 24.0
0 331.5 132.0 19.0 22.0
0 359.0 110.0 18.0 24.0
0 358.0 144.5 20.0 19.0
0 352.0 132.0 16.0 18.0
0 383.5 118.5 21.0 21.0
0 395.5 149.0 23.0 24.0
0 415.0 123.0 20.0 24.0
0 409.0 101.5 16.0 19.0
0 444.0 157.0 26.0 28.0
0 444.5 130.5 21.0 25.0
0 480.5 124.0 27.0 22.0
0 471.0 79.5 20.0 17.0
0 509.0 71.0 16.0 20.0
0 523.0 88.5 16.0 21.0
0 518.0 94.0 18.0 18.0
0 540.5 116.0 27.0 20.0
0 515.5 112.5 23.0 21.0
0 553.0 92.5 16.0 19.0
0 540.5 68.5 13.0 15.0
0 564.5 78.0 15.0 20.0
0 577.5 77.5 13.0 15.0
0 594.5 77.0 13.0 18.0
0 600.0 101.5 18.0 19.0
0 650.5 70.0 17.0 20.0
0 664.0 71.5 12.0 17.0
0 673.0 63.0 12.0 12.0
0 700.0 66.0 16.0 18.0
0 707.5 81.0 17.0 18.0
0 733.5 71.5 15.0 17.0
0 767.0 68.0 16.0 18.0
0 681.5 105.5 15.0 19.0
0 645.0 93.0 28.0 16.0
0 607.5 140.5 25.0 29.0
0 589.0 127.5 22.0 25.0
0 658.5 149.0 29.0 32.0
0 750.0 170.5 26.0 35.0
0 784.5 196.0 31.0 34.0
0 813.5 201.5 35.0 39.0
0 852.0 183.5 26.0 35.0
0 986.5 235.5 31.0 31.0
0 896.0 162.5 26.0 29.0
0 824.0 149.0 22.0 26.0
0 785.5 141.5 23.0 23.0
0 737.5 132.5 25.0 27.0
0 777.0 118.0 20.0 22.0
0 766.0 103.0 18.0 22.0
0 795.0 104.5 16.0 23.0
0 810.5 121.5 19.0 23.0
0 859.5 142.0 19.0 24.0
0 839.5 95.0 17.0 18.0
0 860.5 95.5 15.0 17.0
0 867.5 84.0 15.0 12.0
0 892.5 124.0 21.0 20.0
0 914.5 96.0 17.0 22.0
0 926.5 90.0 13.0 16.0
0 939.0 107.0 18.0 22.0
0 959.5 165.5 19.0 23.0
0 1018.5 157.0 19.0 26.0
0 1002.0 127.0 22.0 26.0
0 996.5 108.0 19.0 18.0
0 1021.0 101.0 12.0 22.0
0 982.0 122.0 14.0 26.0
0 971.0 116.0 14.0 24.0
