0 96.5 358.0 49.0 68.0
0 360.5 180.5 21.0 27.0
0 379.5 173.5 23.0 25.0
0 401.5 177.5 21.0 27.0
0 417.0 185.0 26.0 32.0
0 425.0 152.0 24.0 28.0
0 470.5 184.5 29.0 35.0
0 502.5 168.5 27.0 33.0
0 524.5 185.0 31.0 40.0
0 564.5 160.0 27.0 28.0
0 542.0 157.5 24.0 31.0
0 589.0 157.5 24.0 33.0
0 511.0 135.0 24.0 26.0
0 533.5 123.5 21.0 25.0
0 539.5 110.5 21.0 21.0
0 561.5 105.0 21.0 22.0
0 584.0 115.5 20.0 23.0
0 604.5 136.5 21.0 23.0
0 643.5 128.0 21.0 26.0
0 672.5 137.0 21.0 22.0
0 675.0 113.5 18.0 25.0
0 624.5 89.0 13.0 20.0
0 639.0 99.5 18.0 25.0
0 666.5 92.0 19.0 20.0
0 694.0 96.5 24.0 23.0
0 727.5 103.0 23.0 28.0
0 749.0 113.0 20.0 28.0
0 758.5 100.0 19.0 26.0
0 741.0 74.0 14.0 18.0
0 765.5 71.5 15.0 15.0
0 775.5 90.5 19.0 17.0
0 805.0 81.5 22.0 25.0
0 841.0 81.5 18.0 23.0
0 626.5 207.5 39.0 39.0
0 684.5 213.0 37.0 40.0
0 725.0 168.5 28.0 33.0
0 767.5 147.5 25.0 29.0
0 799.0 169.0 28.0 34.0
0 822.5 179.0 29.0 36.0
0 817.0 145.5 32.0 33.0
0 819.0 116.5 20.0 25.0
0 861.0 112.5 22.0 27.0
0 875.5 125.5 23.0 29.0
0 900.0 103.0 22.0 28.0
0 861.0 215.5 42.0 47.0
0 886.5 162.0 29.0 34.0
0 914.5 185.5 29.0 41.0
0 939.0 169.0 28.0 38.0
0 971.5 228.0 37.0 56.0
0 925.5 131.0 25.0 32.0
0 938.5 99.5 21.0 25.0
0 956.0 124.5 20.0 23.0
0 964.0 83.5 20.0 25.0
0 984.0 100.0 20.0 26.0
0 998.0 89.5 20.0 27.0
0 1008.0 123.0 24.0 26.0
0 986.5 135.5 25.0 31.0
0 1029.0 110.0 18.0 28.0
0 1060.5 123.0 19.0 26.0
0 1090.5 99.5 21.0 29.0
0 1051.0 109.0 14.0 18.0
0 1053.5 143.5 21.0 29.0
0 1013.5 161.5 33.0 39.0
0 1005.5 187.5 35.0 41.0
0 1072.5 215.5 37.0 43.0
0 1083.5 177.0 29.0 34.0
0 1103.0 150.5 24.0 31.0
0 1112.5 129.5 23.0 29.0
0 1134.0 176.0 28.0 36.0
