0 42.0 303.0 32.0 46.0
0 294.5 243.0 21.0 28.0
0 326.5 263.5 23.0 31.0
0 374.5 258.5 27.0 29.0
0 363.5 219.0 21.0 28.0
0 420.0 255.0 26.0 30.0
0 447.5 234.5 21.0 23.0
0 446.0 210.5 18.0 23.0
0 487.5 188.5 17.0 19.0
0 509.5 193.0 15.0 22.0
0 513.0 215.0 22.0 26.0
0 511.5 239.0 27.0 28.0
0 543.5 221.5 21.0 25.0
0 548.0 193.0 18.0 26.0
0 538.0 174.0 16.0 22.0
0 563.0 243.5 24.0 33.0
0 579.5 294.5 35.0 41.0
0 591.5 217.0 19.0 24.0
0 590.0 194.0 16.0 20.0
0 591.5 173.0 15.0 22.0
0 580.5 173.5 11.0 19.0
0 631.5 191.5 17.0 23.0
0 628.5 226.5 25.0 27.0
0 645.5 198.0 19.0 24.0
0 671.5 214.0 21.0 24.0
0 663.5 251.5 29.0 29.0
0 679.5 290.5 35.0 33.0
0 656.0 181.0 16.0 22.0
0 677.0 179.0 20.0 26.0
0 700.0 159.0 14.0 18.0
0 714.0 161.0 16.0 16.0
0 714.0 175.5 16.0 21.0
0 720.0 188.5 18.0 21.0
0 749.0 160.5 14.0 21.0
0 755.0 150.0 14.0 18.0
0 773.0 160.5 18.0 23.0
0 745.5 176.0 17.0 16.0
0 742.0 240.0 28.0 32.0
0 741.5 280.5 31.0 35.0
0 741.5 313.5 41.0 41.0
0 786.5 334.5 39.0 53.0
0 815.5 265.0 29.0 36.0
0 800.5 249.0 23.0 26.0
0 783.0 219.0 24.0 26.0
0 791.5 164.5 15.0 23.0
0 797.0 179.0 18.0 22.0
0 828.0 159.0 18.0 18.0
0 836.5 168.0 17.0 20.0
0 857.0 162.0 18.0 20.0
0 867.0 179.5 18.0 23.0
0 853.5 219.5 23.0 29.0
0 852.0 255.0 28.0 32.0
0 896.5 290.5 35.0 37.0
0 873.0 346.5 50.0 57.0
0 954.5 307.5 35.0 49.0
0 897.0 207.5 20.0 25.0
0 907.5 184.0 21.0 28.0
0 918.5 175.5 13.0 21.0
0 936.0 166.0 18.0 20.0
0 937.0 190.5 14.0 21.0
0 950.0 204.0 18.0 30.0
0 969.0 181.0 14.0 18.0
0 960.0 179.0 16.0 20.0
0 1011.5 192.5 19.0 23.0
0 1039.0 184.0 18.0 24.0
0 1052.0 200.5 18.0 27.0
0 1058.5 195.0 15.0 24.0
0 1076.5 189.0 15.0 26.0
0 1100.5 202.0 17.0 24.0
0 1153.5 202.0 15.0 16.0
0 1150.5 220.5 17.0 23.0
0 1130.5 221.0 17.0 24.0
0 1122.0 234.5 16.0 23.0
0 1089.0 225.0 20.0 26.0
0 1134.5 251.0 25.0 28.0
0 1088.0 256.0 22.0 30.0
0 1035.5 228.0 19.0 30.0
0 1007.0 223.0 20.0 24.0
0 1033.0 241.0 24.0 30.0
0 1062.5 264.0 29.0 38.0
0 1113.5 326.5 33.0 43.0
0 1045.5 323.5 39.0 37.0
0 1002.0 257.0 28.0 34.0
0 1008.5 363.5 41.0 47.0
