0 146.5 353.5 37.0 43.0
0 81.5 273.0 33.0 36.0
0 95.5 245.0 29.0 34.0
0 240.0 249.0 28.0 36.0
0 291.5 212.5 27.0 33.0
0 305.5 171.0 23.0 34.0
0 212.5 153.5 19.0 27.0
0 203.0 132.5 20.0 23.0
0 160.0 147.0 22.0 24.0
0 150.5 126.5 19.0 27.0
0 62.0 163.5 18.0 27.0
0 48.5 144.5 19.0 25.0
0 50.0 128.5 14.0 17.0
0 52.5 116.5 17.0 19.0
0 180.5 89.0 19.0 20.0
0 203.0 103.5 18.0 21.0
0 229.0 115.5 20.0 23.0
0 253.0 77.0 14.0 20.0
0 269.0 79.5 16.0 21.0
0 306.0 72.5 16.0 21.0
0 358.5 76.5 17.0 23.0
0 363.0 95.5 18.0 23.0
0 359.0 118.5 20.0 25.0
0 385.0 136.0 20.0 28.0
0 429.5 127.5 23.0 27.0
0 469.5 101.5 17.0 23.0
0 505.0 97.0 18.0 24.0
0 445.0 52.0 16.0 22.0
0 495.0 50.5 14.0 19.0
0 532.0 54.5 16.0 21.0
0 676.0 264.5 40.0 41.0
0 587.5 168.0 29.0 30.0
0 696.5 181.5 29.0 35.0
0 842.5 195.5 23.0 29.0
0 876.5 158.5 25.0 29.0
0 967.5 213.0 31.0 32.0
0 909.5 119.5 19.0 23.0
0 881.5 119.0 19.0 22.0
0 866.0 126.0 20.0 24.0
0 879.0 102.0 16.0 20.0
0 960.5 123.5 21.0 27.0
0 1009.0 136.5 18.0 29.0
0 1053.5 157.0 25.0 24.0
0 786.5 138.0 21.0 24.0
0 708.5 117.0 23.0 24.0
0 697.5 104.0 17.0 22.0
0 711.5 82.0 15.0 20.0
0 738.0 83.5 16.0 17.0
0 797.5 86.0 17.0 20.0
0 608.0 128.5 22.0 27.0
0 616.5 105.0 21.0 24.0
0 583.5 97.5 21.0 23.0
0 572.0 76.5 18.0 19.0
0 618.5 73.0 19.0 20.0
0 591.5 52.5 13.0 15.0
0 591.5 42.0 13.0 12.0
0 650.0 49.0 16.0 16.0
0 727.0 57.0 12.0 20.0
0 769.0 69.0 16.0 18.0
