0 38.5 297.5 29.0 37.0
0 290.5 239.5 19.0 25.0
0 322.5 260.0 23.0 30.0
0 359.0 214.5 20.0 23.0
0 414.5 251.0 25.0 26.0
0 442.5 236.5 21.0 21.0
0 443.5 208.0 21.0 22.0
0 482.0 182.5 18.0 19.0
0 502.0 193.5 18.0 21.0
0 506.0 210.5 16.0 19.0
0 477.0 230.5 22.0 23.0
0 504.0 239.0 22.0 24.0
0 531.0 176.5 16.0 17.0
0 535.0 212.5 20.0 23.0
0 563.0 241.0 24.0 24.0
0 552.0 185.5 18.0 19.0
0 580.5 212.0 19.0 20.0
0 587.5 189.0 15.0 16.0
0 575.0 170.5 14.0 15.0
0 651.5 169.0 13.0 14.0
0 630.0 189.0 16.0 16.0
0 667.0 188.5 18.0 19.0
0 689.5 201.0 19.0 20.0
0 661.0 249.0 28.0 34.0
0 622.0 226.5 22.0 19.0
0 689.0 161.5 14.0 15.0
0 707.5 158.5 17.0 15.0
0 719.0 181.5 14.0 19.0
0 738.0 176.0 16.0 18.0
0 742.5 156.5 15.0 19.0
0 750.0 147.0 14.0 16.0
0 771.0 154.5 14.0 17.0
0 785.0 162.5 16.0 15.0
0 807.5 150.5 13.0 15.0
0 833.0 162.5 18.0 21.0
0 859.5 158.5 15.0 17.0
0 867.5 180.0 17.0 24.0
0 832.5 187.5 19.0 19.0
0 786.0 174.5 14.0 15.0
0 777.5 208.0 17.0 18.0
0 738.5 235.0 19.0 20.0
0 751.0 252.5 26.0 31.0
0 753.0 296.5 30.0 37.0
0 809.0 260.0 28.0 28.0
0 845.0 247.5 24.0 29.0
0 835.0 308.5 32.0 37.0
0 671.0 282.5 32.0 33.0
0 879.5 331.0 39.0 50.0
0 898.5 281.5 27.0 33.0
0 973.0 290.0 32.0 32.0
0 1011.0 353.5 34.0 39.0
0 1037.0 304.0 28.0 36.0
0 1123.5 329.0 29.0 34.0
0 1106.5 279.5 25.0 27.0
0 1059.5 262.0 25.0 36.0
0 998.0 257.0 26.0 30.0
0 1003.0 234.5 22.0 23.0
0 1035.5 216.5 21.0 25.0
0 1005.0 212.5 18.0 23.0
0 948.0 201.0 18.0 22.0
0 894.0 204.5 18.0 21.0
0 911.0 185.5 18.0 25.0
0 919.5 168.5 15.0 17.0
0 935.5 165.0 15.0 18.0
0 938.0 181.0 18.0 20.0
0 957.5 168.5 15.0 19.0
0 969.0 175.0 14.0 20.0
0 1001.5 188.5 17.0 17.0
0 1035.0 179.0 16.0 18.0
0 1045.5 194.5 15.0 21.0
0 1055.5 188.5 17.0 19.0
0 1072.0 179.5 14.0 23.0
0 1100.0 201.0 18.0 26.0
0 1085.0 226.5 16.0 23.0
0 1077.5 244.0 19.0 26.0
0 1122.0 228.5 16.0 23.0
0 1144.5 244.0 19.0 26.0
0 1145.0 210.0 18.0 20.0
0 1143.5 197.0 15.0 18.0
0 572.0 290.5 30.0 37.0
