0 28.0 233.5 24.0 39.0
0 274.5 158.5 19.0 25.0
0 302.0 157.5 24.0 27.0
0 342.5 144.0 25.0 20.0
0 328.0 169.5 24.0 23.0
0 373.0 132.5 22.0 21.0
0 368.0 157.0 22.0 28.0
0 403.5 137.5 25.0 21.0
0 397.0 119.5 18.0 13.0
0 415.5 115.0 19.0 22.0
0 431.5 174.0 29.0 26.0
0 446.0 133.0 22.0 22.0
0 452.5 95.5 17.0 13.0
0 465.5 114.0 21.0 20.0
0 483.5 98.5 17.0 21.0
0 504.5 91.0 15.0 20.0
0 520.0 72.5 12.0 13.0
0 492.0 115.0 24.0 22.0
0 496.0 140.5 22.0 23.0
0 534.0 119.5 30.0 23.0
0 567.5 74.5 23.0 17.0
0 543.5 95.0 23.0 22.0
0 573.5 97.0 25.0 20.0
0 582.5 121.5 23.0 19.0
0 604.0 99.5 20.0 27.0
0 603.0 64.5 16.0 17.0
0 630.0 60.0 20.0 16.0
0 623.5 81.0 23.0 20.0
0 650.5 93.0 21.0 28.0
0 652.5 71.0 13.0 16.0
0 682.5 61.5 15.0 21.0
0 693.5 68.5 17.0 21.0
0 712.5 72.5 17.0 23.0
0 746.5 59.0 21.0 24.0
0 607.5 142.5 27.0 23.0
0 526.0 173.5 32.0 29.0
0 583.5 180.0 33.0 38.0
0 634.5 122.0 21.0 24.0
0 646.0 151.5 32.0 35.0
0 645.5 195.0 33.0 32.0
0 700.5 103.0 23.0 20.0
0 710.0 126.5 30.0 29.0
0 701.0 152.0 30.0 30.0
0 733.5 92.5 17.0 19.0
0 751.0 84.0 28.0 26.0
0 748.0 112.0 18.0 22.0
0 721.0 200.0 30.0 42.0
0 755.0 170.5 32.0 35.0
0 755.5 125.5 29.0 33.0
0 795.5 61.5 19.0 19.0
0 784.5 68.0 15.0 18.0
0 794.0 81.0 20.0 20.0
0 783.0 95.0 18.0 24.0
0 799.0 108.0 24.0 28.0
0 813.0 135.0 32.0 32.0
0 827.5 173.5 25.0 35.0
0 835.5 68.0 17.0 18.0
0 820.0 80.5 20.0 23.0
0 822.5 102.5 17.0 21.0
0 873.5 68.5 17.0 21.0
0 855.0 83.0 18.0 18.0
0 851.5 113.5 19.0 25.0
0 869.5 99.5 19.0 17.0
0 888.5 82.5 17.0 17.0
0 902.5 110.5 23.0 25.0
0 908.0 87.5 14.0 23.0
0 928.0 76.0 18.0 14.0
0 928.5 90.5 17.0 15.0
0 921.5 130.0 25.0 26.0
0 935.5 114.0 21.0 24.0
0 960.0 74.5 22.0 27.0
0 952.5 102.5 15.0 27.0
0 985.5 111.5 19.0 25.0
0 996.0 92.0 18.0 22.0
0 981.0 163.5 26.0 27.0
0 529.5 91.0 19.0 22.0
0 664.5 57.0 11.0 18.0
