0 211.5 336.0 51.0 48.0
0 364.5 189.0 25.0 30.0
0 421.5 177.5 25.0 31.0
0 404.5 154.0 21.0 24.0
0 435.0 145.0 20.0 26.0
0 445.5 159.0 19.0 26.0
0 461.5 171.0 25.0 30.0
0 495.0 196.0 32.0 34.0
0 494.0 174.5 22.0 25.0
0 513.0 132.0 26.0 28.0
0 535.5 124.5 19.0 21.0
0 563.5 99.0 15.0 18.0
0 568.5 114.5 19.0 19.0
0 572.5 142.0 25.0 30.0
0 610.0 151.5 26.0 31.0
0 588.5 112.0 17.0 20.0
0 604.5 94.5 15.0 21.0
0 637.0 92.5 18.0 23.0
0 654.5 104.5 17.0 27.0
0 639.5 130.5 25.0 27.0
0 680.5 116.5 19.0 25.0
0 684.0 90.0 20.0 22.0
0 703.0 96.0 20.0 24.0
0 711.5 73.0 15.0 16.0
0 734.0 109.5 20.0 27.0
0 740.0 67.5 16.0 17.0
0 738.0 86.0 20.0 20.0
0 769.5 104.5 19.0 23.0
0 782.0 65.0 16.0 20.0
0 799.0 83.0 18.0 24.0
0 807.5 94.5 19.0 21.0
0 813.5 62.0 17.0 18.0
0 839.0 69.0 14.0 20.0
0 866.5 73.0 15.0 22.0
0 836.5 88.0 17.0 18.0
0 700.5 165.0 29.0 34.0
0 678.5 204.5 37.0 45.0
0 754.0 173.5 32.0 37.0
0 790.0 215.5 40.0 45.0
0 779.0 143.5 24.0 33.0
0 823.5 150.0 23.0 30.0
0 850.5 167.0 25.0 36.0
0 862.0 136.0 24.0 34.0
0 899.0 152.0 26.0 30.0
0 919.5 124.0 23.0 34.0
0 905.5 110.0 17.0 24.0
0 906.0 89.0 16.0 20.0
0 925.5 97.0 17.0 24.0
0 939.5 79.0 11.0 20.0
0 860.5 113.5 13.0 21.0
0 941.5 165.0 27.0 44.0
0 966.5 205.5 27.0 47.0
0 972.5 146.0 27.0 36.0
0 956.0 119.0 20.0 28.0
0 977.0 117.5 22.0 27.0
0 985.5 83.5 15.0 15.0
0 1017.5 82.5 21.0 25.0
0 1039.5 84.5 17.0 21.0
0 1021.5 109.0 17.0 28.0
0 1063.0 123.5 18.0 25.0
0 1033.5 139.5 23.0 31.0
0 1014.5 180.5 27.0 39.0
0 1002.0 129.0 24.0 32.0
0 1047.0 201.0 30.0 42.0
0 1068.0 175.5 28.0 37.0
0 1025.0 261.5 42.0 55.0
0 1115.0 302.5 40.0 57.0
0 1122.5 216.5 35.0 51.0
0 1100.5 164.0 27.0 38.0
0 1121.5 129.5 21.0 23.0
0 1156.5 162.0 23.0 36.0
0 1161.0 143.5 22.0 25.0
0 1151.0 107.5 18.0 29.0
0 1132.5 88.5 19.0 21.0
0 1125.5 106.0 17.0 24.0
0 1078.5 95.5 23.0 23.0
0 1096.5 87.5 17.0 25.0
0 1070.5 110.5 21.0 23.0
