0 155.5 336.0 33.0 38.0
0 92.5 287.5 27.0 31.0
0 92.0 239.0 22.0 30.0
0 238.5 247.0 23.0 36.0
0 289.0 207.5 20.0 27.0
0 297.5 167.5 23.0 21.0
0 210.0 147.0 18.0 20.0
0 220.5 100.0 17.0 18.0
0 200.5 101.0 15.0 16.0
0 138.5 113.0 19.0 20.0
0 45.5 104.5 17.0 15.0
0 52.0 138.0 18.0 22.0
0 242.5 69.5 13.0 17.0
0 275.0 76.5 14.0 15.0
0 302.0 63.0 14.0 20.0
0 367.5 77.5 13.0 15.0
0 368.5 91.5 19.0 21.0
0 355.0 110.0 16.0 22.0
0 388.5 131.0 19.0 20.0
0 440.0 115.5 18.0 23.0
0 462.0 96.5 18.0 21.0
0 509.5 91.5 17.0 21.0
0 443.0 46.5 12.0 17.0
0 496.5 49.5 13.0 15.0
0 534.0 51.5 14.0 13.0
0 563.0 76.5 16.0 15.0
0 574.5 71.5 15.0 15.0
0 592.5 41.0 13.0 16.0
0 617.0 23.0 16.0 16.0
0 647.0 43.0 12.0 12.0
0 618.0 96.0 16.0 20.0
0 607.0 123.0 16.0 22.0
0 590.5 162.5 23.0 21.0
0 674.0 95.5 16.0 15.0
0 704.5 110.0 19.0 18.0
0 691.0 172.0 22.0 26.0
0 647.5 258.5 33.0 29.0
0 846.0 188.5 24.0 25.0
0 878.0 152.0 18.0 20.0
0 778.0 136.0 18.0 16.0
0 798.5 80.5 13.0 15.0
0 713.0 80.5 14.0 13.0
0 736.0 78.0 14.0 14.0
0 766.0 61.5 14.0 15.0
0 726.0 52.0 12.0 12.0
0 866.5 123.0 15.0 18.0
0 878.5 116.5 13.0 17.0
0 900.5 116.0 15.0 16.0
0 955.5 114.5 17.0 17.0
0 1005.0 129.0 18.0 20.0
0 955.0 198.5 26.0 31.0
0 1055.5 152.0 17.0 18.0
0 1142.5 204.5 19.0 21.0
