0 154.0 377.0 48.0 52.0
0 267.5 242.5 17.0 21.0
0 299.5 257.5 21.0 29.0
0 341.5 218.0 17.0 20.0
0 334.5 275.5 21.0 21.0
0 399.0 255.5 26.0 29.0
0 421.0 236.0 18.0 22.0
0 419.0 214.5 18.0 17.0
0 464.5 189.0 17.0 18.0
0 491.5 195.5 15.0 15.0
0 487.5 239.5 23.0 23.0
0 451.5 250.0 21.0 22.0
0 482.0 216.5 16.0 19.0
0 508.0 187.0 14.0 16.0
0 529.5 190.5 15.0 17.0
0 534.0 246.0 22.0 20.0
0 565.0 221.5 20.0 19.0
0 565.5 191.0 19.0 18.0
0 555.0 179.0 18.0 16.0
0 562.0 172.0 16.0 14.0
0 612.5 190.0 17.0 20.0
0 627.0 197.5 16.0 21.0
0 662.5 200.0 19.0 20.0
0 650.0 187.5 16.0 17.0
0 666.0 166.5 16.0 17.0
0 683.5 161.0 15.0 16.0
0 692.5 189.0 15.0 18.0
0 720.5 182.0 17.0 18.0
0 723.5 165.0 15.0 16.0
0 730.0 152.5 16.0 17.0
0 763.5 180.0 17.0 18.0
0 767.0 161.5 16.0 15.0
0 807.0 153.5 14.0 15.0
0 811.5 169.5 13.0 15.0
0 822.5 164.0 15.0 18.0
0 750.0 159.5 14.0 11.0
0 596.5 238.5 23.0 23.0
0 575.0 292.0 30.0 32.0
0 643.0 307.0 32.0 36.0
0 648.5 258.5 25.0 29.0
0 702.5 327.0 35.0 44.0
0 764.5 332.0 37.0 44.0
0 841.5 384.0 43.0 46.0
0 989.0 372.5 40.0 51.0
0 1115.5 335.0 35.0 40.0
0 1095.5 314.0 23.0 24.0
0 1012.0 337.0 40.0 40.0
0 945.5 298.5 33.0 33.0
0 979.0 258.5 26.0 31.0
0 1027.5 287.0 29.0 36.0
0 1123.0 288.5 22.0 27.0
0 1106.5 232.5 17.0 21.0
0 1122.5 222.5 17.0 19.0
0 1132.0 207.0 16.0 16.0
0 1080.5 207.5 19.0 23.0
0 1049.0 242.0 20.0 24.0
0 1074.0 233.0 16.0 18.0
0 1019.5 233.0 19.0 22.0
0 1030.0 198.5 18.0 23.0
0 1061.0 184.5 14.0 17.0
0 1020.5 186.5 15.0 13.0
0 987.5 219.0 19.0 20.0
0 990.0 194.5 18.0 19.0
0 975.5 178.0 17.0 18.0
0 935.0 203.0 18.0 24.0
0 945.5 190.5 17.0 19.0
0 939.5 173.0 15.0 20.0
0 887.5 179.5 17.0 23.0
0 897.0 173.5 16.0 19.0
0 849.0 182.5 18.0 23.0
0 844.5 214.5 21.0 23.0
0 805.0 200.5 18.0 23.0
0 815.0 225.0 22.0 26.0
0 831.0 256.0 26.0 32.0
0 867.5 286.5 25.0 33.0
0 787.0 259.0 28.0 28.0
0 734.5 267.0 23.0 22.0
0 761.5 218.5 17.0 21.0
0 721.5 237.0 23.0 22.0
