0 73.5 322.5 57.0 69.0
0 273.0 166.5 20.0 17.0
0 297.0 158.0 18.0 20.0
0 320.5 155.5 21.0 23.0
0 341.0 164.5 22.0 21.0
0 363.5 159.5 21.0 21.0
0 336.5 139.5 15.0 15.0
0 368.5 133.5 17.0 19.0
0 393.5 129.0 17.0 20.0
0 407.5 127.0 17.0 22.0
0 417.5 119.5 15.0 15.0
0 435.5 171.0 25.0 26.0
0 437.0 103.5 14.0 15.0
0 462.0 101.5 16.0 19.0
0 458.0 130.5 14.0 17.0
0 475.5 133.5 17.0 21.0
0 503.5 141.5 25.0 27.0
0 495.5 118.5 17.0 17.0
0 489.0 101.5 14.0 13.0
0 507.5 90.0 15.0 14.0
0 485.0 83.0 8.0 8.0
0 518.0 83.0 12.0 14.0
0 539.5 103.0 15.0 16.0
0 512.0 100.5 16.0 15.0
0 553.0 115.5 20.0 21.0
0 523.5 178.5 29.0 29.0
0 580.5 118.0 17.0 20.0
0 589.5 99.5 19.0 23.0
0 609.5 98.5 15.0 21.0
0 574.0 80.0 14.0 16.0
0 596.0 72.0 12.0 18.0
0 624.0 74.5 14.0 13.0
0 618.0 87.5 18.0 19.0
0 665.0 83.5 14.0 17.0
0 646.5 59.5 13.0 13.0
0 666.5 60.5 11.0 13.0
0 678.5 73.0 13.0 14.0
0 684.5 61.5 13.0 13.0
0 719.5 73.5 15.0 17.0
0 739.5 59.0 15.0 18.0
0 591.5 175.5 27.0 31.0
0 610.5 148.0 23.0 22.0
0 598.5 136.0 19.0 16.0
0 651.5 123.5 21.0 25.0
0 652.0 149.0 22.0 24.0
0 646.5 194.5 27.0 29.0
0 722.0 201.0 28.0 40.0
0 705.0 152.0 24.0 28.0
0 770.0 168.0 26.0 30.0
0 833.5 176.0 25.0 30.0
0 815.5 136.0 23.0 26.0
0 756.5 134.5 23.0 25.0
0 710.5 123.5 21.0 27.0
0 705.0 102.5 20.0 27.0
0 741.0 106.0 18.0 22.0
0 742.5 87.0 15.0 18.0
0 751.5 82.0 17.0 20.0
0 785.5 74.0 13.0 20.0
0 804.0 65.0 12.0 14.0
0 803.5 81.0 17.0 20.0
0 816.5 78.0 15.0 20.0
0 817.5 96.5 17.0 19.0
0 796.5 110.0 21.0 22.0
0 850.0 71.0 12.0 12.0
0 856.5 81.5 15.0 19.0
0 867.0 78.0 14.0 16.0
0 855.0 110.5 16.0 17.0
0 868.5 101.0 15.0 16.0
0 887.5 85.5 17.0 21.0
0 906.5 89.5 15.0 19.0
0 904.5 112.5 17.0 19.0
0 885.0 112.0 16.0 14.0
0 925.0 91.5 14.0 17.0
0 929.0 78.0 14.0 16.0
0 967.5 82.0 13.0 18.0
0 953.0 98.0 16.0 20.0
0 944.5 112.0 17.0 18.0
0 931.0 134.5 20.0 27.0
0 983.0 175.5 22.0 29.0
0 989.5 114.0 17.0 22.0
0 996.0 97.0 16.0 18.0
