0 32.5 186.5 25.0 25.0
0 241.5 139.5 15.0 15.0
0 281.5 125.5 13.0 15.0
0 298.0 142.0 16.0 16.0
0 324.0 107.0 12.0 16.0
0 342.0 107.5 12.0 17.0
0 377.5 133.0 17.0 20.0
0 355.5 85.5 9.0 11.0
0 397.0 73.0 10.0 14.0
0 422.5 112.0 13.0 16.0
0 425.5 148.0 19.0 24.0
0 491.0 145.0 20.0 20.0
0 528.5 166.5 21.0 29.0
0 590.5 176.5 23.0 29.0
0 538.0 123.5 20.0 21.0
0 545.5 95.5 19.0 15.0
0 538.0 73.5 14.0 11.0
0 503.0 82.0 10.0 16.0
0 445.5 97.0 11.0 14.0
0 463.5 99.0 15.0 14.0
0 419.5 82.5 13.0 11.0
0 430.0 65.5 12.0 11.0
0 371.0 109.0 12.0 10.0
0 387.5 112.5 15.0 17.0
0 465.0 71.0 12.0 16.0
0 492.0 58.5 8.0 9.0
0 579.5 135.0 23.0 22.0
0 626.0 147.0 20.0 24.0
0 682.0 149.5 20.0 27.0
0 658.5 110.0 17.0 20.0
0 713.5 116.5 15.0 21.0
0 758.0 106.5 14.0 17.0
0 806.5 142.0 15.0 24.0
0 809.5 95.5 15.0 15.0
0 820.5 87.0 11.0 12.0
0 779.0 67.0 14.0 14.0
0 759.5 64.0 15.0 10.0
0 761.0 76.5 14.0 13.0
0 775.5 94.5 13.0 17.0
0 744.0 79.5 16.0 15.0
0 706.0 89.0 12.0 20.0
0 667.0 83.0 16.0 14.0
0 648.5 92.5 23.0 15.0
0 611.0 112.5 16.0 23.0
0 580.0 106.0 24.0 18.0
0 598.5 73.0 15.0 14.0
0 614.0 90.0 16.0 16.0
0 649.0 72.5 12.0 11.0
0 669.0 64.5 12.0 11.0
0 684.0 61.5 10.0 13.0
0 699.5 66.0 9.0 14.0
0 657.0 59.0 10.0 10.0
0 637.5 66.5 13.0 15.0
0 604.5 52.5 11.0 15.0
0 569.5 53.0 13.0 14.0
0 515.0 50.5 8.0 7.0
0 718.5 84.0 9.0 14.0
0 731.5 71.5 9.0 15.0
0 483.0 76.5 16.0 19.0
0 618.5 74.0 11.0 14.0
