0 118.0 337.0 62.0 64.0
0 270.0 163.5 18.0 23.0
0 291.0 168.0 22.0 24.0
0 321.5 165.0 21.0 22.0
0 373.5 164.0 23.0 24.0
0 401.5 164.5 21.0 25.0
0 419.0 179.0 28.0 30.0
0 329.5 143.5 21.0 21.0
0 354.5 142.5 21.0 23.0
0 379.0 142.0 22.0 24.0
0 409.0 139.0 20.0 24.0
0 466.0 154.5 24.0 27.0
0 404.0 112.5 14.0 19.0
0 414.0 119.0 16.0 18.0
0 448.5 120.0 17.0 20.0
0 474.0 120.0 20.0 20.0
0 474.0 107.0 18.0 18.0
0 505.5 143.0 23.0 28.0
0 517.5 123.5 23.0 25.0
0 493.5 93.5 17.0 19.0
0 514.5 87.5 15.0 17.0
0 544.5 106.5 19.0 19.0
0 573.5 115.0 19.0 24.0
0 568.5 105.5 17.0 19.0
0 600.0 92.5 14.0 17.0
0 604.0 76.0 14.0 18.0
0 636.0 77.0 12.0 18.0
0 658.0 76.0 14.0 18.0
0 637.0 91.0 14.0 20.0
0 610.5 111.0 19.0 24.0
0 617.5 133.0 21.0 30.0
0 662.5 90.0 15.0 20.0
0 678.5 86.5 15.0 21.0
0 719.5 76.5 17.0 17.0
0 729.5 98.5 17.0 25.0
0 771.5 85.0 15.0 22.0
0 809.0 87.5 16.0 19.0
0 809.5 80.5 17.0 17.0
0 823.5 98.5 19.0 21.0
0 843.5 95.5 15.0 23.0
0 854.5 110.5 21.0 25.0
0 891.0 96.0 18.0 18.0
0 907.5 100.0 19.0 24.0
0 956.5 101.5 17.0 19.0
0 955.0 96.5 16.0 19.0
0 904.0 118.5 20.0 27.0
0 947.5 117.5 19.0 29.0
0 971.0 145.5 20.0 29.0
0 993.5 159.5 25.0 35.0
0 907.5 147.0 27.0 36.0
0 907.0 179.0 30.0 36.0
0 830.0 125.5 22.0 29.0
0 810.0 142.5 28.0 33.0
0 827.0 167.0 30.0 38.0
0 765.0 169.5 24.0 39.0
0 715.5 160.5 25.0 35.0
0 654.0 163.5 28.0 35.0
0 662.0 182.0 30.0 34.0
0 623.5 178.0 29.0 34.0
0 667.0 128.5 22.0 25.0
0 715.5 135.0 25.0 30.0
0 751.0 141.5 28.0 33.0
0 756.0 116.0 20.0 26.0
0 779.5 125.5 21.0 29.0
0 539.5 178.0 31.0 34.0
