0 275.5 303.0 65.0 70.0
0 338.5 184.0 23.0 26.0
0 358.5 179.5 21.0 27.0
0 396.5 180.5 21.0 29.0
0 409.0 196.5 32.0 33.0
0 414.0 153.5 24.0 31.0
0 498.5 178.0 25.0 32.0
0 520.0 187.5 30.0 33.0
0 495.5 134.5 25.0 25.0
0 509.0 121.5 16.0 17.0
0 528.5 125.0 21.0 26.0
0 540.5 111.5 23.0 21.0
0 570.5 150.5 25.0 25.0
0 572.5 130.5 21.0 21.0
0 575.5 112.0 21.0 18.0
0 597.5 154.5 27.0 29.0
0 636.5 127.0 21.0 26.0
0 611.5 94.0 17.0 16.0
0 652.0 84.5 16.0 21.0
0 665.5 93.0 17.0 16.0
0 673.5 114.5 19.0 23.0
0 682.0 134.0 22.0 24.0
0 689.5 100.0 17.0 24.0
0 716.5 114.0 21.0 28.0
0 730.5 106.0 21.0 24.0
0 748.0 71.5 18.0 17.0
0 758.5 64.5 17.0 19.0
0 766.0 88.5 22.0 19.0
0 777.0 101.5 22.0 21.0
0 809.0 81.0 18.0 20.0
0 835.0 88.0 24.0 22.0
0 768.5 144.5 29.0 27.0
0 806.0 125.0 26.0 32.0
0 814.0 159.5 30.0 35.0
0 819.5 182.0 35.0 36.0
0 829.5 215.0 39.0 42.0
0 621.5 210.5 39.0 37.0
0 670.0 221.0 36.0 44.0
0 708.0 174.0 30.0 34.0
0 771.5 177.5 33.0 41.0
0 866.5 134.0 25.0 28.0
0 859.0 114.0 22.0 20.0
0 903.0 106.0 18.0 24.0
0 927.0 102.0 20.0 16.0
0 955.0 90.5 18.0 21.0
0 953.0 122.5 22.0 25.0
0 933.0 128.5 22.0 25.0
0 944.0 158.0 26.0 30.0
0 883.5 158.5 29.0 33.0
0 880.0 197.5 32.0 41.0
0 929.0 255.5 44.0 49.0
0 1008.0 207.5 40.0 43.0
0 1018.0 179.0 32.0 36.0
0 980.0 149.0 26.0 28.0
0 997.0 109.0 20.0 24.0
0 1002.0 94.5 18.0 21.0
0 1034.5 106.5 19.0 23.0
0 1062.5 101.0 17.0 22.0
0 1070.0 217.0 34.0 42.0
0 1082.0 180.5 24.0 41.0
0 1044.0 156.5 22.0 27.0
0 1048.5 129.0 19.0 26.0
0 1107.0 165.0 26.0 30.0
0 1106.5 134.5 19.0 31.0
0 1146.5 189.0 25.0 34.0
0 1099.0 102.0 16.0 22.0
