0 193.5 254.0 49.0 46.0
0 300.0 155.5 14.0 17.0
0 320.5 154.5 15.0 17.0
0 340.0 157.5 18.0 19.0
0 402.0 179.5 22.0 21.0
0 388.0 144.0 18.0 20.0
0 413.0 115.5 16.0 17.0
0 438.5 120.5 17.0 17.0
0 427.0 141.0 16.0 20.0
0 465.0 148.5 20.0 23.0
0 453.5 113.5 13.0 15.0
0 480.0 120.0 16.0 16.0
0 487.0 98.5 10.0 11.0
0 505.5 123.5 19.0 17.0
0 503.0 149.5 26.0 27.0
0 564.5 130.0 21.0 22.0
0 546.0 118.5 16.0 17.0
0 561.5 104.0 13.0 16.0
0 549.5 81.5 13.0 15.0
0 580.5 85.0 15.0 16.0
0 598.5 82.5 11.0 15.0
0 611.5 86.0 11.0 16.0
0 631.0 89.0 16.0 14.0
0 503.5 105.5 15.0 15.0
0 517.5 106.5 15.0 15.0
0 467.5 103.5 13.0 15.0
0 447.0 106.0 14.0 16.0
0 534.5 183.5 23.0 29.0
0 579.0 209.5 32.0 33.0
0 649.5 213.0 31.0 30.0
0 749.5 206.0 37.0 38.0
0 630.5 151.5 25.0 27.0
0 654.0 166.5 20.0 29.0
0 630.5 108.0 15.0 18.0
0 581.0 116.5 16.0 17.0
0 633.0 75.0 12.0 14.0
0 640.0 64.0 12.0 14.0
0 659.0 94.0 14.0 16.0
0 679.5 72.5 13.0 13.0
0 671.0 65.5 14.0 13.0
0 693.5 88.5 11.0 15.0
0 716.0 71.5 14.0 19.0
0 748.5 70.5 15.0 17.0
0 700.5 110.5 21.0 23.0
0 681.5 132.5 17.0 23.0
0 730.5 132.5 15.0 23.0
0 751.0 111.0 16.0 22.0
0 737.0 105.0 16.0 18.0
0 792.0 76.5 14.0 17.0
0 802.0 91.5 16.0 19.0
0 789.5 109.5 13.0 17.0
0 784.0 123.5 18.0 25.0
0 786.0 155.0 28.0 28.0
0 829.5 134.0 19.0 28.0
0 806.5 200.0 31.0 36.0
0 831.0 188.0 20.0 32.0
0 824.0 81.0 14.0 16.0
0 845.0 88.0 18.0 22.0
0 874.0 95.5 14.0 19.0
0 898.5 94.0 11.0 16.0
0 899.5 80.5 9.0 13.0
0 940.0 82.0 12.0 18.0
0 923.0 104.5 14.0 21.0
0 888.5 132.5 19.0 23.0
0 838.5 116.0 17.0 18.0
0 871.0 153.5 24.0 27.0
0 902.5 192.5 25.0 27.0
0 858.5 243.5 29.0 43.0
0 954.5 235.5 31.0 35.0
0 965.5 194.5 25.0 35.0
0 984.5 166.5 21.0 29.0
0 993.5 138.5 17.0 23.0
0 923.5 158.5 19.0 25.0
0 945.5 131.5 15.0 23.0
0 955.0 107.0 14.0 18.0
0 965.5 101.5 17.0 19.0
0 1000.5 101.5 13.0 13.0
