0 215.5 273.0 45.0 46.0
0 314.5 138.0 19.0 24.0
0 333.0 105.5 14.0 13.0
0 348.5 122.0 11.0 18.0
0 422.0 94.5 12.0 11.0
0 437.5 101.0 13.0 14.0
0 449.5 132.5 21.0 17.0
0 462.0 104.5 20.0 17.0
0 465.0 85.0 14.0 16.0
0 508.5 122.5 21.0 19.0
0 502.5 190.5 23.0 19.0
0 574.5 181.5 25.0 31.0
0 614.5 188.0 23.0 32.0
0 653.5 201.5 27.0 29.0
0 659.5 143.5 19.0 21.0
0 597.5 143.5 21.0 25.0
0 678.5 179.5 21.0 21.0
0 720.0 148.5 22.0 21.0
0 699.5 124.0 17.0 20.0
0 644.0 118.0 18.0 20.0
0 677.0 106.5 16.0 21.0
0 601.5 103.0 17.0 16.0
0 535.0 101.5 22.0 19.0
0 513.0 93.5 18.0 17.0
0 490.0 85.5 14.0 15.0
0 538.0 60.0 12.0 16.0
0 601.0 65.0 14.0 18.0
0 582.0 85.0 16.0 20.0
0 642.5 82.0 13.0 18.0
0 617.5 71.0 15.0 16.0
0 623.5 35.0 13.0 14.0
0 673.5 61.5 13.0 13.0
0 702.0 59.5 12.0 13.0
0 718.0 70.0 12.0 12.0
0 685.0 70.5 10.0 15.0
0 653.5 69.5 15.0 15.0
0 537.0 79.0 18.0 14.0
0 553.0 81.0 12.0 14.0
0 797.0 80.0 12.0 14.0
0 776.5 91.5 11.0 19.0
0 795.5 110.0 13.0 18.0
0 793.5 157.0 23.0 26.0
0 834.0 147.5 20.0 19.0
0 827.0 125.5 14.0 23.0
0 843.5 128.0 17.0 24.0
0 827.5 107.0 19.0 14.0
0 942.5 98.0 15.0 18.0
0 962.5 117.0 11.0 18.0
0 917.5 113.0 19.0 14.0
0 889.0 122.0 20.0 18.0
0 870.5 119.5 13.0 25.0
0 894.5 170.0 21.0 26.0
0 917.5 134.5 15.0 27.0
0 941.0 147.0 16.0 24.0
0 937.0 210.5 26.0 29.0
0 875.5 215.5 21.0 27.0
0 815.5 230.0 31.0 30.0
0 911.0 258.0 32.0 38.0
0 757.5 105.0 17.0 22.0
0 633.0 61.0 12.0 16.0
0 855.5 113.5 15.0 21.0
0 849.5 101.0 15.0 18.0
0 901.5 92.5 13.0 19.0
0 890.5 107.5 13.0 19.0
0 561.5 98.5 17.0 19.0
0 729.5 100.5 15.0 15.0
