0 269.5 254.5 45.0 57.0
0 287.5 148.0 17.0 18.0
0 323.0 154.0 22.0 20.0
0 350.0 125.5 18.0 23.0
0 371.5 143.5 17.0 23.0
0 410.5 140.5 17.0 21.0
0 397.0 123.5 16.0 21.0
0 418.0 125.5 18.0 17.0
0 451.5 125.0 17.0 18.0
0 428.0 91.0 10.0 14.0
0 468.0 82.0 12.0 16.0
0 477.0 93.0 12.0 14.0
0 479.0 113.0 16.0 18.0
0 501.5 97.5 13.0 17.0
0 494.5 84.5 15.0 17.0
0 570.5 109.0 19.0 22.0
0 561.5 36.5 11.0 17.0
0 593.0 69.5 12.0 15.0
0 634.0 66.0 12.0 12.0
0 660.5 71.0 13.0 16.0
0 623.0 151.0 24.0 30.0
0 677.0 138.5 16.0 25.0
0 742.0 135.0 18.0 24.0
0 726.0 99.5 14.0 19.0
0 749.5 102.0 17.0 20.0
0 749.0 87.5 18.0 19.0
0 860.5 107.5 17.0 25.0
0 807.0 187.0 24.0 34.0
0 927.0 203.5 22.0 37.0
0 943.0 170.5 18.0 27.0
0 939.0 143.5 20.0 27.0
0 947.5 126.5 17.0 23.0
0 959.0 125.0 12.0 20.0
0 970.5 115.0 15.0 16.0
0 911.5 121.0 15.0 20.0
0 918.0 107.5 12.0 17.0
0 891.0 100.0 12.0 18.0
0 630.5 79.0 11.0 14.0
0 908.0 143.0 16.0 30.0
