0 177.5 275.5 55.0 63.0
0 304.0 150.5 18.0 19.0
0 322.0 164.0 24.0 22.0
0 372.0 165.5 24.0 23.0
0 404.0 186.0 24.0 24.0
0 406.5 135.0 23.0 24.0
0 436.5 133.0 15.0 20.0
0 421.0 112.5 16.0 19.0
0 443.5 116.0 15.0 22.0
0 463.0 101.5 18.0 17.0
0 471.5 110.5 15.0 19.0
0 487.0 115.0 18.0 18.0
0 494.0 137.0 22.0 26.0
0 526.5 133.5 21.0 23.0
0 519.5 113.5 15.0 19.0
0 494.0 90.0 14.0 16.0
0 521.5 92.5 17.0 17.0
0 535.5 120.0 19.0 22.0
0 572.0 103.5 16.0 23.0
0 547.5 79.5 13.0 15.0
0 594.5 118.0 19.0 22.0
0 636.5 66.0 15.0 16.0
0 636.5 88.0 19.0 22.0
0 645.0 101.0 18.0 20.0
0 610.5 78.5 13.0 17.0
0 667.0 91.0 18.0 22.0
0 672.0 61.0 14.0 20.0
0 687.5 68.5 13.0 15.0
0 704.0 84.0 14.0 16.0
0 725.5 63.5 15.0 21.0
0 760.5 66.5 15.0 17.0
0 715.5 106.0 19.0 26.0
0 719.5 130.5 23.0 27.0
0 681.0 127.5 24.0 27.0
0 667.5 156.0 29.0 36.0
0 616.0 153.0 22.0 30.0
0 527.5 204.0 39.0 40.0
0 591.5 196.0 37.0 38.0
0 662.5 196.0 35.0 40.0
0 751.5 110.5 23.0 29.0
0 776.5 160.5 31.0 35.0
0 760.5 193.0 37.0 34.0
0 811.5 202.5 35.0 43.0
0 839.5 164.5 27.0 33.0
0 832.0 128.0 22.0 26.0
0 791.0 118.5 24.0 29.0
0 809.0 89.0 22.0 24.0
0 798.5 69.5 15.0 19.0
0 831.5 78.5 15.0 21.0
0 853.0 85.5 16.0 21.0
0 885.0 92.0 20.0 22.0
0 895.5 77.5 17.0 21.0
0 910.5 90.0 15.0 20.0
0 921.0 106.0 20.0 24.0
0 903.5 117.0 21.0 30.0
0 877.5 152.0 23.0 34.0
0 878.0 231.0 34.0 48.0
0 911.0 193.5 32.0 41.0
0 929.0 154.5 24.0 31.0
0 940.5 129.5 21.0 25.0
0 932.0 88.5 18.0 17.0
0 948.0 82.0 14.0 20.0
0 965.0 89.5 16.0 21.0
0 972.0 106.5 20.0 25.0
0 996.0 124.5 16.0 23.0
0 1004.5 96.0 15.0 22.0
0 985.0 133.5 20.0 31.0
0 992.5 157.0 25.0 28.0
0 991.5 184.0 27.0 34.0
0 974.5 217.0 35.0 46.0
