0 100.5 341.5 57.0 61.0
0 297.5 156.0 25.0 28.0
0 314.0 155.5 24.0 29.0
0 338.5 148.0 21.0 32.0
0 410.0 140.5 26.0 27.0
0 410.0 118.0 26.0 26.0
0 437.5 139.0 25.0 32.0
0 474.0 156.0 26.0 30.0
0 459.5 118.5 21.0 25.0
0 483.0 107.0 20.0 22.0
0 516.0 136.5 22.0 25.0
0 568.0 177.5 28.0 29.0
0 616.0 139.5 30.0 29.0
0 638.0 119.5 22.0 27.0
0 619.0 93.5 18.0 25.0
0 636.0 85.5 16.0 21.0
0 580.5 91.0 25.0 24.0
0 565.5 110.5 19.0 25.0
0 542.5 102.5 17.0 25.0
0 678.0 92.0 18.0 26.0
0 707.0 129.5 24.0 29.0
0 747.5 115.0 23.0 26.0
0 709.5 90.5 19.0 19.0
0 713.5 76.5 19.0 21.0
0 744.0 76.0 18.0 20.0
0 751.5 92.0 23.0 22.0
0 767.0 72.0 18.0 16.0
0 777.0 86.5 20.0 21.0
0 786.0 112.0 22.0 22.0
0 784.0 98.0 18.0 18.0
0 807.0 72.0 22.0 22.0
0 832.5 85.0 21.0 22.0
0 840.0 74.0 18.0 22.0
0 836.5 106.5 19.0 21.0
0 853.0 132.5 24.0 33.0
0 883.5 120.5 23.0 27.0
0 876.5 95.5 19.0 27.0
0 882.0 80.5 20.0 21.0
0 913.5 88.0 21.0 24.0
0 778.5 174.5 25.0 33.0
0 737.5 200.0 29.0 36.0
0 784.0 222.0 34.0 36.0
0 840.0 240.0 38.0 46.0
0 930.0 235.0 32.0 40.0
0 919.5 153.0 27.0 30.0
0 946.0 133.0 22.0 28.0
0 969.5 112.5 19.0 19.0
0 990.0 103.0 16.0 26.0
0 973.5 162.5 25.0 31.0
0 1015.0 140.0 18.0 28.0
0 999.0 127.5 20.0 25.0
0 1038.0 103.5 20.0 25.0
0 1059.5 121.0 17.0 24.0
0 1033.5 135.0 19.0 30.0
0 1039.0 180.5 26.0 33.0
0 1019.0 275.5 44.0 47.0
0 1083.5 296.5 41.0 47.0
0 1115.5 244.5 29.0 41.0
0 1097.5 198.5 27.0 33.0
0 1109.5 136.5 19.0 25.0
0 1132.0 166.0 20.0 28.0
0 1143.5 139.0 15.0 22.0
0 1157.0 149.0 16.0 26.0
0 1182.0 156.0 20.0 24.0
0 1205.5 142.0 17.0 22.0
0 1153.5 199.5 25.0 29.0
0 1209.5 268.5 29.0 43.0
0 1204.5 226.5 27.0 37.0
0 1238.0 215.0 24.0 32.0
0 1228.5 188.0 19.0 28.0
0 1240.5 178.0 15.0 26.0
0 1246.5 151.5 17.0 25.0
