0 178.0 288.0 48.0 50.0
0 286.5 158.0 21.0 24.0
0 371.5 118.0 19.0 24.0
0 420.5 132.5 23.0 23.0
0 394.0 153.0 28.0 30.0
0 469.5 132.5 27.0 25.0
0 432.5 98.0 15.0 16.0
0 529.5 77.5 15.0 19.0
0 556.5 78.0 17.0 16.0
0 580.5 65.0 13.0 16.0
0 584.5 80.5 11.0 17.0
0 601.0 74.5 14.0 17.0
0 580.5 110.0 19.0 20.0
0 632.5 93.0 15.0 22.0
0 675.5 67.5 15.0 21.0
0 722.0 57.0 16.0 18.0
0 743.5 51.0 15.0 20.0
0 722.5 94.0 21.0 28.0
0 711.0 97.5 18.0 25.0
0 676.0 106.0 20.0 24.0
0 678.0 133.0 26.0 32.0
0 627.5 155.0 33.0 30.0
0 567.0 150.0 26.0 30.0
0 559.5 197.5 27.0 35.0
0 502.5 186.0 31.0 36.0
0 675.5 195.0 37.0 44.0
0 738.5 165.0 27.0 38.0
0 765.0 83.5 26.0 29.0
0 788.5 133.5 25.0 31.0
0 794.0 168.5 28.0 37.0
0 775.5 192.5 29.0 49.0
0 816.5 220.0 45.0 48.0
0 916.0 218.0 42.0 46.0
0 915.0 189.5 34.0 37.0
0 861.0 173.5 28.0 37.0
0 835.0 142.0 28.0 30.0
0 829.0 76.0 16.0 20.0
0 854.0 85.0 12.0 18.0
0 864.0 74.0 14.0 16.0
0 888.5 83.0 15.0 18.0
0 928.5 87.5 15.0 19.0
0 954.0 95.5 14.0 15.0
