0 190.5 285.5 51.0 45.0
0 404.0 163.0 24.0 24.0
0 383.0 111.5 16.0 19.0
0 414.5 129.5 23.0 19.0
0 431.5 98.5 17.0 19.0
0 475.5 133.5 23.0 23.0
0 496.0 203.5 30.0 27.0
0 550.0 195.5 32.0 29.0
0 506.5 86.0 15.0 16.0
0 533.5 78.0 15.0 16.0
0 557.0 75.5 14.0 17.0
0 585.0 80.0 16.0 16.0
0 604.0 77.0 12.0 18.0
0 584.5 108.5 21.0 21.0
0 637.5 156.0 25.0 28.0
0 679.5 132.5 27.0 29.0
0 728.5 153.0 27.0 38.0
0 721.0 187.0 34.0 38.0
0 866.0 75.0 14.0 18.0
0 797.0 167.5 26.0 39.0
0 914.0 84.5 14.0 15.0
0 930.0 91.0 14.0 14.0
0 959.0 96.5 12.0 17.0
0 930.0 174.5 24.0 37.0
0 848.0 186.0 30.0 30.0
