0 203.5 189.5 45.0 59.0
0 360.5 108.0 17.0 18.0
0 384.5 115.0 23.0 18.0
0 400.0 89.0 22.0 18.0
0 419.5 110.0 15.0 20.0
0 436.5 96.5 17.0 21.0
0 435.0 118.5 18.0 25.0
0 404.0 152.5 30.0 27.0
0 440.0 154.5 28.0 27.0
0 466.5 131.5 19.0 23.0
0 477.5 50.5 19.0 19.0
0 494.0 89.5 20.0 17.0
0 504.0 132.5 28.0 21.0
0 519.5 115.5 19.0 21.0
0 554.5 113.0 17.0 24.0
0 592.5 77.0 17.0 16.0
0 614.0 66.5 18.0 15.0
0 679.0 66.0 30.0 22.0
0 696.5 109.0 19.0 24.0
0 658.5 117.5 21.0 27.0
0 633.0 147.5 28.0 27.0
0 578.0 149.0 22.0 28.0
0 637.0 176.0 42.0 36.0
0 734.0 94.5 16.0 19.0
0 733.5 75.0 15.0 14.0
0 776.0 80.5 14.0 19.0
0 793.0 93.0 20.0 16.0
0 810.5 81.5 15.0 19.0
0 772.5 101.5 15.0 15.0
0 738.0 101.5 18.0 17.0
0 780.0 111.0 18.0 22.0
0 807.5 109.0 19.0 26.0
0 826.5 93.5 17.0 21.0
0 754.5 153.5 29.0 37.0
0 868.5 155.5 27.0 29.0
0 907.5 161.0 25.0 36.0
0 926.5 120.5 21.0 27.0
0 972.5 131.5 15.0 23.0
0 983.0 121.0 16.0 24.0
0 968.0 153.5 22.0 27.0
