0 47.5 346.0 55.0 58.0
0 281.5 242.0 23.0 26.0
0 314.0 264.5 30.0 35.0
0 348.0 225.0 24.0 28.0
0 359.5 260.5 25.0 27.0
0 407.5 255.0 25.0 30.0
0 430.5 235.5 19.0 25.0
0 436.0 209.0 20.0 24.0
0 468.0 243.5 22.0 27.0
0 500.5 241.5 27.0 27.0
0 548.5 244.0 27.0 28.0
0 526.0 218.5 20.0 21.0
0 496.5 217.0 23.0 22.0
0 495.5 191.5 19.0 23.0
0 476.5 195.5 19.0 29.0
0 545.0 188.0 18.0 24.0
0 527.0 170.0 14.0 22.0
0 579.5 173.0 17.0 20.0
0 573.0 196.0 20.0 22.0
0 570.5 228.5 27.0 27.0
0 615.5 226.5 25.0 25.0
0 623.0 191.5 18.0 19.0
0 634.5 193.5 17.0 23.0
0 643.0 180.0 14.0 18.0
0 666.0 178.5 20.0 19.0
0 688.0 198.5 20.0 27.0
0 679.5 164.5 21.0 19.0
0 700.0 160.5 18.0 21.0
0 707.5 186.5 21.0 23.0
0 734.5 174.5 17.0 15.0
0 733.5 160.0 17.0 20.0
0 742.5 148.5 17.0 19.0
0 763.5 159.0 17.0 20.0
0 779.5 163.0 17.0 18.0
0 786.5 175.0 19.0 16.0
0 806.5 156.5 17.0 17.0
0 824.0 166.5 18.0 19.0
0 850.0 158.0 16.0 20.0
0 857.0 179.5 20.0 21.0
0 823.0 190.5 24.0 27.0
0 842.5 218.0 27.0 30.0
0 775.0 219.0 22.0 26.0
0 786.5 249.0 27.0 32.0
0 729.0 241.0 26.0 30.0
0 728.0 275.0 36.0 34.0
0 739.0 303.5 40.0 47.0
0 662.0 291.0 36.0 40.0
0 649.5 252.0 33.0 32.0
0 568.0 294.5 40.0 41.0
0 784.5 325.0 41.0 46.0
0 799.0 267.0 32.0 34.0
0 837.5 261.0 25.0 32.0
0 877.5 295.5 39.0 47.0
0 856.0 342.0 44.0 56.0
0 940.0 302.0 36.0 46.0
0 990.0 257.5 28.0 33.0
0 885.5 206.5 23.0 27.0
0 892.0 181.0 24.0 28.0
0 925.5 189.5 23.0 27.0
0 924.0 164.5 22.0 23.0
0 952.5 178.0 19.0 22.0
0 968.5 176.5 17.0 21.0
0 998.5 195.0 25.0 22.0
0 952.0 206.5 24.0 23.0
0 994.5 221.0 27.0 22.0
0 1019.5 241.5 23.0 25.0
0 1022.5 225.0 19.0 22.0
0 1037.5 203.0 17.0 24.0
0 1027.5 184.5 15.0 21.0
0 1065.0 183.0 18.0 24.0
0 1090.5 200.0 19.0 24.0
0 1071.0 221.5 18.0 25.0
0 1068.5 257.0 27.0 34.0
0 1051.0 264.5 30.0 35.0
0 1032.0 312.5 36.0 41.0
0 1010.0 359.5 40.0 49.0
0 1111.5 336.0 39.0 58.0
0 1105.5 233.5 23.0 31.0
0 1119.5 223.5 21.0 23.0
0 1136.5 218.0 17.0 24.0
0 1142.0 202.0 14.0 18.0
0 1148.5 256.0 23.0 30.0
