0 193.0 287.0 54.0 56.0
0 372.5 184.5 25.0 27.0
0 422.5 176.0 29.0 30.0
0 420.5 151.0 23.0 22.0
0 442.0 148.0 20.0 26.0
0 464.0 151.5 20.0 25.0
0 479.0 158.5 22.0 25.0
0 489.5 182.0 23.0 32.0
0 458.5 180.0 21.0 22.0
0 503.0 155.5 18.0 23.0
0 544.5 157.0 23.0 26.0
0 537.0 180.5 26.0 27.0
0 568.0 132.5 16.0 21.0
0 534.0 137.5 20.0 25.0
0 572.0 118.5 18.0 19.0
0 581.0 100.5 16.0 19.0
0 601.5 101.0 17.0 20.0
0 606.5 126.0 23.0 20.0
0 632.5 126.5 19.0 25.0
0 610.0 153.5 28.0 29.0
0 645.0 110.5 16.0 21.0
0 657.5 87.5 15.0 17.0
0 675.0 98.5 16.0 17.0
0 695.0 115.5 22.0 29.0
0 677.0 89.0 16.0 12.0
0 700.0 92.5 16.0 25.0
0 709.5 84.0 19.0 24.0
0 733.0 109.0 22.0 24.0
0 740.5 94.0 19.0 22.0
0 743.5 80.5 15.0 19.0
0 767.5 101.0 19.0 24.0
0 770.5 87.0 21.0 22.0
0 778.0 79.0 12.0 18.0
0 782.0 69.5 12.0 17.0
0 798.0 85.0 18.0 22.0
0 818.0 93.0 20.0 24.0
0 823.5 65.5 15.0 17.0
0 839.5 75.0 13.0 16.0
0 841.5 91.5 15.0 19.0
0 876.0 68.5 16.0 21.0
0 710.0 164.5 32.0 35.0
0 680.5 199.0 35.0 44.0
0 745.0 224.5 38.0 39.0
0 781.0 168.5 28.0 33.0
0 794.5 136.0 23.0 26.0
0 827.0 159.5 26.0 33.0
0 864.5 172.5 31.0 37.0
0 858.0 133.0 22.0 28.0
0 892.0 100.5 16.0 21.0
0 904.5 114.0 19.0 24.0
0 918.5 126.0 27.0 34.0
0 894.5 169.0 29.0 36.0
0 946.0 98.0 20.0 24.0
0 923.0 93.5 20.0 19.0
0 953.0 122.0 22.0 26.0
0 987.0 104.5 18.0 21.0
0 974.5 95.5 11.0 15.0
0 983.5 87.0 13.0 16.0
0 1015.5 85.5 19.0 21.0
0 959.5 160.5 29.0 25.0
0 943.0 175.0 30.0 32.0
0 960.0 218.0 32.0 42.0
0 1056.0 243.5 36.0 57.0
0 1062.0 218.5 36.0 39.0
0 1027.0 171.0 26.0 32.0
0 1044.0 142.5 20.0 29.0
0 1002.0 128.5 26.0 27.0
0 1031.5 104.0 15.0 24.0
0 1042.5 92.5 17.0 21.0
0 1054.0 85.5 14.0 17.0
0 1073.0 111.5 18.0 21.0
0 1065.5 129.0 17.0 26.0
0 1068.5 171.5 27.0 33.0
0 1106.0 288.5 42.0 65.0
0 1145.5 252.0 35.0 50.0
0 1135.5 214.0 27.0 26.0
0 1103.0 151.5 22.0 29.0
0 1124.5 126.5 19.0 25.0
0 1136.5 109.0 19.0 24.0
0 1087.0 100.0 18.0 24.0
0 1096.0 93.0 18.0 20.0
0 1141.5 91.0 19.0 18.0
0 1160.0 159.0 26.0 36.0
0 1177.5 139.5 21.0 21.0
0 1174.0 112.0 18.0 24.0
0 1190.0 111.5 16.0 21.0
