0 211.5 277.0 57.0 60.0
0 272.5 257.5 51.0 63.0
0 249.5 144.0 25.0 28.0
0 374.0 162.5 20.0 27.0
0 393.5 157.0 21.0 24.0
0 448.5 138.5 23.0 23.0
0 472.5 138.5 21.0 25.0
0 463.0 172.5 28.0 27.0
0 526.5 176.5 43.0 39.0
0 483.5 113.0 19.0 22.0
0 508.0 116.5 20.0 25.0
0 491.0 94.0 12.0 18.0
0 501.0 89.5 14.0 17.0
0 509.5 97.5 17.0 15.0
0 518.5 77.0 15.0 18.0
0 541.0 43.0 10.0 14.0
0 555.5 99.0 19.0 24.0
0 568.0 85.0 16.0 20.0
0 597.0 91.5 16.0 21.0
0 574.5 117.5 23.0 25.0
0 626.5 91.0 17.0 24.0
0 705.5 147.0 29.0 34.0
0 764.0 172.5 32.0 35.0
0 815.0 177.0 34.0 34.0
0 729.0 99.5 20.0 23.0
0 765.5 91.0 19.0 22.0
0 796.5 36.5 17.0 21.0
0 787.0 97.0 16.0 20.0
0 797.5 87.0 19.0 18.0
0 811.0 105.0 18.0 26.0
0 855.5 114.0 19.0 22.0
0 870.0 76.0 16.0 22.0
0 962.5 50.0 19.0 24.0
0 934.0 137.0 22.0 28.0
