0 578.5 191.0 43.0 52.0
0 573.5 136.0 23.0 26.0
0 541.0 122.0 18.0 20.0
0 507.0 108.0 18.0 18.0
0 471.5 119.5 23.0 15.0
0 329.0 123.0 10.0 22.0
0 380.5 113.0 21.0 14.0
0 381.0 101.0 20.0 18.0
0 415.5 99.0 15.0 18.0
0 442.0 98.5 20.0 15.0
0 431.5 83.0 11.0 14.0
0 480.5 76.0 17.0 14.0
0 479.5 90.5 19.0 13.0
0 689.0 453.0 0.0 0.0
0 639.5 119.5 23.0 27.0
0 684.5 126.5 19.0 21.0
0 713.0 129.0 16.0 24.0
0 797.5 131.0 17.0 18.0
0 876.0 154.5 22.0 29.0
0 860.5 115.0 15.0 20.0
0 927.5 144.0 19.0 26.0
0 805.0 73.5 14.0 15.0
0 830.5 76.5 17.0 15.0
0 857.5 82.0 13.0 16.0
0 883.5 90.5 15.0 15.0
0 921.0 100.0 18.0 14.0
0 938.5 90.0 17.0 18.0
0 943.0 109.5 14.0 15.0
0 930.5 122.5 21.0 21.0
0 907.0 116.5 22.0 17.0
0 832.0 105.0 18.0 20.0
0 709.0 67.5 14.0 17.0
0 682.5 64.0 19.0 18.0
0 656.5 68.5 15.0 15.0
0 623.5 60.5 11.0 15.0
0 714.5 108.0 17.0 18.0
0 738.5 102.0 13.0 18.0
0 775.0 102.0 14.0 14.0
0 799.0 98.5 12.0 13.0
0 783.5 85.5 13.0 13.0
0 766.0 79.0 14.0 16.0
0 745.0 86.0 12.0 18.0
0 725.0 86.0 14.0 16.0
0 699.5 99.5 15.0 19.0
0 601.0 78.5 14.0 15.0
0 584.5 69.0 13.0 12.0
0 547.5 79.0 13.0 12.0
0 527.0 96.5 14.0 15.0
0 498.5 77.5 13.0 11.0
0 624.5 95.0 15.0 14.0
0 549.0 99.0 14.0 14.0
0 661.5 112.0 15.0 20.0
0 575.0 101.0 18.0 16.0
0 636.0 70.5 14.0 17.0
0 574.5 84.5 13.0 15.0
0 445.5 88.0 15.0 16.0
0 465.0 98.5 14.0 17.0
0 812.0 90.0 16.0 18.0
0 815.5 116.0 17.0 20.0
0 887.0 138.0 16.0 24.0
0 686.5 84.0 13.0 14.0
0 667.0 78.5 14.0 17.0
0 572.5 75.0 15.0 14.0
0 532.5 72.5 17.0 15.0
