0 55.5 222.5 29.0 29.0
0 273.0 167.5 16.0 19.0
0 297.5 163.0 21.0 24.0
0 323.5 152.5 17.0 25.0
0 373.5 161.0 21.0 30.0
0 429.5 173.0 23.0 30.0
0 363.5 130.5 15.0 15.0
0 337.5 129.5 15.0 19.0
0 402.5 129.5 19.0 21.0
0 416.0 116.5 18.0 17.0
0 440.5 136.0 15.0 18.0
0 465.5 132.0 19.0 22.0
0 489.0 139.5 24.0 21.0
0 439.5 101.5 13.0 15.0
0 458.5 112.5 13.0 17.0
0 474.0 111.5 16.0 19.0
0 493.0 115.0 18.0 24.0
0 527.5 113.5 17.0 21.0
0 580.5 115.0 19.0 20.0
0 571.5 94.5 15.0 19.0
0 567.0 78.5 16.0 19.0
0 535.5 97.0 17.0 18.0
0 508.5 98.5 17.0 15.0
0 504.0 84.5 10.0 15.0
0 516.0 80.5 12.0 15.0
0 482.0 83.5 16.0 15.0
0 600.5 61.5 13.0 15.0
0 588.0 83.0 14.0 14.0
0 612.0 92.5 16.0 21.0
0 658.5 79.0 13.0 18.0
0 624.0 76.5 14.0 15.0
0 642.5 55.0 11.0 14.0
0 670.5 56.5 11.0 13.0
0 684.5 61.0 11.0 14.0
0 701.5 70.0 9.0 14.0
0 718.0 67.0 14.0 14.0
0 737.5 59.5 13.0 17.0
0 507.5 180.0 23.0 30.0
0 597.5 173.0 23.0 30.0
0 643.5 201.0 33.0 34.0
0 719.0 197.0 32.0 32.0
0 600.5 140.5 19.0 23.0
0 645.0 154.0 22.0 26.0
0 645.5 122.5 21.0 21.0
0 709.0 152.5 24.0 25.0
0 781.5 185.5 29.0 29.0
0 830.5 171.5 27.0 31.0
0 750.5 133.5 21.0 25.0
0 713.5 118.0 19.0 24.0
0 694.5 106.5 17.0 21.0
0 721.5 88.5 17.0 19.0
0 738.0 106.0 18.0 20.0
0 778.5 116.5 19.0 23.0
0 808.0 126.5 26.0 27.0
0 790.5 90.5 15.0 19.0
0 756.5 82.5 15.0 19.0
0 782.0 71.0 16.0 18.0
0 800.5 62.5 15.0 19.0
0 817.5 75.5 13.0 17.0
0 830.0 90.5 18.0 21.0
0 833.0 67.5 12.0 15.0
0 855.5 74.5 11.0 15.0
0 853.5 103.0 15.0 20.0
0 872.5 98.5 13.0 17.0
0 885.5 82.0 13.0 18.0
0 867.5 74.0 9.0 14.0
0 901.5 107.5 13.0 23.0
0 868.5 142.5 23.0 27.0
0 929.5 127.0 19.0 26.0
0 951.5 117.0 13.0 18.0
0 988.5 113.5 13.0 19.0
0 995.5 163.5 19.0 27.0
0 990.0 91.5 12.0 15.0
0 951.5 97.5 17.0 17.0
0 958.0 77.5 14.0 19.0
0 922.0 93.5 14.0 13.0
0 920.0 72.0 14.0 18.0
