0 296.0 156.0 16.0 18.0
0 311.5 146.5 17.0 15.0
0 320.5 163.0 15.0 18.0
0 387.0 157.0 16.0 18.0
0 398.5 174.0 19.0 20.0
0 369.0 146.0 14.0 16.0
0 409.0 140.5 14.0 19.0
0 393.0 116.0 14.0 18.0
0 415.5 123.0 15.0 18.0
0 433.0 119.0 14.0 18.0
0 436.5 106.5 15.0 17.0
0 471.0 136.5 16.0 21.0
0 488.5 119.0 19.0 30.0
0 505.0 134.5 18.0 23.0
0 471.0 93.5 12.0 13.0
0 483.5 96.0 11.0 16.0
0 498.0 94.5 12.0 15.0
0 514.0 111.0 14.0 20.0
0 557.0 126.5 18.0 21.0
0 529.5 120.0 15.0 22.0
0 520.0 100.0 16.0 18.0
0 547.5 77.5 11.0 13.0
0 551.5 93.5 17.0 15.0
0 560.0 108.0 14.0 16.0
0 580.5 111.5 15.0 17.0
0 607.0 108.0 14.0 18.0
0 648.5 96.5 15.0 21.0
0 624.5 89.0 15.0 16.0
0 580.0 73.0 12.0 14.0
0 607.5 80.5 13.0 15.0
0 599.0 72.5 12.0 15.0
0 640.0 64.0 12.0 14.0
0 659.0 80.5 12.0 17.0
0 688.5 84.0 11.0 14.0
0 696.0 71.5 10.0 15.0
0 686.0 61.5 10.0 15.0
0 721.5 63.5 13.0 17.0
0 661.0 61.0 10.0 12.0
0 527.0 182.0 30.0 28.0
0 580.5 196.0 27.0 26.0
0 602.0 153.5 22.0 25.0
0 654.5 191.5 27.0 29.0
0 662.0 164.0 20.0 22.0
0 676.0 123.5 18.0 21.0
0 719.5 125.5 19.0 23.0
0 735.0 189.0 32.0 32.0
0 782.0 151.0 26.0 32.0
0 753.0 62.0 12.0 16.0
0 719.0 103.0 16.0 20.0
0 731.5 96.0 15.0 18.0
0 747.0 112.5 16.0 19.0
0 782.0 119.5 18.0 23.0
0 809.0 131.0 20.0 26.0
0 841.5 166.5 25.0 31.0
0 799.5 206.5 29.0 33.0
0 830.0 229.0 32.0 38.0
0 962.5 212.5 31.0 43.0
0 922.0 175.0 24.0 28.0
0 866.0 145.5 24.0 25.0
0 839.0 122.0 20.0 28.0
0 801.5 91.0 15.0 18.0
0 794.5 69.0 13.0 16.0
0 823.5 80.0 15.0 16.0
0 834.0 95.5 14.0 19.0
0 859.0 97.0 16.0 20.0
0 890.5 81.5 11.0 15.0
0 901.0 71.5 12.0 17.0
0 915.5 106.0 17.0 20.0
0 892.5 131.0 17.0 24.0
0 938.0 122.5 20.0 27.0
0 924.5 89.0 11.0 16.0
0 925.5 76.5 13.0 17.0
0 953.5 81.5 11.0 13.0
0 954.5 100.0 11.0 16.0
0 962.0 110.0 14.0 18.0
0 983.5 157.0 19.0 28.0
0 990.5 145.0 19.0 28.0
0 994.0 129.5 14.0 19.0
0 992.5 94.5 11.0 17.0
