0 232.0 225.0 50.0 54.0
0 328.0 139.0 20.0 26.0
0 343.5 156.0 23.0 28.0
0 376.5 116.5 19.0 25.0
0 399.0 118.5 22.0 23.0
0 395.0 144.0 20.0 26.0
0 416.0 157.0 22.0 26.0
0 422.5 146.5 19.0 25.0
0 435.0 121.0 18.0 22.0
0 461.0 122.5 18.0 23.0
0 474.0 130.0 22.0 22.0
0 470.5 145.5 23.0 27.0
0 474.0 95.0 16.0 20.0
0 498.0 108.0 20.0 22.0
0 499.5 135.0 21.0 24.0
0 522.5 152.0 25.0 26.0
0 527.5 120.5 23.0 29.0
0 533.0 97.5 16.0 19.0
0 517.0 89.0 16.0 20.0
0 557.0 99.0 18.0 20.0
0 570.5 88.0 15.0 18.0
0 550.5 87.0 15.0 16.0
0 587.0 83.5 18.0 19.0
0 578.0 115.5 16.0 21.0
0 586.0 108.0 16.0 20.0
0 619.5 115.5 19.0 23.0
0 613.0 90.5 16.0 17.0
0 622.5 82.0 15.0 16.0
0 628.0 96.0 14.0 20.0
0 658.5 109.0 21.0 24.0
0 642.0 82.0 20.0 22.0
0 658.5 73.0 15.0 18.0
0 675.0 80.5 16.0 21.0
0 688.5 101.5 19.0 23.0
0 704.0 84.0 18.0 22.0
0 733.5 89.5 19.0 19.0
0 737.0 70.5 18.0 17.0
0 759.5 66.0 21.0 22.0
0 760.0 81.0 18.0 20.0
0 800.0 71.5 18.0 21.0
0 586.5 167.0 29.0 34.0
0 625.0 184.0 32.0 38.0
0 641.5 158.5 27.0 29.0
0 677.5 197.5 35.0 43.0
0 702.5 160.5 31.0 33.0
0 710.5 134.0 21.0 26.0
0 748.0 121.0 22.0 24.0
0 787.5 109.0 21.0 28.0
0 805.0 114.5 22.0 27.0
0 763.5 160.5 37.0 41.0
0 785.0 194.5 38.0 39.0
0 816.5 191.0 25.0 34.0
0 819.5 152.0 25.0 30.0
0 836.0 131.0 22.0 24.0
0 839.5 109.5 21.0 23.0
0 845.0 83.5 20.0 23.0
0 867.5 88.0 17.0 22.0
0 887.5 98.5 23.0 23.0
0 862.0 144.0 28.0 30.0
0 849.0 225.5 34.0 41.0
0 891.0 147.5 26.0 29.0
0 882.0 186.5 32.0 41.0
0 916.5 252.0 35.0 44.0
0 932.5 192.5 33.0 41.0
0 920.0 162.5 26.0 33.0
0 973.0 173.0 30.0 32.0
0 982.5 143.0 27.0 32.0
0 1017.5 211.0 31.0 36.0
0 991.5 267.0 51.0 54.0
0 1025.0 182.0 24.0 30.0
0 1033.0 154.0 24.0 28.0
0 908.5 106.0 17.0 20.0
