0 906.0 87.5 10.0 19.0
0 860.0 81.5 12.0 19.0
0 877.0 107.5 16.0 23.0
0 914.0 112.5 12.0 19.0
0 908.5 126.5 17.0 23.0
0 897.0 139.5 20.0 31.0
0 942.5 158.0 17.0 30.0
0 884.5 170.5 23.0 33.0
0 867.0 126.0 18.0 30.0
0 851.0 135.0 22.0 28.0
0 831.0 102.0 16.0 24.0
0 824.0 78.0 16.0 18.0
0 794.5 73.0 13.0 20.0
0 811.5 88.0 17.0 24.0
0 809.5 110.5 21.0 29.0
0 751.5 87.5 13.0 19.0
0 766.5 89.0 17.0 20.0
0 763.0 114.5 16.0 21.0
0 703.5 96.5 13.0 21.0
0 735.5 111.0 17.0 22.0
0 728.5 134.0 17.0 28.0
0 730.0 166.0 24.0 34.0
0 767.5 139.0 15.0 26.0
0 805.5 167.0 25.0 34.0
0 808.0 202.5 30.0 43.0
0 681.5 129.5 17.0 25.0
0 652.0 148.0 22.0 32.0
0 669.5 158.0 17.0 26.0
0 686.5 196.5 29.0 39.0
0 589.5 144.0 21.0 26.0
0 541.0 165.5 24.0 31.0
0 573.5 177.5 25.0 35.0
0 666.5 102.5 17.0 25.0
0 646.0 126.0 18.0 24.0
0 673.0 66.0 10.0 16.0
0 684.0 74.0 12.0 16.0
0 612.5 96.5 11.0 17.0
0 627.5 90.5 11.0 15.0
0 520.5 73.5 9.0 11.0
0 528.5 81.0 11.0 16.0
0 567.5 88.0 11.0 18.0
0 560.0 112.5 14.0 19.0
0 524.5 108.5 15.0 23.0
0 465.0 93.0 12.0 18.0
0 488.5 92.0 13.0 18.0
0 494.0 118.0 16.0 20.0
0 476.5 138.5 19.0 27.0
0 438.0 111.5 14.0 19.0
0 440.5 148.0 19.0 20.0
0 418.5 104.0 13.0 16.0
0 392.5 119.5 15.0 17.0
0 417.0 163.5 20.0 27.0
0 385.0 159.0 18.0 26.0
0 342.5 136.0 13.0 18.0
0 316.0 134.5 12.0 17.0
0 294.0 147.5 14.0 23.0
0 321.5 152.0 15.0 24.0
0 333.5 160.0 19.0 22.0
0 351.5 162.5 19.0 25.0
0 265.5 158.5 15.0 19.0
0 210.0 249.0 38.0 48.0
