0 217.5 185.0 33.0 38.0
0 286.0 134.0 18.0 22.0
0 390.0 113.5 18.0 21.0
0 373.0 138.0 20.0 20.0
0 404.0 98.0 16.0 16.0
0 431.0 94.5 18.0 19.0
0 489.0 77.0 12.0 14.0
0 408.0 117.5 18.0 21.0
0 392.5 155.0 19.0 22.0
0 439.5 127.5 21.0 23.0
0 445.0 99.0 20.0 26.0
0 508.5 83.5 13.0 25.0
0 519.5 75.5 13.0 15.0
0 510.5 104.0 17.0 22.0
0 543.0 78.5 10.0 13.0
0 536.0 105.0 18.0 22.0
0 491.0 117.0 22.0 22.0
0 467.5 151.5 21.0 29.0
0 504.5 140.0 21.0 24.0
0 585.5 107.5 19.0 21.0
0 577.0 83.0 12.0 18.0
0 586.0 85.5 10.0 17.0
0 608.5 70.0 11.0 16.0
0 619.0 75.5 14.0 19.0
0 633.5 66.5 11.0 15.0
0 652.5 69.5 13.0 15.0
0 609.0 104.0 16.0 24.0
0 643.0 100.0 20.0 22.0
0 682.5 65.0 15.0 18.0
0 702.5 68.0 13.0 16.0
0 721.5 68.5 11.0 13.0
0 736.5 65.0 13.0 14.0
0 592.5 163.0 29.0 28.0
0 616.5 140.0 25.0 22.0
0 661.5 118.5 15.0 25.0
0 658.0 149.5 32.0 31.0
0 698.5 126.0 17.0 22.0
0 707.0 165.0 22.0 28.0
0 736.5 109.0 19.0 18.0
0 754.0 88.0 20.0 24.0
0 789.5 73.5 15.0 15.0
0 779.5 90.0 19.0 14.0
0 770.5 110.0 17.0 20.0
0 791.0 105.5 20.0 13.0
0 783.0 127.0 20.0 24.0
0 767.0 152.5 24.0 29.0
0 806.0 165.0 26.0 28.0
0 807.5 82.5 11.0 13.0
0 835.0 80.0 12.0 14.0
0 821.5 93.0 21.0 16.0
0 824.0 123.0 18.0 22.0
0 853.0 83.5 12.0 17.0
0 865.5 91.0 21.0 16.0
0 871.0 101.0 18.0 18.0
0 872.5 117.5 17.0 23.0
0 876.5 139.0 23.0 20.0
0 869.0 177.5 32.0 27.0
0 902.5 156.5 19.0 31.0
0 891.0 112.5 14.0 15.0
0 888.5 88.0 15.0 18.0
0 917.0 100.5 14.0 19.0
0 929.5 91.0 11.0 12.0
0 947.0 97.0 10.0 20.0
0 937.5 125.0 11.0 20.0
0 946.0 218.5 24.0 29.0
0 958.5 175.0 21.0 28.0
0 962.5 142.0 19.0 26.0
0 972.0 135.5 18.0 27.0
0 988.0 130.0 18.0 24.0
0 987.0 106.0 12.0 12.0
0 843.0 87.0 14.0 16.0
0 758.0 112.0 22.0 22.0
0 681.5 79.0 11.0 12.0
0 757.5 135.0 29.0 24.0
