0 95.5 335.5 63.0 67.0
0 248.0 160.5 26.0 23.0
0 259.0 175.5 26.0 25.0
0 318.0 144.0 22.0 24.0
0 337.0 148.5 22.0 29.0
0 355.5 131.0 25.0 28.0
0 391.0 140.5 24.0 33.0
0 405.0 131.0 22.0 30.0
0 426.0 122.0 22.0 24.0
0 429.5 162.0 27.0 32.0
0 466.0 153.0 22.0 26.0
0 456.0 118.0 20.0 24.0
0 507.0 118.5 20.0 23.0
0 520.0 180.5 28.0 31.0
0 559.0 152.0 26.0 26.0
0 522.5 102.0 21.0 24.0
0 538.0 100.0 18.0 14.0
0 569.0 106.5 26.0 25.0
0 583.5 94.5 19.0 23.0
0 591.0 125.0 24.0 22.0
0 618.5 105.5 21.0 23.0
0 629.5 99.0 19.0 22.0
0 655.0 139.0 24.0 28.0
0 678.0 127.5 20.0 25.0
0 675.5 98.0 23.0 26.0
0 662.5 85.0 19.0 20.0
0 696.0 83.5 18.0 21.0
0 716.0 78.0 18.0 22.0
0 700.5 106.5 23.0 25.0
0 725.0 95.0 18.0 18.0
0 735.5 108.5 17.0 21.0
0 747.5 121.0 21.0 28.0
0 736.0 179.0 30.0 34.0
0 691.0 204.0 30.0 30.0
0 727.0 228.5 34.0 39.0
0 758.5 81.5 17.0 23.0
0 785.5 89.5 19.0 21.0
0 790.5 111.5 19.0 23.0
0 803.5 81.0 17.0 20.0
0 834.5 86.5 17.0 19.0
0 827.0 97.5 18.0 25.0
0 860.0 94.5 18.0 21.0
0 842.0 131.0 22.0 26.0
0 799.0 154.5 32.0 33.0
0 877.0 158.5 28.0 25.0
0 895.0 140.0 24.0 24.0
0 899.5 119.5 21.0 23.0
0 934.0 113.5 22.0 25.0
0 943.5 124.5 21.0 27.0
0 798.5 240.5 39.0 33.0
0 876.0 246.5 42.0 39.0
0 910.0 172.0 30.0 28.0
0 980.5 117.5 23.0 21.0
0 994.0 138.0 22.0 24.0
0 963.0 157.0 26.0 32.0
0 988.5 181.0 23.0 34.0
0 968.0 262.0 36.0 46.0
0 1055.5 290.5 37.0 47.0
0 1043.5 225.0 29.0 36.0
0 1021.5 133.0 21.0 24.0
0 1055.5 142.5 21.0 21.0
0 1067.5 136.5 19.0 23.0
0 1094.0 155.5 18.0 25.0
0 1102.5 143.0 17.0 20.0
0 1055.0 189.0 24.0 30.0
0 1079.0 178.5 20.0 25.0
0 1127.0 200.0 20.0 30.0
0 1082.5 236.0 29.0 32.0
0 1151.5 232.0 25.0 34.0
0 1168.5 266.0 31.0 46.0
0 1185.5 222.0 23.0 28.0
0 1185.5 204.5 19.0 27.0
0 1186.0 188.0 20.0 24.0
0 1130.0 164.5 18.0 25.0
0 1161.0 152.5 16.0 25.0
0 1201.0 156.5 16.0 23.0
