0 158.0 341.5 72.0 71.0
0 275.5 175.5 27.0 27.0
0 308.0 180.0 36.0 34.0
0 367.5 149.0 25.0 24.0
0 393.0 153.0 22.0 26.0
0 408.5 134.5 25.0 31.0
0 437.0 139.5 24.0 29.0
0 457.5 131.5 19.0 27.0
0 476.0 126.5 22.0 27.0
0 486.0 162.5 24.0 33.0
0 510.5 119.0 19.0 20.0
0 526.0 146.0 20.0 24.0
0 561.5 122.0 21.0 22.0
0 573.0 106.5 16.0 17.0
0 561.5 195.0 31.0 32.0
0 589.5 106.0 17.0 20.0
0 601.0 103.5 20.0 23.0
0 616.5 111.0 25.0 26.0
0 643.0 132.5 28.0 27.0
0 612.5 154.5 33.0 29.0
0 709.5 137.5 27.0 27.0
0 640.0 99.0 22.0 24.0
0 668.5 109.0 21.0 30.0
0 683.0 103.0 18.0 26.0
0 712.0 91.0 22.0 22.0
0 720.0 103.0 28.0 26.0
0 744.5 90.5 21.0 19.0
0 748.5 111.5 23.0 27.0
0 745.5 129.0 21.0 26.0
0 768.0 136.5 24.0 27.0
0 768.0 84.5 20.0 19.0
0 778.5 100.0 19.0 20.0
0 786.0 114.0 24.0 24.0
0 811.0 83.5 18.0 23.0
0 841.0 98.0 16.0 22.0
0 853.0 93.0 16.0 20.0
0 845.5 115.5 17.0 23.0
0 867.5 116.5 19.0 21.0
0 885.0 89.5 20.0 21.0
0 913.0 101.0 18.0 22.0
0 742.0 208.5 32.0 27.0
0 784.0 224.0 30.0 32.0
0 792.5 182.0 31.0 38.0
0 841.0 252.5 36.0 49.0
0 848.5 155.5 33.0 33.0
0 895.0 135.5 24.0 29.0
0 926.0 162.5 26.0 25.0
0 949.0 142.0 24.0 26.0
0 967.0 125.0 18.0 22.0
0 982.0 116.5 18.0 21.0
0 994.5 131.0 21.0 24.0
0 1033.0 121.5 18.0 21.0
0 1015.0 151.0 20.0 24.0
0 1041.5 142.0 19.0 26.0
0 1061.5 133.5 21.0 23.0
0 1026.0 188.5 24.0 37.0
0 963.0 181.5 30.0 31.0
0 929.0 246.0 34.0 40.0
0 1020.0 275.0 50.0 48.0
0 1091.0 318.0 40.0 54.0
0 1127.5 244.5 29.0 43.0
0 1096.0 212.0 26.0 32.0
0 1107.5 190.5 21.0 29.0
0 1127.5 186.0 23.0 28.0
0 1102.0 146.5 22.0 23.0
0 1115.5 139.0 19.0 24.0
0 1157.0 146.0 16.0 26.0
0 1150.0 161.5 20.0 23.0
0 1184.0 171.0 18.0 24.0
0 1203.5 153.5 19.0 25.0
0 1250.5 164.0 19.0 26.0
0 1241.5 192.0 21.0 22.0
0 1236.5 202.0 19.0 26.0
0 1239.5 222.0 25.0 30.0
0 1207.0 236.0 26.0 40.0
0 1177.5 203.0 19.0 32.0
0 1220.5 286.0 27.0 42.0
