0 80.5 259.5 47.0 59.0
0 290.5 145.0 23.0 16.0
0 341.0 124.5 22.0 23.0
0 396.5 117.0 19.0 20.0
0 375.5 127.5 23.0 25.0
0 411.5 135.0 21.0 22.0
0 421.0 115.5 18.0 19.0
0 429.0 90.5 16.0 19.0
0 463.0 84.0 16.0 16.0
0 477.0 90.0 14.0 20.0
0 495.0 90.5 14.0 17.0
0 505.0 94.5 14.0 19.0
0 545.5 93.0 19.0 22.0
0 569.5 108.0 21.0 22.0
0 596.0 62.5 14.0 17.0
0 632.0 69.5 14.0 17.0
0 670.0 64.5 14.0 15.0
0 481.0 111.0 20.0 22.0
0 452.5 124.5 19.0 21.0
0 610.5 132.0 25.0 22.0
0 649.5 130.0 29.0 30.0
0 679.5 139.5 27.0 29.0
0 715.0 113.0 22.0 24.0
0 748.5 87.5 17.0 21.0
0 821.5 167.5 25.0 39.0
0 917.5 192.5 29.0 37.0
0 933.5 162.5 27.0 29.0
0 911.5 139.5 19.0 25.0
0 940.0 137.0 20.0 20.0
0 919.5 117.0 15.0 22.0
0 966.0 116.0 14.0 18.0
0 964.0 95.0 12.0 18.0
