0 186.5 286.0 41.0 50.0
0 268.0 153.0 18.0 22.0
0 285.5 157.5 21.0 25.0
0 312.0 158.5 20.0 23.0
0 325.0 171.5 22.0 21.0
0 340.5 135.0 21.0 18.0
0 369.5 123.5 17.0 21.0
0 376.0 137.0 20.0 20.0
0 379.0 156.5 26.0 21.0
0 409.0 156.0 22.0 22.0
0 411.0 112.0 16.0 20.0
0 416.5 130.0 21.0 22.0
0 428.5 120.5 21.0 19.0
0 447.5 148.0 23.0 28.0
0 462.5 119.5 21.0 23.0
0 474.0 106.0 18.0 18.0
0 481.0 91.0 16.0 16.0
0 486.5 131.0 19.0 24.0
0 508.0 137.0 20.0 24.0
0 524.0 121.0 20.0 22.0
0 511.0 114.0 14.0 18.0
0 519.0 98.5 18.0 17.0
0 529.5 78.0 15.0 16.0
0 551.0 100.5 20.0 19.0
0 568.0 100.5 16.0 23.0
0 555.5 123.0 21.0 24.0
0 537.5 93.5 17.0 15.0
0 590.5 87.5 11.0 15.0
0 586.0 78.0 12.0 14.0
0 611.0 103.0 18.0 20.0
0 619.5 79.0 13.0 16.0
0 632.5 85.0 17.0 20.0
0 648.0 75.0 16.0 20.0
0 656.5 86.0 13.0 18.0
0 671.0 73.0 14.0 16.0
0 684.5 73.5 17.0 19.0
0 707.0 73.0 12.0 18.0
0 590.5 152.5 27.0 29.0
0 551.5 176.5 27.0 33.0
0 574.5 188.0 35.0 38.0
0 643.5 198.5 35.0 35.0
0 657.5 149.5 29.0 31.0
0 648.5 133.5 23.0 27.0
0 712.0 129.0 22.0 28.0
0 697.0 157.5 26.0 37.0
0 699.5 114.0 19.0 22.0
0 733.5 105.0 17.0 24.0
0 737.5 88.5 17.0 19.0
0 753.0 91.0 14.0 20.0
0 774.0 97.5 16.0 25.0
0 783.5 87.5 17.0 21.0
0 796.5 80.5 17.0 21.0
0 812.5 78.5 15.0 21.0
0 815.0 97.0 20.0 20.0
0 760.0 123.5 24.0 31.0
0 803.5 139.5 29.0 37.0
0 761.5 171.5 29.0 31.0
0 819.0 175.5 30.0 35.0
0 822.5 121.5 23.0 29.0
0 843.0 83.5 18.0 23.0
0 857.0 102.5 18.0 29.0
0 900.5 82.0 21.0 22.0
0 871.5 137.0 25.0 28.0
0 910.5 151.0 29.0 26.0
0 889.5 195.0 29.0 38.0
0 973.0 145.5 26.0 33.0
0 994.5 158.0 27.0 38.0
0 950.5 123.0 21.0 26.0
0 934.0 115.0 18.0 22.0
0 928.5 97.5 15.0 21.0
0 948.0 95.0 14.0 22.0
0 899.5 116.5 19.0 21.0
