0 108.0 212.5 34.0 41.0
0 305.5 121.0 19.0 20.0
0 313.0 103.5 18.0 19.0
0 334.5 103.5 17.0 17.0
0 404.5 90.0 13.0 16.0
0 399.0 107.5 16.0 17.0
0 420.0 75.5 10.0 11.0
0 432.0 93.0 14.0 16.0
0 429.5 111.0 17.0 18.0
0 444.0 75.5 18.0 21.0
0 453.5 101.0 19.0 18.0
0 461.0 122.5 22.0 23.0
0 470.5 67.0 13.0 12.0
0 480.0 62.0 12.0 12.0
0 491.5 83.0 21.0 18.0
0 514.5 95.0 21.0 16.0
0 512.5 79.5 15.0 17.0
0 529.0 86.0 20.0 20.0
0 522.0 64.5 14.0 13.0
0 555.0 59.0 14.0 12.0
0 551.5 71.5 15.0 15.0
0 562.5 85.0 15.0 16.0
0 575.5 70.5 15.0 19.0
0 577.0 51.5 10.0 11.0
0 610.0 51.0 10.0 12.0
0 599.5 74.5 15.0 15.0
0 631.0 51.0 10.0 10.0
0 627.0 59.5 12.0 11.0
0 625.5 71.5 15.0 15.0
0 645.0 64.0 10.0 12.0
0 671.0 64.0 12.0 14.0
0 609.0 103.5 18.0 21.0
0 723.0 62.5 12.0 15.0
0 732.5 68.0 13.0 14.0
0 748.5 70.0 13.0 14.0
0 500.5 142.5 21.0 27.0
0 550.5 130.5 21.0 21.0
0 530.0 155.0 24.0 28.0
0 809.0 79.5 12.0 17.0
0 843.0 73.0 10.0 14.0
0 836.0 79.5 12.0 17.0
0 872.0 86.5 12.0 17.0
0 899.0 90.0 12.0 16.0
0 830.5 91.0 11.0 18.0
0 863.0 95.5 14.0 19.0
0 907.0 108.5 12.0 19.0
0 888.5 126.0 21.0 24.0
0 883.0 149.5 20.0 27.0
0 871.5 175.5 21.0 31.0
0 598.5 150.5 27.0 33.0
0 601.0 131.0 18.0 20.0
0 682.5 81.5 15.0 17.0
0 670.5 90.5 15.0 17.0
0 651.5 87.5 15.0 19.0
0 638.5 106.5 19.0 25.0
0 640.5 134.0 17.0 26.0
0 697.5 114.0 19.0 24.0
0 724.0 78.0 14.0 18.0
0 715.0 88.5 14.0 17.0
0 738.5 97.0 15.0 20.0
0 756.5 86.0 13.0 18.0
0 791.5 88.5 13.0 19.0
0 848.5 116.5 17.0 27.0
0 818.0 100.5 16.0 21.0
0 793.5 110.5 15.0 19.0
0 776.5 101.0 13.0 22.0
0 758.5 113.0 15.0 26.0
0 779.0 127.0 20.0 22.0
0 827.5 140.0 21.0 30.0
0 811.0 160.0 22.0 30.0
0 801.0 187.5 26.0 35.0
0 761.5 151.5 25.0 33.0
0 716.5 201.0 29.0 40.0
0 664.0 161.5 26.0 33.0
0 459.0 83.5 14.0 15.0
0 505.5 69.5 15.0 11.0
