0 183.5 267.0 47.0 50.0
0 281.0 131.5 20.0 19.0
0 308.0 141.0 26.0 28.0
0 357.0 131.5 22.0 25.0
0 361.0 110.5 18.0 23.0
0 381.5 112.5 15.0 21.0
0 392.0 116.0 16.0 16.0
0 415.5 128.5 19.0 21.0
0 430.5 120.5 27.0 31.0
0 406.5 98.5 15.0 17.0
0 467.0 115.5 22.0 25.0
0 457.5 102.5 15.0 17.0
0 457.5 84.5 15.0 13.0
0 499.0 89.5 18.0 21.0
0 506.5 82.0 13.0 14.0
0 518.0 76.0 12.0 14.0
0 542.0 74.5 12.0 17.0
0 530.5 113.0 19.0 22.0
0 534.5 98.0 17.0 16.0
0 553.0 125.5 24.0 25.0
0 560.0 83.0 14.0 16.0
0 568.5 84.5 11.0 13.0
0 582.0 81.5 14.0 15.0
0 597.5 76.5 13.0 15.0
0 606.5 71.5 11.0 13.0
0 601.5 102.5 21.0 25.0
0 638.5 93.0 17.0 22.0
0 641.5 79.5 19.0 19.0
0 632.0 63.5 14.0 17.0
0 650.0 70.0 16.0 18.0
0 663.5 60.0 13.0 14.0
0 683.5 64.0 17.0 22.0
0 702.5 62.0 15.0 18.0
0 715.5 67.5 13.0 17.0
0 741.0 68.5 14.0 15.0
0 585.5 176.5 29.0 31.0
0 591.0 151.0 26.0 30.0
0 638.5 145.0 23.0 28.0
0 650.5 124.5 21.0 21.0
0 707.5 133.0 25.0 24.0
0 696.0 110.0 20.0 22.0
0 725.5 110.0 23.0 24.0
0 740.5 138.0 21.0 26.0
0 704.5 157.5 27.0 33.0
0 771.5 161.0 25.0 34.0
0 782.5 151.0 19.0 24.0
0 804.0 146.0 28.0 28.0
0 770.5 117.5 21.0 23.0
0 740.0 97.5 20.0 21.0
0 792.0 106.0 18.0 16.0
0 802.0 73.0 16.0 18.0
0 828.0 93.5 14.0 17.0
0 816.0 87.0 14.0 18.0
0 851.5 72.5 13.0 15.0
0 841.5 88.5 17.0 21.0
0 867.5 94.5 15.0 19.0
0 884.5 88.5 13.0 15.0
0 892.0 114.0 16.0 20.0
0 874.5 121.5 19.0 21.0
0 880.5 135.0 21.0 20.0
0 916.0 149.0 22.0 36.0
0 859.5 211.0 29.0 28.0
0 956.0 230.5 28.0 33.0
0 964.0 168.0 26.0 32.0
0 960.0 143.0 24.0 24.0
0 981.5 114.5 13.0 21.0
0 974.0 100.0 14.0 18.0
0 943.0 91.5 14.0 19.0
0 934.0 114.5 18.0 21.0
0 918.5 94.0 17.0 18.0
0 905.0 100.5 18.0 21.0
