0 207.5 281.5 51.0 65.0
0 270.0 264.0 48.0 62.0
0 336.5 171.5 23.0 27.0
0 395.5 157.0 21.0 26.0
0 442.5 144.5 21.0 23.0
0 458.0 168.5 26.0 23.0
0 475.0 140.0 24.0 26.0
0 482.5 117.0 19.0 26.0
0 508.0 121.0 20.0 24.0
0 490.5 55.0 19.0 18.0
0 495.5 94.5 17.0 19.0
0 507.5 95.5 15.0 19.0
0 559.5 98.5 19.0 19.0
0 570.5 85.5 17.0 21.0
0 589.5 94.0 19.0 22.0
0 617.0 94.5 20.0 25.0
0 575.5 122.5 19.0 21.0
0 510.5 198.5 33.0 37.0
0 702.5 159.0 31.0 32.0
0 766.0 173.0 30.0 38.0
0 739.5 94.0 23.0 26.0
0 771.0 80.0 18.0 20.0
0 779.5 95.5 19.0 21.0
0 797.0 77.5 16.0 23.0
0 815.0 100.5 22.0 27.0
0 833.5 163.0 31.0 34.0
0 857.0 117.0 24.0 26.0
0 929.5 132.0 23.0 28.0
0 871.5 81.0 15.0 20.0
