0 150.5 333.0 53.0 60.0
0 269.0 174.0 24.0 26.0
0 299.5 170.0 27.0 28.0
0 340.0 148.5 22.0 23.0
0 378.0 154.5 20.0 27.0
0 425.5 146.5 23.0 27.0
0 398.5 133.5 25.0 27.0
0 447.5 134.0 21.0 24.0
0 471.0 163.0 20.0 24.0
0 502.5 146.0 19.0 18.0
0 561.0 185.0 22.0 28.0
0 467.5 117.0 17.0 20.0
0 520.5 115.0 21.0 22.0
0 557.0 117.5 16.0 19.0
0 549.5 103.0 13.0 18.0
0 570.5 105.0 17.0 24.0
0 594.5 88.5 13.0 19.0
0 609.5 106.0 19.0 26.0
0 633.0 128.0 18.0 22.0
0 599.0 150.0 22.0 30.0
0 624.5 93.5 15.0 19.0
0 663.5 101.5 13.0 21.0
0 703.5 101.0 17.0 16.0
0 704.5 86.0 19.0 22.0
0 728.5 87.0 17.0 20.0
0 739.0 97.5 18.0 19.0
0 733.5 125.5 19.0 23.0
0 697.0 139.5 18.0 23.0
0 761.5 124.5 19.0 25.0
0 772.0 112.5 18.0 23.0
0 766.5 96.5 17.0 19.0
0 757.5 81.0 19.0 18.0
0 783.5 83.5 17.0 23.0
0 825.5 113.5 17.0 19.0
0 833.0 101.0 16.0 18.0
0 825.5 84.0 17.0 22.0
0 867.5 101.5 19.0 25.0
0 872.5 85.5 17.0 19.0
0 898.5 93.5 19.0 21.0
0 867.5 135.5 21.0 27.0
0 840.0 143.5 24.0 33.0
0 761.5 186.5 29.0 35.0
0 724.0 202.5 28.0 33.0
0 772.0 232.5 30.0 33.0
0 826.0 252.0 32.0 40.0
0 915.0 246.5 34.0 41.0
0 895.0 171.5 28.0 35.0
0 934.5 150.5 17.0 21.0
0 966.5 176.5 23.0 27.0
0 925.5 138.5 21.0 25.0
0 954.5 123.5 19.0 23.0
0 976.5 112.5 17.0 23.0
0 993.5 137.0 21.0 26.0
0 1015.0 155.0 22.0 24.0
0 1031.0 187.0 24.0 32.0
0 1010.0 283.0 38.0 50.0
0 1024.5 119.5 19.0 25.0
0 1050.0 132.0 16.0 20.0
0 1102.0 146.0 20.0 26.0
0 1120.0 178.0 18.0 26.0
0 1089.5 210.5 21.0 29.0
0 1164.5 202.0 23.0 26.0
0 1168.5 163.0 17.0 24.0
0 1139.0 160.0 18.0 22.0
0 1134.0 143.0 18.0 22.0
0 1196.0 152.5 16.0 21.0
0 1241.5 164.0 17.0 22.0
0 1229.5 186.0 15.0 18.0
0 1229.0 207.0 16.0 20.0
0 1228.5 225.5 21.0 25.0
0 1205.0 229.5 24.0 35.0
0 1205.0 270.5 30.0 43.0
0 1102.5 262.5 27.0 37.0
0 1098.0 308.5 40.0 41.0
