0 98.0 216.5 46.0 55.0
0 255.5 118.5 17.0 19.0
0 289.0 114.0 12.0 18.0
0 301.0 112.0 12.0 18.0
0 301.0 104.0 14.0 18.0
0 322.0 113.5 14.0 23.0
0 342.0 125.5 18.0 19.0
0 328.0 96.5 14.0 19.0
0 348.0 108.0 16.0 20.0
0 353.0 84.0 12.0 14.0
0 363.0 107.5 14.0 21.0
0 373.5 119.5 15.0 21.0
0 387.0 126.5 18.0 25.0
0 388.5 100.0 15.0 14.0
0 389.5 80.5 13.0 17.0
0 407.5 82.5 15.0 15.0
0 409.0 99.0 16.0 22.0
0 413.0 109.5 18.0 21.0
0 438.5 67.5 11.0 13.0
0 449.0 74.0 12.0 14.0
0 462.5 93.5 13.0 17.0
0 489.5 87.5 15.0 21.0
0 478.5 83.5 13.0 13.0
0 475.5 76.0 11.0 12.0
0 476.0 67.0 10.0 10.0
0 460.5 62.0 11.0 12.0
0 507.0 62.0 12.0 14.0
0 522.5 73.5 11.0 13.0
0 525.5 83.5 13.0 17.0
0 514.0 93.0 16.0 20.0
0 550.0 83.0 12.0 16.0
0 562.5 83.0 15.0 22.0
0 557.0 58.0 12.0 12.0
0 577.5 70.0 13.0 16.0
0 591.5 76.0 13.0 16.0
0 603.0 74.5 14.0 15.0
0 619.5 59.0 11.0 16.0
0 630.0 54.0 10.0 14.0
0 626.5 68.0 13.0 14.0
0 655.5 57.5 11.0 17.0
0 545.5 114.0 19.0 24.0
0 585.5 120.0 21.0 30.0
0 597.0 106.0 16.0 24.0
0 619.5 88.0 15.0 16.0
0 620.0 115.5 16.0 25.0
0 633.5 131.0 21.0 26.0
0 659.0 166.0 26.0 40.0
0 718.0 181.5 26.0 31.0
0 736.0 143.5 20.0 29.0
0 707.5 126.0 17.0 24.0
0 681.5 124.5 19.0 21.0
0 667.0 92.5 14.0 17.0
0 677.5 90.5 13.0 21.0
0 679.5 75.0 13.0 18.0
0 691.0 70.5 12.0 17.0
0 708.0 63.5 12.0 15.0
0 719.0 72.5 12.0 17.0
0 740.0 69.5 10.0 13.0
0 756.5 69.0 11.0 16.0
0 734.0 86.5 12.0 15.0
0 738.0 102.5 16.0 23.0
0 697.0 98.5 14.0 21.0
0 785.0 77.0 12.0 16.0
0 764.5 86.0 13.0 16.0
0 758.0 104.0 14.0 20.0
0 761.5 129.5 21.0 27.0
0 782.0 110.5 18.0 23.0
0 807.0 89.0 14.0 18.0
0 839.5 79.0 11.0 16.0
0 876.0 94.0 10.0 16.0
0 836.0 94.5 12.0 19.0
0 839.5 112.5 15.0 25.0
0 828.0 118.5 16.0 23.0
0 869.0 105.0 14.0 18.0
0 874.0 113.0 14.0 20.0
0 861.5 133.0 17.0 30.0
0 846.5 166.0 21.0 36.0
