0 233.0 214.5 46.0 51.0
0 302.5 161.5 21.0 21.0
0 357.0 172.5 22.0 23.0
0 368.5 156.5 15.0 23.0
0 456.0 173.5 26.0 23.0
0 392.0 131.5 18.0 21.0
0 408.5 137.0 15.0 20.0
0 412.5 122.5 17.0 19.0
0 452.0 135.5 16.0 19.0
0 474.5 141.0 19.0 18.0
0 498.0 134.0 12.0 18.0
0 502.0 119.0 20.0 18.0
0 472.0 117.0 16.0 18.0
0 454.5 111.0 17.0 16.0
0 488.0 102.5 14.0 17.0
0 477.0 100.0 12.0 16.0
0 507.0 101.5 16.0 19.0
0 525.5 106.5 15.0 19.0
0 520.5 81.5 11.0 15.0
0 548.0 89.5 14.0 17.0
0 569.0 127.5 18.0 15.0
0 583.0 102.5 14.0 17.0
0 610.0 102.0 16.0 20.0
0 571.5 84.5 15.0 15.0
0 597.5 77.0 13.0 16.0
0 633.0 68.5 14.0 13.0
0 655.5 74.5 15.0 13.0
0 737.0 65.5 14.0 17.0
0 515.5 199.0 27.0 26.0
0 589.0 189.5 26.0 31.0
0 609.5 155.5 21.0 25.0
0 651.5 156.0 23.0 24.0
0 663.0 129.0 26.0 26.0
0 715.5 125.5 19.0 25.0
0 732.0 195.0 30.0 36.0
0 640.0 210.5 26.0 29.0
0 763.0 128.0 20.0 22.0
0 764.5 172.5 27.0 35.0
0 727.0 101.0 18.0 18.0
0 759.5 90.0 19.0 18.0
0 753.0 113.5 16.0 21.0
0 807.5 118.0 19.0 24.0
0 793.5 101.5 13.0 15.0
0 805.0 93.0 12.0 16.0
0 788.5 80.5 11.0 15.0
0 807.0 65.5 14.0 17.0
0 823.0 82.0 14.0 20.0
0 857.0 86.5 16.0 19.0
0 869.5 81.0 13.0 16.0
0 858.5 115.5 19.0 23.0
0 829.0 193.0 28.0 32.0
0 879.0 101.5 14.0 19.0
0 909.5 112.5 15.0 19.0
0 937.0 139.5 24.0 31.0
0 991.5 170.0 25.0 36.0
0 987.0 113.5 18.0 21.0
0 959.0 91.5 14.0 17.0
0 971.5 83.0 15.0 18.0
0 936.0 83.5 12.0 15.0
0 927.5 93.5 15.0 15.0
0 896.0 87.5 14.0 17.0
0 909.5 91.0 15.0 18.0
0 900.5 49.5 13.0 19.0
