0 228.0 219.5 52.0 57.0
0 308.0 161.0 24.0 24.0
0 358.5 174.0 25.0 26.0
0 373.5 160.5 23.0 25.0
0 378.0 132.0 18.0 24.0
0 410.0 125.0 20.0 20.0
0 416.5 126.5 15.0 15.0
0 462.5 172.5 31.0 29.0
0 474.5 145.0 19.0 20.0
0 452.5 134.0 19.0 24.0
0 456.0 107.0 18.0 18.0
0 475.5 123.0 19.0 22.0
0 502.0 120.0 20.0 20.0
0 479.5 100.5 17.0 19.0
0 502.5 98.0 17.0 18.0
0 534.0 105.5 18.0 21.0
0 531.0 130.0 20.0 22.0
0 521.0 82.5 14.0 13.0
0 556.5 87.0 19.0 24.0
0 580.0 82.5 18.0 19.0
0 598.0 76.5 14.0 13.0
0 607.0 99.5 16.0 23.0
0 591.5 99.5 17.0 19.0
0 620.5 99.5 17.0 21.0
0 565.5 144.5 21.0 25.0
0 633.0 86.0 12.0 18.0
0 634.0 67.5 14.0 15.0
0 658.0 75.0 14.0 12.0
0 652.0 87.5 14.0 19.0
0 740.5 66.5 17.0 23.0
0 514.0 199.5 32.0 33.0
0 585.0 195.0 34.0 38.0
0 608.0 147.5 22.0 27.0
0 654.0 157.5 24.0 29.0
0 661.5 127.0 23.0 28.0
0 641.5 196.0 33.0 38.0
0 708.5 162.5 23.0 29.0
0 718.5 124.5 25.0 29.0
0 730.5 103.0 21.0 26.0
0 764.0 125.5 22.0 27.0
0 764.5 174.5 33.0 35.0
0 762.0 206.5 34.0 39.0
0 828.5 198.0 29.0 38.0
0 753.5 109.5 19.0 21.0
0 760.5 88.5 21.0 25.0
0 787.0 96.0 20.0 22.0
0 802.0 115.5 18.0 23.0
0 806.5 94.0 17.0 22.0
0 789.0 79.0 16.0 20.0
0 808.0 65.5 16.0 17.0
0 821.5 79.0 17.0 20.0
0 849.0 87.5 20.0 23.0
0 871.0 81.5 12.0 19.0
0 860.5 112.0 17.0 26.0
0 877.0 105.5 18.0 19.0
0 908.5 120.0 21.0 26.0
0 937.5 142.5 23.0 27.0
0 953.5 115.5 21.0 23.0
0 987.0 116.0 20.0 28.0
0 935.5 81.5 15.0 17.0
0 1043.0 69.0 18.0 20.0
