0 54.5 197.5 19.0 25.0
0 226.5 134.0 13.0 14.0
0 244.0 136.0 18.0 18.0
0 277.0 125.5 14.0 13.0
0 270.0 115.5 12.0 17.0
0 300.0 126.5 14.0 19.0
0 314.5 130.5 15.0 19.0
0 318.0 152.0 20.0 24.0
0 310.0 113.5 14.0 15.0
0 337.0 110.0 18.0 20.0
0 356.0 137.0 22.0 26.0
0 342.5 96.5 17.0 17.0
0 359.5 104.0 19.0 16.0
0 394.5 114.5 19.0 17.0
0 398.5 96.5 17.0 15.0
0 417.5 117.0 19.0 20.0
0 409.0 76.5 14.0 13.0
0 427.5 99.5 15.0 17.0
0 422.0 87.5 14.0 15.0
0 429.0 71.0 14.0 12.0
0 448.0 99.0 16.0 16.0
0 472.0 109.0 20.0 20.0
0 471.0 84.0 12.0 12.0
0 487.0 82.0 14.0 18.0
0 504.0 76.0 12.0 14.0
0 502.5 61.5 13.0 15.0
0 516.0 84.5 14.0 15.0
0 533.0 74.0 14.0 16.0
0 549.0 76.0 12.0 16.0
0 567.5 71.5 15.0 17.0
0 576.5 62.0 13.0 14.0
0 595.5 61.0 11.0 16.0
0 447.0 153.5 26.0 33.0
0 486.5 126.0 23.0 24.0
0 510.0 149.5 22.0 25.0
0 550.5 153.5 25.0 29.0
0 551.0 125.0 20.0 26.0
0 550.0 104.5 22.0 23.0
0 579.5 104.0 21.0 22.0
0 584.5 146.0 25.0 28.0
0 627.5 136.5 25.0 31.0
0 637.0 115.5 18.0 25.0
0 620.0 93.0 18.0 22.0
0 619.5 74.5 17.0 17.0
0 642.0 85.0 14.0 20.0
0 649.5 101.5 19.0 21.0
0 671.5 122.0 19.0 30.0
0 681.5 108.5 19.0 21.0
0 681.0 87.5 16.0 19.0
0 668.0 70.5 14.0 17.0
0 649.0 60.0 14.0 18.0
0 678.0 67.5 16.0 19.0
0 693.0 86.5 16.0 19.0
0 701.5 76.5 13.0 15.0
0 690.0 146.5 26.0 31.0
0 750.5 162.5 25.0 29.0
0 764.0 121.0 22.0 24.0
0 735.5 106.0 15.0 20.0
0 743.5 80.5 13.0 17.0
0 758.0 82.0 14.0 16.0
0 770.0 99.0 14.0 20.0
0 793.0 110.0 14.0 22.0
0 804.5 118.5 13.0 19.0
0 818.5 129.5 21.0 25.0
0 789.0 85.0 14.0 16.0
0 803.0 96.0 14.0 18.0
