0 171.0 246.0 56.0 56.0
0 273.5 120.0 13.0 18.0
0 293.0 120.0 12.0 16.0
0 316.0 122.0 14.0 14.0
0 312.5 107.5 13.0 15.0
0 334.5 119.0 17.0 12.0
0 339.0 102.0 16.0 20.0
0 360.0 125.5 16.0 19.0
0 366.5 91.0 13.0 14.0
0 375.0 113.0 18.0 20.0
0 393.0 125.0 16.0 22.0
0 403.5 135.0 17.0 22.0
0 395.5 90.5 11.0 17.0
0 413.5 111.0 17.0 18.0
0 421.0 91.0 14.0 14.0
0 429.5 102.0 13.0 20.0
0 449.5 110.0 17.0 22.0
0 472.5 97.5 15.0 17.0
0 502.5 96.5 15.0 15.0
0 463.0 81.0 12.0 16.0
0 482.0 70.0 10.0 14.0
0 536.5 101.0 17.0 20.0
0 571.5 121.5 19.0 29.0
0 612.0 134.0 22.0 22.0
0 664.0 140.0 20.0 30.0
0 669.0 172.5 30.0 33.0
0 727.5 190.0 19.0 30.0
0 762.0 156.0 16.0 26.0
0 877.5 192.5 25.0 33.0
0 696.5 125.5 17.0 23.0
0 518.5 89.0 13.0 20.0
0 527.5 74.0 11.0 18.0
0 550.0 76.0 12.0 18.0
0 563.0 90.5 14.0 15.0
0 576.0 84.5 12.0 17.0
0 614.5 89.0 17.0 14.0
0 634.0 97.5 14.0 19.0
0 750.5 69.0 13.0 18.0
0 664.0 71.5 14.0 15.0
0 684.5 64.0 11.0 16.0
0 687.0 98.5 16.0 19.0
0 703.0 80.5 12.0 15.0
0 712.5 91.0 15.0 20.0
0 730.0 108.5 16.0 21.0
0 769.0 111.5 16.0 21.0
0 763.0 91.5 14.0 21.0
0 775.0 76.5 12.0 17.0
0 794.5 74.0 11.0 16.0
0 799.5 95.0 13.0 18.0
0 797.0 137.0 18.0 24.0
0 807.0 121.5 14.0 23.0
0 863.0 125.0 18.0 26.0
0 895.5 135.5 15.0 25.0
0 822.0 83.5 12.0 19.0
0 834.0 100.5 14.0 21.0
0 843.0 88.0 12.0 16.0
0 869.0 97.5 14.0 19.0
0 900.0 113.5 16.0 21.0
0 906.5 104.0 15.0 18.0
0 661.5 59.0 11.0 16.0
0 613.0 76.0 14.0 14.0
0 620.0 64.5 12.0 15.0
0 571.0 69.0 16.0 14.0
0 821.0 117.5 16.0 17.0
0 743.0 137.0 18.0 22.0
0 487.5 86.0 13.0 16.0
0 403.5 87.0 11.0 14.0
