0 1048.5 179.5 15.0 19.0
0 1069.0 193.5 18.0 23.0
0 1008.5 177.5 15.0 21.0
0 1021.5 197.5 17.0 25.0
0 1020.5 186.0 19.0 20.0
0 1120.0 216.0 16.0 22.0
0 1083.5 232.5 23.0 27.0
0 1050.5 226.5 21.0 29.0
0 1038.0 234.5 26.0 31.0
0 1012.0 223.5 22.0 25.0
0 1110.0 251.5 18.0 31.0
0 1122.5 195.5 15.0 19.0
0 1022.0 253.0 24.0 40.0
0 1092.5 340.0 33.0 48.0
0 1012.0 329.0 34.0 42.0
0 971.0 365.0 32.0 48.0
0 921.5 305.5 25.0 43.0
0 966.5 249.5 23.0 33.0
0 977.5 237.0 27.0 30.0
0 981.0 210.0 22.0 26.0
0 977.0 186.5 20.0 25.0
0 963.5 168.0 19.0 20.0
0 930.5 167.0 17.0 20.0
0 925.0 192.5 20.0 27.0
0 892.5 161.5 17.0 19.0
0 909.0 182.0 18.0 20.0
0 871.0 173.5 18.0 23.0
0 886.5 179.5 17.0 29.0
0 904.5 207.0 23.0 28.0
0 845.5 209.5 21.0 27.0
0 841.0 174.0 18.0 24.0
0 827.0 152.5 18.0 19.0
0 721.5 141.5 15.0 19.0
0 757.5 155.5 15.0 21.0
0 785.0 151.0 14.0 18.0
0 803.5 158.5 15.0 21.0
0 792.0 196.5 16.0 25.0
0 763.0 175.5 16.0 23.0
0 713.0 157.5 16.0 21.0
0 740.0 152.5 18.0 23.0
0 710.5 174.5 17.0 23.0
0 748.0 212.5 20.0 27.0
0 807.0 223.5 24.0 27.0
0 665.5 151.5 13.0 17.0
0 675.5 150.0 11.0 10.0
0 687.5 182.5 15.0 25.0
0 649.0 170.5 16.0 23.0
0 651.5 195.5 19.0 27.0
0 548.5 165.5 13.0 17.0
0 538.5 172.5 13.0 15.0
0 611.0 192.0 18.0 24.0
0 596.5 188.5 17.0 21.0
0 607.5 174.5 15.0 15.0
0 452.5 183.5 13.0 21.0
0 498.0 175.5 14.0 17.0
0 538.0 187.5 16.0 19.0
0 506.0 190.0 16.0 20.0
0 472.5 194.5 15.0 21.0
0 473.0 210.0 18.0 22.0
0 479.5 230.5 19.0 25.0
0 405.0 209.0 18.0 24.0
0 405.0 231.5 20.0 23.0
0 444.0 242.5 22.0 27.0
0 325.5 218.0 19.0 22.0
0 256.5 234.5 17.0 23.0
0 290.5 253.5 21.0 31.0
0 331.5 254.0 27.0 32.0
0 365.0 272.0 28.0 26.0
0 521.0 250.0 24.0 24.0
0 505.5 220.0 23.0 30.0
0 545.5 220.0 25.0 26.0
0 588.5 229.0 19.0 22.0
0 546.0 283.5 32.0 41.0
0 622.5 266.0 25.0 36.0
0 616.5 309.0 33.0 42.0
0 672.0 278.0 32.0 30.0
0 694.5 314.5 33.0 53.0
0 748.5 337.0 41.0 44.0
0 834.0 381.5 42.0 51.0
0 787.5 256.0 29.0 34.0
0 815.0 260.0 28.0 32.0
0 853.5 279.0 31.0 38.0
0 707.0 233.5 26.0 31.0
0 760.0 250.5 26.0 33.0
0 152.0 381.5 48.0 55.0
