0 188.0 265.5 52.0 53.0
0 298.0 148.5 18.0 19.0
0 313.5 141.5 17.0 17.0
0 316.0 159.0 20.0 20.0
0 365.5 168.5 23.0 25.0
0 398.5 167.5 21.0 23.0
0 378.5 134.5 15.0 19.0
0 409.0 131.0 18.0 22.0
0 408.5 109.0 17.0 18.0
0 433.5 113.5 15.0 17.0
0 442.0 96.5 14.0 15.0
0 452.5 105.0 17.0 18.0
0 460.0 138.5 22.0 25.0
0 498.0 140.5 24.0 25.0
0 479.5 111.0 15.0 22.0
0 494.0 112.5 20.0 19.0
0 520.5 119.0 23.0 22.0
0 512.0 97.5 18.0 17.0
0 506.0 81.0 14.0 18.0
0 527.5 95.5 15.0 19.0
0 560.0 121.0 22.0 28.0
0 550.0 93.5 14.0 21.0
0 546.5 75.5 15.0 15.0
0 564.5 101.5 17.0 19.0
0 582.5 99.5 15.0 23.0
0 594.0 72.0 12.0 16.0
0 602.5 77.0 15.0 18.0
0 617.5 98.0 19.0 22.0
0 627.0 82.0 16.0 20.0
0 624.5 69.0 15.0 14.0
0 639.0 61.5 14.0 15.0
0 657.5 88.0 17.0 20.0
0 667.5 59.5 11.0 13.0
0 674.5 62.5 13.0 13.0
0 684.5 74.0 13.0 16.0
0 700.0 77.5 14.0 15.0
0 709.0 62.0 14.0 18.0
0 750.0 59.5 14.0 17.0
0 530.5 180.0 29.0 32.0
0 603.5 182.0 25.0 30.0
0 602.5 152.5 23.0 27.0
0 663.5 121.0 21.0 26.0
0 669.5 145.0 25.0 26.0
0 650.5 193.5 31.0 35.0
0 706.5 128.5 23.0 27.0
0 708.5 107.0 23.0 26.0
0 738.0 89.5 16.0 19.0
0 757.5 102.5 21.0 21.0
0 781.5 116.5 23.0 27.0
0 758.0 141.5 20.0 23.0
0 786.5 150.0 27.0 34.0
0 741.5 186.5 35.0 35.0
0 800.5 196.0 39.0 42.0
0 779.0 95.0 18.0 18.0
0 797.5 88.5 15.0 17.0
0 804.0 73.5 14.0 15.0
0 820.5 86.0 17.0 22.0
0 829.5 117.0 23.0 28.0
0 809.0 127.5 24.0 31.0
0 842.0 157.0 24.0 30.0
0 869.0 142.5 22.0 29.0
0 891.5 114.0 19.0 22.0
0 862.0 89.5 16.0 19.0
0 889.5 87.5 15.0 19.0
0 903.5 70.5 15.0 21.0
0 922.5 75.0 13.0 16.0
0 910.0 100.5 16.0 21.0
0 918.0 89.5 14.0 15.0
0 947.5 121.5 17.0 23.0
0 952.0 98.5 16.0 21.0
0 964.0 99.0 16.0 20.0
0 967.5 80.5 15.0 17.0
0 984.5 89.0 15.0 16.0
0 991.5 125.0 17.0 22.0
0 991.5 153.5 17.0 25.0
0 989.5 186.0 29.0 38.0
0 961.5 212.0 33.0 42.0
0 854.5 247.0 39.0 52.0
0 908.5 171.5 25.0 29.0
0 922.0 151.5 24.0 25.0
