0 26.0 277.0 32.0 28.0
0 330.5 190.5 21.0 27.0
0 351.0 187.5 28.0 31.0
0 382.0 188.5 24.0 25.0
0 405.5 198.5 31.0 27.0
0 424.5 151.5 21.0 19.0
0 433.0 157.5 22.0 29.0
0 491.5 179.0 27.0 30.0
0 529.0 193.0 30.0 34.0
0 512.0 159.0 24.0 28.0
0 498.5 133.0 19.0 18.0
0 517.5 126.5 17.0 15.0
0 536.0 127.5 20.0 21.0
0 549.5 115.0 21.0 18.0
0 586.0 101.0 16.0 18.0
0 587.0 112.5 22.0 21.0
0 614.5 97.0 15.0 18.0
0 624.5 93.5 17.0 17.0
0 652.0 100.5 16.0 21.0
0 658.0 94.5 16.0 17.0
0 690.5 104.5 19.0 25.0
0 739.5 81.5 17.0 21.0
0 812.0 82.5 18.0 19.0
0 837.0 81.0 16.0 18.0
0 780.5 103.5 21.0 21.0
0 815.5 118.0 25.0 28.0
0 737.5 117.5 21.0 21.0
0 710.0 115.0 16.0 18.0
0 687.5 136.0 21.0 26.0
0 637.0 134.5 24.0 23.0
0 605.0 137.0 20.0 18.0
0 595.5 163.5 25.0 29.0
0 562.5 158.5 25.0 23.0
0 963.0 87.0 16.0 18.0
0 940.5 103.0 19.0 22.0
0 923.5 111.5 17.0 17.0
0 882.5 112.0 19.0 20.0
0 893.0 122.5 22.0 27.0
0 929.5 134.5 23.0 27.0
0 959.0 117.5 24.0 21.0
0 1010.0 98.0 20.0 22.0
0 1019.0 122.5 22.0 27.0
0 1039.5 112.5 19.0 27.0
0 1053.5 105.0 17.0 24.0
0 1090.0 101.0 20.0 20.0
0 1060.0 131.0 22.0 24.0
0 1095.0 147.0 20.0 28.0
0 1111.5 142.5 15.0 23.0
0 1034.0 150.5 20.0 25.0
0 1047.5 165.0 25.0 30.0
0 1096.0 175.0 24.0 28.0
0 1141.0 191.5 26.0 37.0
0 1091.5 214.0 27.0 32.0
0 989.5 206.5 29.0 47.0
0 981.0 149.0 24.0 30.0
0 950.5 162.0 27.0 30.0
0 894.0 154.0 26.0 26.0
0 821.0 155.0 28.0 24.0
0 768.0 147.0 28.0 28.0
0 765.5 171.0 29.0 32.0
0 823.5 182.5 29.0 33.0
0 884.5 218.5 35.0 45.0
0 901.5 203.0 31.0 40.0
0 931.5 257.0 41.0 46.0
0 709.0 177.5 24.0 33.0
0 688.5 215.0 33.0 36.0
0 631.5 213.5 29.0 33.0
0 830.0 252.5 54.0 59.0
