0 512.0 215.5 28.0 31.0
0 442.0 185.5 22.0 23.0
0 430.5 162.0 21.0 22.0
0 395.0 165.0 18.0 22.0
0 503.5 144.0 21.0 26.0
0 553.5 179.0 29.0 26.0
0 529.5 159.0 21.0 24.0
0 608.0 147.5 24.0 29.0
0 592.0 117.0 20.0 24.0
0 661.0 140.0 24.0 26.0
0 661.0 109.0 18.0 20.0
0 708.5 126.0 21.0 22.0
0 708.5 103.0 17.0 22.0
0 740.0 108.5 18.0 23.0
0 742.0 48.5 18.0 21.0
0 694.5 211.0 31.0 28.0
0 737.0 179.5 30.0 31.0
0 821.5 187.0 29.0 36.0
0 838.5 150.0 21.0 26.0
0 833.0 124.0 20.0 18.0
0 882.0 181.0 30.0 26.0
0 924.5 189.5 31.0 35.0
0 950.5 162.0 21.0 28.0
0 1006.5 196.0 33.0 36.0
0 1026.0 169.5 24.0 31.0
0 976.0 143.5 18.0 23.0
0 955.0 127.5 20.0 23.0
0 920.0 117.0 22.0 26.0
0 965.0 91.5 14.0 23.0
0 1009.5 93.0 15.0 24.0
0 1046.5 63.0 19.0 22.0
0 1014.0 123.5 16.0 23.0
0 1063.0 135.0 14.0 24.0
0 1041.0 155.0 20.0 24.0
0 1089.5 163.0 19.0 36.0
0 1103.0 157.5 18.0 31.0
0 1092.5 102.0 15.0 24.0
0 1171.5 70.0 13.0 20.0
0 1131.0 194.0 38.0 46.0
