0 205.0 114.5 10.0 9.0
0 214.5 111.0 11.0 12.0
0 227.0 114.5 14.0 15.0
0 261.5 106.0 17.0 20.0
0 304.0 115.0 12.0 14.0
0 298.5 97.0 11.0 10.0
0 281.5 86.0 13.0 12.0
0 308.0 87.5 14.0 11.0
0 336.5 98.5 11.0 15.0
0 360.5 96.5 13.0 17.0
0 344.0 82.0 12.0 14.0
0 331.5 73.0 9.0 10.0
0 321.0 71.5 10.0 11.0
0 347.5 67.5 9.0 9.0
0 378.0 90.5 10.0 11.0
0 366.5 81.5 7.0 11.0
0 376.5 73.0 9.0 12.0
0 395.0 73.5 10.0 15.0
0 405.5 86.0 13.0 16.0
0 397.0 57.0 8.0 8.0
0 406.5 58.5 9.0 7.0
0 448.5 61.0 9.0 10.0
0 435.0 57.0 10.0 10.0
0 429.0 48.5 8.0 7.0
0 458.0 46.0 8.0 10.0
0 475.5 43.5 9.0 11.0
0 495.5 43.0 9.0 10.0
0 514.5 47.5 7.0 9.0
0 542.0 45.5 8.0 13.0
0 495.0 59.5 10.0 9.0
0 465.5 67.5 13.0 13.0
0 426.0 75.0 10.0 10.0
0 385.5 125.0 15.0 20.0
0 412.0 146.0 20.0 22.0
0 429.5 113.0 13.0 18.0
0 485.0 107.5 16.0 21.0
0 482.5 89.0 11.0 14.0
0 510.0 97.0 12.0 14.0
0 509.5 76.5 11.0 15.0
0 535.0 77.5 12.0 15.0
0 523.0 70.5 8.0 15.0
0 567.5 49.5 9.0 11.0
0 574.0 65.5 10.0 11.0
0 591.5 58.0 11.0 14.0
0 600.5 72.5 11.0 11.0
0 591.0 93.0 12.0 16.0
0 565.0 82.0 14.0 14.0
0 561.0 106.0 14.0 20.0
0 529.5 134.0 17.0 20.0
0 463.0 144.0 22.0 20.0
0 578.0 144.5 20.0 23.0
0 599.0 120.0 16.0 22.0
0 624.0 103.5 12.0 15.0
0 607.5 88.5 11.0 13.0
0 629.0 71.5 10.0 13.0
0 639.5 60.5 9.0 11.0
0 660.0 59.5 8.0 9.0
0 669.5 58.0 7.0 10.0
0 661.0 73.5 10.0 13.0
0 637.5 92.5 13.0 17.0
0 644.5 133.5 17.0 21.0
0 607.0 177.0 24.0 30.0
0 682.0 151.0 18.0 30.0
0 704.5 131.5 13.0 19.0
0 674.5 93.0 11.0 14.0
0 686.0 74.5 8.0 13.0
0 693.0 61.5 8.0 9.0
0 714.5 68.5 9.0 11.0
0 705.5 86.5 11.0 17.0
0 707.0 110.0 10.0 10.0
0 665.0 113.0 16.0 22.0
