0 296.0 146.0 20.0 22.0
0 316.0 142.0 20.0 20.0
0 315.0 157.5 18.0 25.0
0 383.0 153.5 20.0 25.0
0 406.5 163.5 17.0 25.0
0 410.0 133.5 18.0 19.0
0 402.5 118.0 17.0 18.0
0 393.0 111.0 20.0 20.0
0 431.0 98.0 14.0 18.0
0 451.0 104.5 18.0 17.0
0 461.5 95.0 13.0 18.0
0 470.0 88.5 16.0 15.0
0 498.0 90.0 18.0 16.0
0 512.0 104.0 18.0 26.0
0 485.5 119.5 27.0 33.0
0 467.0 136.0 20.0 22.0
0 535.5 107.5 17.0 23.0
0 559.5 118.5 23.0 23.0
0 548.0 92.0 20.0 22.0
0 541.0 71.0 16.0 20.0
0 579.0 69.5 16.0 21.0
0 579.0 100.0 20.0 24.0
0 600.0 105.5 18.0 21.0
0 603.5 78.5 15.0 17.0
0 599.0 65.5 10.0 13.0
0 622.0 81.0 14.0 16.0
0 629.5 71.0 19.0 16.0
0 625.5 58.5 15.0 13.0
0 646.5 93.0 21.0 20.0
0 650.5 81.0 13.0 14.0
0 655.5 56.5 13.0 15.0
0 680.0 57.0 12.0 16.0
0 689.0 64.5 14.0 19.0
0 697.5 74.5 15.0 17.0
0 697.0 97.0 24.0 28.0
0 708.5 62.5 11.0 15.0
0 742.5 58.5 15.0 17.0
0 723.5 94.0 21.0 24.0
0 740.0 105.0 22.0 24.0
0 718.0 119.0 20.0 26.0
0 673.5 117.5 23.0 23.0
0 666.0 148.0 30.0 32.0
0 593.5 153.0 31.0 28.0
0 529.5 182.0 37.0 32.0
0 573.5 199.0 33.0 36.0
0 646.0 191.5 34.0 37.0
0 720.0 174.5 34.0 37.0
0 762.5 150.5 25.0 33.0
0 792.5 199.5 39.0 41.0
0 853.0 223.5 42.0 41.0
0 959.0 211.5 38.0 49.0
0 831.0 157.5 36.0 37.0
0 894.0 181.0 32.0 36.0
0 863.0 140.5 24.0 31.0
0 833.0 121.0 22.0 28.0
0 805.0 125.5 24.0 29.0
0 777.0 110.5 24.0 27.0
0 773.0 135.5 26.0 31.0
0 777.5 69.0 17.0 20.0
0 801.0 75.5 18.0 25.0
0 816.0 76.0 18.0 20.0
0 836.0 87.5 20.0 27.0
0 865.0 89.5 18.0 23.0
0 891.0 80.5 12.0 19.0
0 893.0 68.0 16.0 18.0
0 911.0 97.5 20.0 27.0
0 886.5 121.5 27.0 31.0
0 918.0 147.0 28.0 34.0
0 978.5 165.5 31.0 35.0
0 984.5 142.0 19.0 26.0
0 986.0 122.0 16.0 22.0
0 941.5 117.5 17.0 23.0
0 929.5 109.0 13.0 20.0
0 922.0 83.5 14.0 17.0
0 928.5 72.5 15.0 17.0
0 951.0 80.5 12.0 17.0
0 958.5 90.5 21.0 23.0
0 948.0 100.0 18.0 20.0
0 989.0 87.5 16.0 19.0
