0 67.5 263.5 35.0 45.0
0 272.5 171.0 19.0 20.0
0 310.0 158.0 18.0 20.0
0 321.0 154.5 20.0 21.0
0 341.5 132.0 17.0 20.0
0 364.5 131.5 15.0 21.0
0 388.0 131.5 18.0 17.0
0 339.5 166.0 19.0 22.0
0 360.0 171.5 22.0 21.0
0 425.5 178.5 25.0 27.0
0 405.0 138.5 18.0 21.0
0 417.5 118.5 17.0 19.0
0 433.0 105.5 14.0 15.0
0 450.5 111.0 17.0 18.0
0 477.0 88.0 12.0 12.0
0 483.0 95.5 14.0 15.0
0 476.5 113.0 19.0 16.0
0 442.0 134.5 20.0 19.0
0 454.5 146.0 25.0 24.0
0 510.5 137.5 23.0 23.0
0 519.0 124.0 16.0 16.0
0 503.5 97.0 17.0 22.0
0 513.5 83.0 13.0 12.0
0 529.0 92.0 16.0 14.0
0 549.0 94.0 16.0 18.0
0 569.0 82.0 16.0 14.0
0 574.0 121.5 18.0 21.0
0 588.0 96.5 16.0 19.0
0 612.0 100.0 18.0 20.0
0 607.0 68.0 14.0 16.0
0 624.0 83.5 16.0 17.0
0 645.0 95.0 16.0 18.0
0 631.5 60.5 13.0 15.0
0 652.5 71.0 13.0 16.0
0 655.5 60.5 11.0 11.0
0 674.5 75.5 13.0 15.0
0 679.5 63.5 13.0 13.0
0 714.5 74.0 17.0 18.0
0 735.0 61.0 14.0 16.0
0 523.0 175.0 26.0 28.0
0 601.5 170.5 25.0 29.0
0 650.0 197.5 22.0 31.0
0 700.5 230.0 31.0 32.0
0 643.5 151.5 23.0 25.0
0 649.0 126.0 20.0 22.0
0 686.0 108.5 20.0 21.0
0 709.5 122.5 17.0 21.0
0 718.5 147.5 19.0 25.0
0 732.0 111.5 18.0 19.0
0 742.5 132.0 21.0 26.0
0 762.5 169.5 23.0 29.0
0 821.5 169.0 27.0 30.0
0 811.5 137.0 21.0 24.0
0 792.0 111.5 16.0 19.0
0 776.0 98.5 12.0 15.0
0 756.5 87.0 19.0 20.0
0 786.0 75.0 12.0 18.0
0 795.0 67.0 14.0 16.0
0 802.5 86.5 13.0 15.0
0 809.5 97.0 13.0 16.0
0 814.5 83.0 13.0 16.0
0 831.5 70.0 13.0 16.0
0 852.0 83.5 14.0 21.0
0 866.0 76.0 12.0 16.0
0 876.0 97.0 12.0 20.0
0 883.5 85.0 15.0 18.0
0 844.0 113.0 16.0 24.0
0 897.0 116.0 18.0 26.0
0 915.0 92.5 16.0 19.0
0 923.0 88.0 14.0 18.0
0 929.5 79.5 15.0 17.0
0 956.0 78.5 14.0 17.0
0 952.0 101.5 20.0 23.0
0 933.0 115.0 20.0 22.0
0 927.5 138.0 19.0 28.0
0 985.0 160.0 20.0 28.0
0 990.5 91.0 15.0 20.0
