0 138.0 369.5 50.0 49.0
0 249.0 241.5 24.0 27.0
0 291.0 252.5 22.0 31.0
0 324.0 217.0 18.0 24.0
0 336.5 251.5 23.0 29.0
0 371.0 261.0 24.0 32.0
0 399.5 238.0 25.0 24.0
0 405.5 208.0 17.0 16.0
0 443.0 237.0 20.0 24.0
0 473.5 240.5 27.0 21.0
0 448.5 193.5 17.0 21.0
0 500.5 172.0 15.0 16.0
0 515.5 182.5 17.0 23.0
0 526.5 236.0 25.0 28.0
0 541.0 222.0 20.0 24.0
0 538.5 172.0 17.0 16.0
0 594.5 222.0 19.0 30.0
0 547.0 292.5 32.0 39.0
0 595.5 184.5 17.0 23.0
0 606.5 196.0 17.0 24.0
0 619.5 176.5 17.0 21.0
0 643.5 169.5 15.0 21.0
0 659.0 155.5 18.0 17.0
0 677.0 149.0 20.0 16.0
0 720.0 142.5 14.0 17.0
0 676.0 195.0 18.0 26.0
0 711.0 176.0 14.0 24.0
0 754.5 155.0 17.0 18.0
0 757.0 174.5 18.0 23.0
0 782.5 152.0 17.0 18.0
0 801.5 159.0 17.0 20.0
0 826.0 153.5 16.0 19.0
0 614.5 305.5 33.0 43.0
0 635.5 249.0 29.0 34.0
0 690.5 319.0 39.0 44.0
0 691.0 275.5 28.0 35.0
0 706.0 233.0 26.0 30.0
0 751.0 216.5 20.0 27.0
0 789.5 197.0 17.0 22.0
0 833.0 179.0 16.0 24.0
0 811.0 222.5 28.0 25.0
0 844.0 207.5 22.0 27.0
0 779.0 259.0 24.0 36.0
0 812.5 255.5 23.0 31.0
0 756.0 333.0 38.0 46.0
0 848.5 286.0 31.0 42.0
0 828.5 385.0 43.0 50.0
0 921.0 307.0 34.0 40.0
0 871.5 173.5 17.0 19.0
0 904.0 157.5 18.0 21.0
0 907.5 181.5 19.0 25.0
0 926.5 195.5 21.0 27.0
0 931.0 170.0 14.0 24.0
0 951.0 170.5 16.0 23.0
0 979.5 191.0 17.0 22.0
0 1004.0 177.0 14.0 26.0
0 970.0 208.0 18.0 24.0
0 997.0 216.0 20.0 24.0
0 986.0 235.5 22.0 29.0
0 966.5 251.5 25.0 35.0
0 1024.0 259.5 22.0 33.0
0 1013.0 317.0 30.0 42.0
0 977.0 346.5 32.0 41.0
0 1089.0 328.5 32.0 43.0
0 1046.5 247.0 23.0 32.0
0 1017.5 192.5 17.0 27.0
0 1045.0 181.0 14.0 26.0
0 1067.0 195.5 20.0 29.0
0 1084.5 226.0 21.0 26.0
0 1118.0 256.0 22.0 36.0
0 1114.0 214.0 18.0 26.0
0 1119.5 195.5 15.0 17.0
0 1088.0 309.0 32.0 26.0
0 686.0 181.5 16.0 25.0
0 471.0 212.5 16.0 21.0
0 506.5 216.0 19.0 22.0
0 470.0 197.0 16.0 18.0
0 1056.0 219.0 18.0 30.0
