0 64.5 231.0 35.0 42.0
0 333.0 138.5 20.0 21.0
0 606.0 75.0 16.0 18.0
0 828.5 76.0 19.0 26.0
0 884.5 78.5 19.0 21.0
0 393.0 116.5 22.0 25.0
0 354.0 135.0 18.0 20.0
0 412.5 118.0 21.0 16.0
0 452.0 108.5 20.0 21.0
0 379.5 144.5 31.0 31.0
0 412.5 155.5 25.0 29.0
0 461.5 138.5 23.0 29.0
0 473.5 112.5 21.0 25.0
0 501.0 139.5 22.0 27.0
0 540.0 186.5 24.0 25.0
0 543.5 111.5 21.0 23.0
0 565.0 90.0 20.0 22.0
0 590.5 100.0 27.0 30.0
0 601.0 129.0 24.0 26.0
0 627.5 100.0 31.0 28.0
0 631.5 76.0 17.0 24.0
0 656.0 85.5 24.0 25.0
0 666.0 124.5 22.0 27.0
0 593.0 187.5 26.0 33.0
0 643.0 200.5 32.0 37.0
0 645.0 153.0 28.0 36.0
0 718.5 156.0 27.0 26.0
0 696.0 118.0 22.0 24.0
0 716.5 133.0 23.0 26.0
0 755.0 127.0 26.0 32.0
0 782.5 94.0 25.0 32.0
0 758.0 92.0 22.0 26.0
0 770.0 165.0 28.0 34.0
0 821.0 161.5 44.0 37.0
0 818.0 132.5 28.0 27.0
0 838.5 119.5 33.0 31.0
0 863.5 90.5 21.0 25.0
0 915.5 101.0 19.0 22.0
0 886.0 131.0 18.0 26.0
0 945.5 118.0 21.0 26.0
0 917.5 150.5 27.0 31.0
0 897.5 188.0 27.0 46.0
0 952.0 226.5 36.0 47.0
0 985.0 141.0 26.0 30.0
0 742.5 97.0 17.0 22.0
0 620.5 85.5 23.0 21.0
0 822.5 98.0 23.0 28.0
0 839.0 93.5 20.0 29.0
0 428.0 131.0 20.0 22.0
0 564.0 126.0 22.0 28.0
0 789.0 123.0 24.0 30.0
0 953.5 103.5 13.0 19.0
0 978.0 159.0 22.0 32.0
0 903.5 105.0 21.0 24.0
