0 363.5 123.0 17.0 14.0
0 363.0 144.5 20.0 19.0
0 426.5 146.5 21.0 25.0
0 442.0 130.0 18.0 18.0
0 465.0 130.0 18.0 22.0
0 521.0 126.0 20.0 22.0
0 493.0 76.5 12.0 15.0
0 524.5 74.5 13.0 17.0
0 540.5 85.5 13.0 13.0
0 541.5 100.0 21.0 20.0
0 572.0 120.5 18.0 23.0
0 616.0 101.5 18.0 23.0
0 600.0 70.5 14.0 15.0
0 636.5 74.0 15.0 18.0
0 659.5 82.0 15.0 14.0
0 726.5 37.0 11.0 12.0
0 779.5 34.5 13.0 15.0
0 709.5 110.5 15.0 21.0
0 771.5 106.0 19.0 20.0
0 611.0 145.5 24.0 27.0
0 675.5 145.0 21.0 24.0
0 671.0 134.0 22.0 24.0
0 711.5 160.5 27.0 25.0
0 768.5 170.5 25.0 35.0
0 803.5 157.5 21.0 25.0
0 856.5 172.0 25.0 34.0
0 885.0 135.0 20.0 24.0
0 893.0 115.0 16.0 18.0
0 900.0 188.0 24.0 32.0
0 914.5 167.5 21.0 29.0
0 942.5 132.5 15.0 25.0
0 982.5 142.5 17.0 19.0
0 973.5 167.5 19.0 29.0
0 964.0 208.5 22.0 35.0
0 983.5 164.0 19.0 20.0
