0 133.5 328.0 63.0 68.0
0 272.0 153.0 24.0 32.0
0 283.5 161.0 27.0 26.0
0 342.0 136.5 24.0 27.0
0 376.5 134.5 23.0 27.0
0 384.0 119.0 28.0 24.0
0 412.5 128.5 21.0 31.0
0 425.5 130.5 19.0 27.0
0 452.0 152.0 26.0 30.0
0 450.0 111.0 22.0 24.0
0 483.0 106.5 24.0 19.0
0 487.5 136.5 21.0 23.0
0 539.5 173.5 29.0 29.0
0 517.5 99.0 17.0 22.0
0 533.5 108.0 23.0 26.0
0 585.5 137.0 27.0 26.0
0 563.5 91.5 21.0 19.0
0 578.5 90.5 19.0 23.0
0 596.0 94.0 22.0 26.0
0 610.0 80.0 18.0 22.0
0 635.0 92.0 22.0 30.0
0 621.5 112.0 21.0 24.0
0 656.5 130.0 21.0 30.0
0 661.5 94.0 19.0 24.0
0 682.5 75.0 19.0 22.0
0 694.0 83.5 18.0 21.0
0 713.0 112.5 20.0 25.0
0 750.5 122.5 23.0 27.0
0 756.5 100.0 21.0 22.0
0 751.5 82.5 17.0 19.0
0 739.0 69.5 20.0 21.0
0 711.0 74.5 18.0 21.0
0 721.0 93.5 22.0 23.0
0 782.5 71.5 19.0 23.0
0 811.5 78.5 19.0 23.0
0 819.0 70.0 18.0 22.0
0 815.5 102.5 19.0 23.0
0 853.5 85.0 17.0 24.0
0 857.5 74.0 17.0 20.0
0 876.5 87.5 19.0 23.0
0 860.0 122.0 22.0 26.0
0 815.0 143.5 34.0 33.0
0 757.0 162.0 36.0 36.0
0 712.0 193.5 36.0 37.0
0 753.5 220.0 37.0 38.0
0 818.5 230.0 41.0 40.0
0 898.0 229.0 38.0 38.0
0 887.0 160.5 30.0 41.0
0 920.5 133.5 25.0 25.0
0 905.5 127.5 21.0 23.0
0 934.0 110.5 20.0 21.0
0 953.0 102.0 18.0 26.0
0 964.5 113.5 21.0 23.0
0 988.0 137.0 22.0 26.0
0 933.5 169.0 29.0 34.0
0 994.0 179.5 28.0 33.0
0 1016.5 127.5 21.0 25.0
0 1005.0 109.0 20.0 24.0
0 1031.0 120.0 20.0 24.0
0 986.5 270.5 39.0 55.0
0 1068.5 291.5 39.0 59.0
0 1088.5 234.0 33.0 40.0
0 1070.5 199.0 23.0 32.0
0 1080.0 179.5 24.0 27.0
0 1107.0 160.0 22.0 30.0
0 1122.0 145.0 18.0 18.0
0 1116.5 126.5 17.0 19.0
0 1088.0 135.0 20.0 24.0
0 1069.0 134.0 22.0 26.0
0 1154.0 150.5 16.0 25.0
0 1183.0 140.5 16.0 21.0
0 1150.0 190.5 26.0 29.0
0 1177.5 255.5 31.0 47.0
0 1182.0 220.0 26.0 36.0
0 1210.5 207.0 23.0 32.0
0 1211.5 179.0 19.0 28.0
0 1218.0 146.5 14.0 27.0
