0 133.5 372.0 51.0 46.0
0 242.0 240.0 18.0 18.0
0 283.5 255.5 23.0 25.0
0 327.5 257.0 21.0 26.0
0 316.5 220.5 21.0 21.0
0 376.0 251.5 24.0 27.0
0 395.5 240.0 19.0 22.0
0 434.0 236.5 18.0 21.0
0 397.0 209.5 16.0 19.0
0 463.0 241.0 22.0 24.0
0 517.0 239.5 22.0 25.0
0 462.5 212.0 17.0 16.0
0 440.5 193.5 15.0 15.0
0 462.0 195.0 14.0 14.0
0 490.5 198.5 13.0 19.0
0 489.0 177.5 16.0 17.0
0 507.5 183.0 15.0 18.0
0 540.0 194.0 18.0 20.0
0 527.5 171.0 15.0 16.0
0 538.0 164.0 14.0 14.0
0 598.0 194.5 20.0 21.0
0 585.0 227.5 20.0 21.0
0 536.0 221.0 18.0 20.0
0 499.5 218.5 19.0 19.0
0 596.5 169.0 17.0 20.0
0 615.0 176.0 14.0 18.0
0 633.0 173.5 16.0 21.0
0 668.5 196.5 15.0 23.0
0 650.0 159.0 16.0 20.0
0 670.5 150.0 15.0 16.0
0 676.0 181.0 14.0 20.0
0 684.0 172.0 12.0 14.0
0 701.0 175.0 14.0 20.0
0 705.0 159.5 14.0 17.0
0 711.5 143.0 15.0 16.0
0 730.0 150.5 16.0 15.0
0 747.5 156.0 13.0 18.0
0 747.0 175.5 18.0 19.0
0 778.0 167.5 16.0 19.0
0 773.5 150.0 11.0 14.0
0 791.0 159.0 14.0 22.0
0 818.0 152.5 12.0 19.0
0 536.0 294.0 34.0 38.0
0 627.0 248.5 30.0 33.0
0 606.5 312.0 33.0 32.0
0 685.0 320.0 38.0 38.0
0 683.5 277.5 31.0 27.0
0 698.0 237.5 22.0 27.0
0 752.5 243.0 21.0 26.0
0 771.0 264.0 28.0 32.0
0 806.0 258.0 24.0 26.0
0 746.5 339.5 35.0 41.0
0 823.5 384.0 35.0 42.0
0 958.5 340.0 31.0 36.0
0 911.0 307.5 30.0 33.0
0 841.5 291.5 37.0 35.0
0 800.5 223.5 25.0 23.0
0 742.5 219.0 23.0 18.0
0 781.5 195.5 21.0 23.0
0 823.5 179.0 17.0 20.0
0 869.5 184.0 17.0 20.0
0 862.0 171.0 16.0 16.0
0 835.0 210.0 24.0 24.0
0 897.5 182.5 15.0 17.0
0 894.0 160.5 18.0 21.0
0 920.5 170.5 15.0 19.0
0 911.5 197.5 17.0 21.0
0 944.0 171.5 16.0 19.0
0 970.0 192.0 18.0 22.0
0 960.0 207.0 16.0 20.0
0 956.5 254.0 23.0 34.0
0 965.0 236.0 22.0 28.0
0 988.5 219.0 19.0 24.0
0 1010.0 197.0 18.0 20.0
0 996.0 179.0 14.0 20.0
0 1021.5 192.5 13.0 25.0
0 1033.5 181.5 13.0 21.0
0 1058.0 195.0 16.0 22.0
0 1054.0 227.0 16.0 24.0
0 1015.0 263.0 24.0 30.0
0 1015.5 241.5 23.0 23.0
0 1075.5 229.0 21.0 26.0
0 1110.0 258.5 20.0 25.0
0 1076.0 328.5 22.0 35.0
0 1000.0 327.0 36.0 40.0
0 1110.0 214.0 16.0 14.0
0 1108.5 195.0 13.0 18.0
