0 211.0 200.0 34.0 30.0
0 344.0 187.5 26.0 27.0
0 359.0 182.0 24.0 24.0
0 393.0 159.0 24.0 26.0
0 427.5 154.5 23.0 25.0
0 410.0 184.5 32.0 27.0
0 401.5 211.0 27.0 28.0
0 394.5 187.5 23.0 25.0
0 459.0 197.0 30.0 32.0
0 481.5 217.5 31.0 33.0
0 500.0 144.5 28.0 29.0
0 521.5 130.0 19.0 28.0
0 525.5 160.5 31.0 29.0
0 558.0 151.5 28.0 33.0
0 606.0 160.0 32.0 30.0
0 589.5 117.0 19.0 26.0
0 580.0 108.5 22.0 21.0
0 601.5 100.5 17.0 23.0
0 676.0 139.0 26.0 30.0
0 668.0 107.5 26.0 27.0
0 712.0 103.5 20.0 23.0
0 740.0 117.0 24.0 26.0
0 778.5 108.0 21.0 24.0
0 781.5 98.0 21.0 20.0
0 739.5 76.0 21.0 20.0
0 625.0 215.5 28.0 33.0
0 683.5 219.0 37.0 38.0
0 732.5 172.0 35.0 32.0
0 766.5 157.5 31.0 33.0
0 781.5 163.0 31.0 38.0
0 818.5 191.5 29.0 37.0
0 831.0 148.0 24.0 28.0
0 809.5 127.5 25.0 29.0
0 797.0 269.5 40.0 51.0
0 942.5 201.0 39.0 44.0
0 966.0 241.5 40.0 49.0
0 1006.0 200.0 36.0 46.0
0 1017.0 182.5 30.0 37.0
0 1071.0 213.0 38.0 48.0
0 1085.0 182.5 38.0 39.0
0 1143.5 209.0 31.0 44.0
0 889.5 161.0 27.0 30.0
0 859.0 120.0 22.0 24.0
0 908.0 114.0 26.0 26.0
0 927.0 135.5 26.0 27.0
0 938.5 164.5 25.0 27.0
0 973.0 146.0 22.0 28.0
0 1035.5 157.5 27.0 31.0
0 1061.0 131.5 20.0 29.0
0 1110.0 144.5 24.0 29.0
0 1085.5 106.0 17.0 24.0
0 1030.5 114.5 19.0 23.0
0 1013.0 125.0 22.0 28.0
0 1001.5 103.0 19.0 26.0
0 980.5 110.0 21.0 22.0
0 967.0 123.5 22.0 25.0
0 954.0 97.5 22.0 23.0
