0 97.5 267.0 55.0 58.0
0 274.0 171.5 20.0 23.0
0 301.5 164.5 21.0 23.0
0 322.0 156.0 18.0 24.0
0 342.0 170.0 18.0 24.0
0 364.5 175.5 23.0 27.0
0 343.0 134.5 16.0 19.0
0 371.0 129.0 20.0 20.0
0 390.5 135.0 15.0 20.0
0 405.5 142.5 19.0 25.0
0 419.5 121.0 13.0 16.0
0 433.5 107.5 17.0 17.0
0 457.0 108.0 16.0 20.0
0 444.0 134.5 16.0 23.0
0 460.5 141.0 17.0 28.0
0 454.5 167.5 27.0 27.0
0 483.5 86.5 15.0 17.0
0 478.0 113.0 16.0 20.0
0 505.0 106.5 20.0 19.0
0 503.0 90.5 16.0 17.0
0 522.0 80.5 12.0 15.0
0 533.5 101.0 15.0 20.0
0 511.0 126.0 20.0 22.0
0 510.0 146.5 24.0 23.0
0 515.0 184.0 24.0 28.0
0 566.0 85.5 16.0 21.0
0 586.0 100.0 16.0 20.0
0 610.5 101.5 19.0 23.0
0 604.0 71.0 12.0 16.0
0 632.5 66.0 13.0 18.0
0 622.5 81.0 15.0 16.0
0 628.0 92.0 14.0 18.0
0 590.5 83.5 15.0 15.0
0 571.5 124.5 23.0 19.0
0 597.0 145.5 26.0 27.0
0 596.0 180.0 26.0 36.0
0 647.5 202.0 29.0 38.0
0 642.5 169.0 29.0 26.0
0 648.5 131.5 23.0 27.0
0 661.0 89.0 12.0 22.0
0 656.5 66.5 15.0 17.0
0 678.0 65.5 12.0 15.0
0 675.0 76.0 14.0 16.0
0 713.5 75.5 15.0 19.0
0 756.5 63.5 15.0 17.0
0 693.0 107.5 18.0 23.0
0 703.5 127.0 21.0 26.0
0 720.5 148.5 19.0 25.0
0 734.0 113.0 18.0 22.0
0 726.5 101.5 19.0 21.0
0 758.0 89.0 12.0 16.0
0 792.5 66.0 13.0 18.0
0 787.5 84.5 17.0 23.0
0 814.5 80.5 13.0 21.0
0 826.5 77.5 13.0 15.0
0 807.5 101.0 17.0 24.0
0 791.0 111.5 18.0 25.0
0 744.0 136.0 18.0 26.0
0 801.5 159.0 25.0 32.0
0 757.0 174.5 30.0 33.0
0 717.5 211.5 33.0 43.0
0 834.0 176.0 24.0 34.0
0 850.0 89.0 14.0 18.0
0 866.0 81.0 12.0 16.0
0 845.5 115.5 17.0 23.0
0 874.0 99.0 14.0 18.0
0 910.0 94.5 16.0 19.0
0 895.5 92.5 15.0 17.0
0 906.0 110.5 14.0 17.0
0 916.0 85.5 12.0 15.0
0 927.0 93.0 14.0 20.0
0 939.0 119.5 16.0 23.0
0 956.0 81.0 12.0 20.0
0 990.0 92.5 12.0 15.0
0 989.5 99.5 11.0 19.0
0 991.5 115.0 13.0 22.0
0 950.5 107.5 13.0 21.0
0 957.0 99.5 14.0 17.0
0 989.5 169.0 19.0 34.0
0 926.0 141.0 18.0 30.0
