0 116.5 152.5 17.0 17.0
0 201.5 256.5 39.0 45.0
0 353.0 145.0 18.0 20.0
0 355.0 125.5 16.0 17.0
0 405.5 113.5 15.0 19.0
0 390.0 152.0 24.0 20.0
0 422.0 161.0 18.0 22.0
0 428.0 140.0 16.0 18.0
0 463.0 116.5 14.0 17.0
0 505.0 126.5 20.0 25.0
0 497.0 95.0 14.0 16.0
0 479.0 82.0 12.0 12.0
0 519.5 75.5 9.0 11.0
0 540.0 77.5 12.0 13.0
0 531.0 104.5 14.0 19.0
0 560.0 119.5 18.0 19.0
0 603.0 113.0 18.0 14.0
0 641.5 78.5 13.0 15.0
0 627.0 81.0 12.0 16.0
0 587.0 76.5 14.0 15.0
0 568.5 68.0 13.0 14.0
0 590.0 148.0 16.0 26.0
0 660.5 146.5 21.0 23.0
0 666.0 121.5 18.0 19.0
0 683.0 113.5 16.0 19.0
0 685.5 155.0 21.0 26.0
0 739.0 131.5 18.0 23.0
0 726.0 119.5 12.0 19.0
0 757.5 88.0 13.0 16.0
0 775.0 156.5 20.0 29.0
0 843.0 179.0 18.0 28.0
0 875.0 189.0 22.0 26.0
0 862.5 138.5 15.0 17.0
0 893.5 162.0 17.0 24.0
0 944.0 204.0 22.0 38.0
0 960.5 179.5 17.0 23.0
0 959.5 141.0 13.0 16.0
0 961.5 166.0 19.0 20.0
0 916.5 128.0 13.0 22.0
0 871.0 117.0 16.0 20.0
0 857.0 106.5 12.0 19.0
