0 222.5 276.5 43.0 57.0
0 265.0 262.5 52.0 53.0
0 504.0 189.5 32.0 33.0
0 368.0 149.5 26.0 23.0
0 389.5 145.5 27.0 29.0
0 454.5 163.0 29.0 24.0
0 445.5 132.0 23.0 18.0
0 470.5 136.0 21.0 22.0
0 474.0 112.0 22.0 22.0
0 498.5 116.0 19.0 20.0
0 486.0 89.5 18.0 25.0
0 497.0 93.5 18.0 25.0
0 521.5 90.5 19.0 19.0
0 515.5 78.0 13.0 18.0
0 559.5 80.0 17.0 18.0
0 590.0 86.5 20.0 25.0
0 616.0 86.5 16.0 21.0
0 565.5 118.0 19.0 22.0
0 687.5 155.5 31.0 35.0
0 716.5 94.0 27.0 28.0
0 746.5 86.0 17.0 22.0
0 853.0 75.5 14.0 21.0
0 788.0 80.5 14.0 23.0
0 774.5 97.5 31.0 31.0
0 801.0 106.5 22.0 31.0
0 841.0 111.0 20.0 24.0
0 756.0 166.5 28.0 35.0
0 809.5 185.0 25.0 34.0
0 920.5 135.5 25.0 27.0
