0 185.0 293.5 46.0 49.0
0 305.0 149.5 16.0 19.0
0 320.0 147.5 20.0 21.0
0 334.5 153.5 21.0 23.0
0 396.0 156.5 18.0 21.0
0 404.0 169.5 24.0 25.0
0 397.5 119.0 17.0 22.0
0 406.5 129.0 19.0 20.0
0 422.5 135.5 19.0 19.0
0 430.0 118.5 18.0 19.0
0 435.0 103.0 16.0 16.0
0 455.0 102.5 14.0 17.0
0 464.0 106.5 18.0 19.0
0 479.5 136.0 23.0 24.0
0 511.0 141.0 24.0 22.0
0 486.5 111.0 17.0 20.0
0 523.0 120.0 22.0 24.0
0 515.5 107.5 15.0 17.0
0 521.5 100.0 13.0 14.0
0 503.0 84.0 14.0 16.0
0 549.5 99.5 17.0 17.0
0 520.0 88.5 14.0 15.0
0 554.5 89.0 15.0 18.0
0 549.5 73.0 15.0 16.0
0 569.5 83.0 15.0 14.0
0 588.0 115.0 18.0 22.0
0 625.0 100.0 18.0 22.0
0 595.0 75.0 14.0 18.0
0 606.0 79.5 14.0 17.0
0 632.5 71.0 13.0 16.0
0 639.0 65.5 14.0 17.0
0 648.0 92.0 20.0 20.0
0 659.0 78.5 12.0 17.0
0 665.5 61.0 13.0 14.0
0 689.0 78.5 14.0 17.0
0 689.5 61.5 11.0 15.0
0 724.0 64.5 12.0 17.0
0 753.5 63.0 15.0 16.0
0 720.0 97.0 18.0 20.0
0 691.5 106.0 17.0 22.0
0 658.0 126.5 24.0 23.0
0 671.5 148.0 25.0 30.0
0 621.0 144.0 24.0 24.0
0 534.0 186.0 32.0 38.0
0 576.0 197.5 30.0 33.0
0 655.5 195.0 33.0 38.0
0 730.0 197.0 42.0 40.0
0 770.0 160.5 30.0 33.0
0 753.5 142.5 19.0 25.0
0 709.0 129.0 24.0 26.0
0 760.0 105.0 22.0 28.0
0 783.0 121.5 22.0 27.0
0 810.5 130.0 23.0 30.0
0 791.0 71.5 18.0 17.0
0 807.5 84.0 17.0 20.0
0 819.5 78.5 11.0 19.0
0 835.0 84.5 16.0 19.0
0 837.5 115.0 21.0 24.0
0 847.0 161.5 26.0 29.0
0 796.5 215.0 41.0 46.0
0 874.0 224.0 38.0 40.0
0 961.0 221.5 36.0 47.0
0 969.5 183.5 29.0 41.0
0 980.5 157.0 21.0 28.0
0 985.5 136.5 19.0 23.0
0 996.0 120.5 14.0 23.0
0 998.0 96.5 16.0 19.0
0 968.5 108.0 19.0 24.0
0 956.5 96.0 15.0 24.0
0 946.5 120.5 21.0 23.0
0 931.5 153.0 19.0 30.0
0 904.5 175.5 29.0 33.0
0 868.5 154.0 25.0 26.0
0 893.5 115.5 19.0 25.0
0 863.5 87.0 17.0 18.0
0 894.5 84.0 17.0 22.0
0 914.0 102.5 18.0 21.0
0 923.5 90.5 19.0 19.0
0 934.5 75.5 15.0 19.0
