0 210.0 249.5 54.0 57.0
0 278.0 165.5 18.0 19.0
0 311.0 167.5 26.0 23.0
0 340.0 173.5 22.0 27.0
0 423.0 163.0 20.0 22.0
0 394.5 118.0 15.0 18.0
0 442.0 122.0 26.0 22.0
0 445.5 102.5 19.0 17.0
0 476.5 96.0 11.0 14.0
0 478.0 142.5 18.0 17.0
0 419.0 134.5 22.0 23.0
0 523.5 130.0 27.0 24.0
0 502.0 103.0 18.0 20.0
0 476.5 125.0 25.0 18.0
0 525.5 97.0 23.0 26.0
0 540.5 83.0 9.0 10.0
0 547.5 122.5 19.0 25.0
0 565.0 101.0 18.0 24.0
0 585.5 107.0 13.0 18.0
0 529.0 211.0 30.0 24.0
0 607.5 155.0 23.0 30.0
0 596.5 73.5 13.0 15.0
0 638.5 66.5 11.0 13.0
0 631.0 74.5 8.0 13.0
0 615.0 108.0 20.0 20.0
0 652.0 94.5 16.0 21.0
0 678.5 66.0 19.0 16.0
0 666.5 193.0 33.0 30.0
0 676.5 145.5 21.0 27.0
0 706.0 114.5 26.0 27.0
0 720.0 72.5 12.0 15.0
0 690.5 87.0 21.0 20.0
0 747.0 70.0 16.0 20.0
0 736.5 200.0 31.0 36.0
0 713.5 134.0 21.0 22.0
0 737.0 114.5 24.0 27.0
0 756.5 116.5 25.0 33.0
0 744.0 151.0 22.0 34.0
0 770.5 152.5 25.0 35.0
0 778.5 115.0 23.0 30.0
0 806.0 71.0 12.0 18.0
0 832.0 78.0 16.0 20.0
0 838.5 92.5 25.0 25.0
0 824.0 126.5 24.0 25.0
0 807.5 143.0 23.0 32.0
0 807.5 199.5 35.0 35.0
0 850.5 177.0 21.0 36.0
0 864.0 152.5 22.0 33.0
0 843.0 234.0 42.0 50.0
0 904.5 240.0 47.0 50.0
0 893.0 89.5 20.0 23.0
0 889.0 131.0 20.0 26.0
0 912.0 101.0 20.0 34.0
0 933.0 83.5 14.0 15.0
0 943.5 127.5 19.0 27.0
0 940.5 164.5 23.0 31.0
0 964.0 172.0 20.0 30.0
0 954.0 200.5 24.0 35.0
0 988.5 186.0 27.0 36.0
0 990.0 146.0 18.0 24.0
0 988.0 132.0 16.0 20.0
0 998.5 98.0 13.0 14.0
0 964.5 96.0 19.0 20.0
0 962.5 112.0 23.0 28.0
0 814.0 97.0 26.0 26.0
0 552.5 94.5 15.0 17.0
