0 190.0 190.5 44.0 49.0
0 294.0 122.5 22.0 25.0
0 302.0 101.5 18.0 21.0
0 330.5 102.5 19.0 21.0
0 383.5 105.0 21.0 24.0
0 422.5 110.0 19.0 20.0
0 412.5 89.0 17.0 20.0
0 395.0 81.0 16.0 20.0
0 430.0 87.5 16.0 19.0
0 449.5 97.5 23.0 23.0
0 446.5 81.5 15.0 17.0
0 434.0 74.0 12.0 14.0
0 468.0 67.0 10.0 14.0
0 474.5 76.0 11.0 16.0
0 479.0 111.5 20.0 21.0
0 521.5 93.0 13.0 20.0
0 484.0 144.0 26.0 32.0
0 547.5 149.5 27.0 33.0
0 561.0 125.5 22.0 25.0
0 592.0 154.0 26.0 34.0
0 491.5 84.5 15.0 15.0
0 487.5 70.5 11.0 13.0
0 481.0 59.5 10.0 11.0
0 509.5 72.5 13.0 15.0
0 518.0 64.0 12.0 14.0
0 541.0 69.5 14.0 17.0
0 554.5 86.0 13.0 18.0
0 565.0 73.5 16.0 19.0
0 588.5 80.5 17.0 17.0
0 553.0 58.0 12.0 14.0
0 574.0 49.0 12.0 12.0
0 569.0 62.0 14.0 12.0
0 594.0 67.0 16.0 12.0
0 601.5 59.0 15.0 12.0
0 593.5 50.0 9.0 14.0
0 620.5 57.0 11.0 14.0
0 627.5 62.0 11.0 12.0
0 639.0 62.0 10.0 12.0
0 649.5 66.5 13.0 17.0
0 668.0 64.0 10.0 16.0
0 682.5 71.0 15.0 18.0
0 666.5 81.0 15.0 18.0
0 616.0 77.5 20.0 17.0
0 622.5 97.5 17.0 19.0
0 595.0 103.0 20.0 26.0
0 590.5 129.5 21.0 23.0
0 629.5 111.0 19.0 22.0
0 635.5 143.0 23.0 24.0
0 643.5 181.5 37.0 39.0
0 711.0 173.5 26.0 35.0
0 681.0 116.0 22.0 26.0
0 659.5 113.0 19.0 22.0
0 699.0 86.5 16.0 19.0
0 714.5 63.5 15.0 19.0
0 722.5 74.5 13.0 17.0
0 741.0 71.0 12.0 18.0
0 751.0 78.0 14.0 18.0
0 732.5 94.0 13.0 18.0
0 745.5 106.0 17.0 22.0
0 765.0 101.0 18.0 20.0
0 779.5 91.5 13.0 19.0
0 793.5 80.0 13.0 14.0
0 792.5 110.5 13.0 21.0
0 806.5 108.5 13.0 23.0
0 813.5 91.5 13.0 17.0
0 827.5 88.0 11.0 14.0
0 828.0 77.0 12.0 16.0
0 838.5 100.5 15.0 19.0
0 850.0 95.5 12.0 19.0
0 858.0 86.5 14.0 21.0
0 885.0 102.5 16.0 19.0
0 885.0 89.0 12.0 16.0
0 869.5 127.5 15.0 23.0
0 863.0 170.0 24.0 36.0
0 871.0 155.0 22.0 24.0
0 827.0 140.0 26.0 32.0
0 833.0 116.5 18.0 19.0
0 800.5 157.0 25.0 32.0
0 764.0 148.5 18.0 25.0
0 780.5 187.5 33.0 33.0
0 745.0 141.0 24.0 28.0
