0 179.5 389.5 47.0 53.0
0 286.0 243.5 18.0 25.0
0 322.0 258.5 22.0 31.0
0 356.0 226.0 20.0 22.0
0 362.0 259.5 24.0 31.0
0 399.0 278.0 30.0 28.0
0 434.5 214.5 21.0 15.0
0 433.5 236.5 19.0 23.0
0 481.5 189.5 17.0 19.0
0 471.5 251.5 19.0 27.0
0 509.5 239.5 21.0 27.0
0 500.0 214.5 14.0 19.0
0 524.0 201.5 24.0 23.0
0 526.5 187.0 15.0 16.0
0 571.0 177.0 24.0 18.0
0 576.5 173.5 11.0 19.0
0 571.0 224.5 20.0 21.0
0 554.0 254.0 24.0 26.0
0 621.5 197.0 19.0 24.0
0 642.0 197.0 20.0 24.0
0 677.5 176.0 17.0 20.0
0 699.0 157.5 14.0 19.0
0 681.0 205.5 14.0 27.0
0 622.0 238.0 24.0 22.0
0 716.5 188.0 19.0 24.0
0 752.0 149.5 14.0 17.0
0 745.5 167.0 21.0 24.0
0 740.0 183.0 16.0 20.0
0 771.5 156.5 17.0 21.0
0 786.5 164.0 17.0 20.0
0 814.5 158.0 17.0 24.0
0 833.0 160.5 18.0 29.0
0 855.5 161.5 15.0 19.0
0 870.0 182.5 18.0 25.0
0 824.5 202.0 25.0 22.0
0 780.0 220.5 26.0 25.0
0 737.0 242.5 30.0 27.0
0 654.5 273.0 25.0 28.0
0 577.0 294.5 28.0 31.0
0 654.5 313.0 29.0 36.0
0 790.0 255.0 24.0 30.0
0 726.5 322.0 35.0 48.0
0 783.0 340.5 42.0 45.0
0 816.5 261.5 33.0 29.0
0 842.0 230.0 30.0 34.0
0 875.5 215.5 21.0 27.0
0 901.5 180.0 17.0 24.0
0 923.0 167.5 20.0 17.0
0 921.0 185.5 24.0 29.0
0 842.5 265.5 33.0 31.0
0 885.0 289.5 40.0 39.0
0 861.5 383.5 43.0 49.0
0 963.0 176.0 24.0 24.0
0 936.5 213.5 27.0 25.0
0 955.0 200.5 28.0 29.0
0 994.5 176.0 17.0 20.0
0 1002.0 196.5 30.0 27.0
0 1041.0 184.5 14.0 21.0
0 1009.5 217.5 23.0 23.0
0 999.0 256.0 24.0 36.0
0 1050.5 258.5 27.0 35.0
0 1076.5 189.5 17.0 23.0
0 1052.5 201.5 25.0 31.0
0 1097.5 202.0 17.0 26.0
0 1146.0 221.5 28.0 33.0
0 1149.5 202.5 17.0 17.0
0 1103.5 250.0 21.0 26.0
0 1117.0 249.5 24.0 31.0
0 1121.5 343.5 35.0 43.0
0 951.0 312.0 26.0 36.0
0 998.5 367.0 43.0 48.0
0 1040.0 333.0 32.0 36.0
0 1084.0 234.5 30.0 35.0
0 1065.0 241.5 20.0 33.0
0 1040.0 237.0 26.0 36.0
0 565.5 197.0 19.0 20.0
0 1142.5 262.0 31.0 30.0
0 724.0 294.5 36.0 33.0
0 707.0 155.5 14.0 13.0
0 1008.0 245.5 24.0 31.0
