0 33.5 170.0 19.0 20.0
0 232.0 96.5 18.0 23.0
0 287.5 130.5 21.0 25.0
0 345.5 119.5 19.0 25.0
0 371.5 130.5 23.0 23.0
0 391.0 118.0 18.0 24.0
0 409.5 133.5 23.0 23.0
0 444.5 122.5 23.0 29.0
0 477.0 109.5 16.0 19.0
0 423.5 86.0 15.0 18.0
0 453.0 81.5 14.0 17.0
0 472.0 88.0 20.0 22.0
0 499.0 93.0 18.0 20.0
0 491.5 76.5 19.0 19.0
0 564.5 102.5 21.0 27.0
0 592.5 26.5 17.0 17.0
0 617.0 70.5 18.0 23.0
0 626.0 61.5 14.0 15.0
0 653.0 60.0 14.0 16.0
0 667.0 59.5 12.0 17.0
0 606.5 133.0 25.0 26.0
0 634.5 134.0 27.0 34.0
0 671.0 134.5 28.0 27.0
0 708.5 95.5 21.0 23.0
0 745.5 93.0 21.0 24.0
0 746.0 83.0 14.0 18.0
0 740.5 131.0 25.0 28.0
0 805.0 179.0 30.0 40.0
0 924.0 201.0 28.0 40.0
0 870.0 117.5 16.0 25.0
0 903.0 136.5 22.0 27.0
0 904.0 118.5 16.0 19.0
0 887.5 96.0 13.0 22.0
0 915.0 104.5 14.0 23.0
0 938.0 137.5 26.0 27.0
0 930.5 173.5 25.0 31.0
0 943.5 117.0 19.0 22.0
0 952.5 116.5 13.0 17.0
0 960.5 66.0 15.0 22.0
