0 83.0 238.5 32.0 41.0
0 399.5 112.0 15.0 16.0
0 423.0 154.5 14.0 19.0
0 447.5 94.5 13.0 17.0
0 495.0 131.5 20.0 23.0
0 520.5 80.0 13.0 14.0
0 559.0 70.0 12.0 14.0
0 594.0 69.5 12.0 17.0
0 607.0 104.5 16.0 21.0
0 608.5 74.0 11.0 16.0
0 629.5 70.5 11.0 15.0
0 842.5 179.0 23.0 36.0
0 902.0 184.0 28.0 38.0
0 992.0 126.5 16.0 27.0
0 971.0 182.0 26.0 36.0
0 753.5 106.5 27.0 39.0
0 705.0 129.5 20.0 25.0
0 711.5 200.0 33.0 38.0
0 659.0 151.0 22.0 30.0
0 512.5 196.0 27.0 28.0
0 579.0 193.5 28.0 33.0
0 926.5 69.5 11.0 17.0
0 971.0 84.5 12.0 15.0
0 999.0 90.0 10.0 16.0
0 418.0 133.5 18.0 17.0
