0 63.0 171.0 28.0 30.0
0 276.5 127.0 17.0 20.0
0 337.0 114.5 18.0 19.0
0 367.0 130.0 20.0 20.0
0 381.5 108.0 13.0 18.0
0 399.5 111.5 17.0 19.0
0 400.0 140.0 20.0 26.0
0 419.5 134.5 19.0 19.0
0 458.0 148.5 24.0 29.0
0 437.5 101.0 13.0 18.0
0 416.0 94.0 14.0 16.0
0 404.0 95.5 14.0 17.0
0 441.0 85.0 12.0 16.0
0 487.0 116.5 20.0 19.0
0 481.0 79.0 14.0 16.0
0 493.0 88.0 12.0 18.0
0 500.5 97.5 17.0 19.0
0 504.5 77.5 11.0 15.0
0 512.5 75.5 11.0 13.0
0 534.0 76.5 12.0 13.0
0 542.5 74.5 11.0 19.0
0 555.0 78.5 14.0 17.0
0 534.0 101.0 22.0 22.0
0 518.5 120.5 21.0 25.0
0 571.0 104.0 20.0 22.0
0 592.5 69.5 11.0 15.0
0 603.5 69.5 13.0 19.0
0 608.5 87.5 13.0 21.0
0 630.0 59.0 12.0 12.0
0 624.5 71.5 13.0 17.0
0 645.5 69.5 11.0 15.0
0 653.5 65.0 11.0 14.0
0 656.5 85.0 13.0 14.0
0 636.5 114.5 23.0 23.0
0 671.0 80.5 16.0 17.0
0 678.5 67.0 13.0 14.0
0 682.5 58.0 11.0 12.0
0 702.0 73.5 14.0 15.0
0 706.0 61.0 14.0 14.0
0 735.0 63.5 14.0 15.0
0 734.0 93.5 16.0 19.0
0 674.0 108.5 18.0 23.0
0 660.0 141.0 22.0 28.0
0 588.5 143.5 23.0 29.0
0 593.0 158.0 30.0 30.0
0 692.5 125.0 21.0 24.0
0 725.5 109.5 19.0 21.0
0 754.5 79.0 15.0 16.0
0 767.0 94.0 16.0 18.0
0 772.0 116.5 16.0 27.0
0 736.5 135.0 23.0 22.0
0 706.0 149.0 22.0 26.0
0 762.5 148.0 27.0 30.0
0 799.0 135.5 20.0 21.0
0 785.0 81.5 16.0 19.0
0 801.5 79.0 11.0 16.0
0 822.0 73.5 14.0 15.0
0 815.5 88.5 17.0 17.0
0 838.0 81.5 14.0 13.0
0 852.0 103.5 14.0 17.0
0 869.0 89.5 12.0 15.0
0 876.0 83.5 12.0 15.0
0 878.5 101.5 15.0 19.0
0 831.5 86.5 13.0 15.0
0 896.5 99.0 17.0 22.0
0 920.5 89.5 11.0 15.0
0 936.5 94.0 11.0 16.0
0 907.5 133.0 17.0 22.0
0 870.5 118.0 15.0 22.0
0 865.5 134.5 19.0 25.0
0 817.0 121.5 18.0 21.0
0 817.0 162.0 24.0 32.0
0 889.5 142.5 21.0 29.0
0 869.0 196.5 24.0 35.0
0 967.0 99.5 14.0 15.0
0 929.5 113.5 13.0 13.0
0 963.5 129.0 15.0 24.0
0 956.5 147.0 19.0 26.0
0 965.5 115.5 15.0 21.0
0 965.5 175.5 19.0 31.0
0 955.0 216.0 32.0 36.0
0 928.0 126.0 16.0 12.0
0 777.0 77.5 12.0 15.0
