0 215.5 277.0 53.0 64.0
0 264.0 260.5 50.0 65.0
0 327.5 174.0 21.0 26.0
0 386.0 159.5 22.0 25.0
0 464.0 162.5 22.0 27.0
0 445.0 138.0 18.0 24.0
0 476.0 137.5 24.0 27.0
0 476.5 113.5 19.0 25.0
0 502.0 119.5 20.0 27.0
0 483.0 95.5 14.0 17.0
0 499.5 94.0 17.0 18.0
0 564.5 86.5 15.0 21.0
0 591.5 90.5 15.0 23.0
0 612.5 93.5 17.0 25.0
0 567.0 121.5 22.0 23.0
0 505.0 196.5 28.0 31.0
0 697.0 156.0 30.0 34.0
0 774.0 169.0 26.0 32.0
0 833.0 176.5 28.0 33.0
0 731.5 91.5 19.0 21.0
0 762.5 90.0 17.0 24.0
0 775.5 101.0 21.0 20.0
0 794.0 90.5 16.0 19.0
0 816.5 99.0 21.0 24.0
0 850.5 111.5 17.0 27.0
0 865.0 76.5 14.0 21.0
0 940.5 130.5 23.0 31.0
