0 184.0 205.0 38.0 48.0
0 225.0 221.5 32.0 47.0
0 275.0 170.5 24.0 25.0
0 314.0 158.0 22.0 20.0
0 335.5 164.0 21.0 20.0
0 349.0 153.5 20.0 25.0
0 334.5 135.0 19.0 18.0
0 369.5 130.5 19.0 21.0
0 401.5 137.0 19.0 22.0
0 412.5 120.0 19.0 20.0
0 458.0 131.0 16.0 22.0
0 485.0 135.0 24.0 24.0
0 504.0 150.0 26.0 24.0
0 445.0 100.0 16.0 18.0
0 455.0 112.0 18.0 18.0
0 475.5 113.0 21.0 22.0
0 486.0 106.5 20.0 19.0
0 482.5 86.0 17.0 18.0
0 511.0 119.5 24.0 25.0
0 552.0 121.0 24.0 26.0
0 517.0 81.0 16.0 16.0
0 503.0 89.5 14.0 15.0
0 543.0 98.5 14.0 19.0
0 575.0 76.0 14.0 16.0
0 590.0 94.5 20.0 27.0
0 612.5 107.5 19.0 21.0
0 595.5 65.5 15.0 17.0
0 617.0 86.5 14.0 21.0
0 620.5 75.0 13.0 16.0
0 636.5 72.0 13.0 18.0
0 657.5 86.5 19.0 23.0
0 663.0 66.0 16.0 18.0
0 674.0 58.0 12.0 14.0
0 692.0 59.0 12.0 16.0
0 717.0 72.5 14.0 15.0
0 735.5 58.0 15.0 22.0
0 543.0 178.5 26.0 29.0
0 568.5 203.0 25.0 30.0
0 610.0 144.5 24.0 29.0
0 649.5 158.0 25.0 30.0
0 643.0 186.0 28.0 36.0
0 678.0 124.5 26.0 25.0
0 706.5 125.5 21.0 27.0
0 715.5 107.0 17.0 22.0
0 740.5 111.5 23.0 25.0
0 748.0 88.5 22.0 23.0
0 772.0 87.0 22.0 26.0
0 786.5 74.5 19.0 21.0
0 795.5 62.5 17.0 19.0
0 801.0 86.5 16.0 21.0
0 817.5 80.5 15.0 23.0
0 836.5 75.0 13.0 18.0
0 859.5 75.5 17.0 23.0
0 843.0 113.5 18.0 21.0
0 803.0 103.0 16.0 24.0
0 791.5 116.0 23.0 26.0
0 758.0 166.0 30.0 34.0
0 706.0 180.5 34.0 33.0
0 710.0 217.5 32.0 39.0
0 737.0 134.0 30.0 28.0
0 826.5 135.5 25.0 33.0
0 840.5 169.5 25.0 31.0
0 860.5 155.0 25.0 32.0
0 871.0 101.0 22.0 26.0
0 903.0 103.5 18.0 27.0
0 903.0 83.0 14.0 16.0
0 923.5 86.0 17.0 20.0
0 951.0 102.5 18.0 25.0
0 953.0 86.5 16.0 15.0
0 948.5 130.0 23.0 28.0
0 988.5 151.5 29.0 29.0
0 985.5 117.5 19.0 25.0
0 990.5 94.5 19.0 21.0
