0 67.0 151.5 30.0 29.0
0 260.0 114.0 18.0 16.0
0 270.5 125.0 15.0 16.0
0 296.5 120.0 17.0 20.0
0 308.5 106.5 13.0 21.0
0 324.5 120.0 15.0 22.0
0 328.0 136.0 20.0 24.0
0 335.5 100.0 17.0 22.0
0 354.0 109.0 12.0 20.0
0 359.0 91.0 14.0 16.0
0 392.0 82.5 14.0 17.0
0 403.0 79.0 12.0 16.0
0 394.0 105.5 14.0 23.0
0 384.5 124.0 17.0 20.0
0 400.5 129.0 19.0 22.0
0 415.5 105.0 13.0 18.0
0 427.5 98.0 11.0 16.0
0 417.0 85.0 14.0 16.0
0 454.5 97.5 19.0 17.0
0 448.0 108.5 18.0 19.0
0 450.5 68.0 11.0 12.0
0 457.5 75.5 13.0 15.0
0 474.0 61.5 12.0 13.0
0 485.5 78.0 11.0 14.0
0 490.5 67.5 9.0 13.0
0 497.5 92.0 11.0 16.0
0 505.0 80.5 14.0 15.0
0 521.0 72.0 12.0 16.0
0 529.0 64.0 10.0 12.0
0 521.5 94.5 15.0 23.0
0 541.0 81.5 12.0 17.0
0 547.0 71.0 14.0 14.0
0 567.5 57.5 9.0 15.0
0 567.5 72.5 15.0 15.0
0 595.0 60.0 8.0 14.0
0 600.5 70.0 11.0 14.0
0 611.0 80.5 12.0 17.0
0 616.0 71.0 10.0 14.0
0 613.0 59.0 10.0 16.0
0 640.0 65.5 12.0 13.0
0 641.0 58.5 10.0 13.0
0 667.5 55.5 11.0 13.0
0 575.5 84.5 15.0 21.0
0 625.5 96.0 15.0 18.0
0 557.5 115.5 19.0 19.0
0 604.5 123.5 19.0 25.0
0 608.0 106.0 16.0 18.0
0 645.0 116.5 20.0 19.0
0 650.5 140.5 21.0 23.0
0 659.5 162.0 27.0 38.0
0 669.5 97.0 15.0 18.0
0 691.0 75.5 12.0 17.0
0 703.0 83.0 16.0 20.0
0 705.5 105.0 17.0 20.0
0 678.5 128.0 19.0 20.0
0 712.0 135.0 20.0 24.0
0 719.0 184.0 26.0 34.0
0 757.5 149.5 19.0 27.0
0 725.5 64.0 11.0 14.0
0 753.0 72.0 12.0 12.0
0 750.5 86.5 15.0 13.0
0 752.5 106.0 15.0 20.0
0 764.5 100.5 15.0 19.0
0 782.0 88.0 14.0 18.0
0 777.0 72.0 10.0 10.0
0 793.5 80.0 11.0 16.0
0 809.5 78.0 11.0 14.0
0 785.5 129.0 19.0 22.0
0 804.0 114.5 16.0 23.0
0 838.0 121.0 14.0 22.0
0 823.0 91.5 14.0 17.0
0 826.5 86.0 13.0 16.0
0 861.0 76.5 12.0 17.0
0 859.5 92.5 11.0 17.0
0 850.5 103.0 15.0 18.0
0 840.5 111.0 13.0 20.0
0 881.0 128.0 18.0 28.0
0 885.0 107.0 12.0 18.0
0 899.5 100.0 13.0 16.0
0 892.0 92.0 12.0 14.0
0 862.0 173.5 24.0 33.0
