0 672.5 164.0 37.0 48.0
0 377.5 98.5 17.0 17.0
0 411.5 93.5 17.0 19.0
0 428.0 91.5 14.0 17.0
0 421.0 82.0 14.0 14.0
0 439.5 79.0 13.0 14.0
0 452.5 75.5 11.0 17.0
0 468.0 80.5 14.0 17.0
0 443.5 93.5 17.0 17.0
0 470.0 98.5 18.0 21.0
0 495.5 98.5 19.0 21.0
0 488.0 70.0 16.0 16.0
0 475.0 78.0 12.0 14.0
0 511.0 70.0 12.0 18.0
0 532.0 76.0 10.0 14.0
0 545.0 61.5 10.0 15.0
0 561.5 75.5 13.0 17.0
0 585.5 64.0 13.0 18.0
0 585.0 84.0 14.0 16.0
0 610.5 72.5 13.0 17.0
0 620.0 65.5 14.0 17.0
0 652.5 64.5 13.0 15.0
0 687.5 63.5 11.0 13.0
0 681.5 92.0 13.0 20.0
0 640.5 105.5 19.0 21.0
0 609.5 118.5 21.0 23.0
0 659.0 115.5 22.0 23.0
0 692.0 105.5 22.0 21.0
0 693.0 133.0 20.0 26.0
0 715.5 80.0 13.0 18.0
0 718.0 95.0 14.0 20.0
0 729.5 69.5 13.0 19.0
0 753.0 68.5 12.0 17.0
0 756.0 82.5 14.0 17.0
0 753.5 100.5 15.0 21.0
0 770.5 117.0 17.0 22.0
0 776.0 88.5 12.0 17.0
0 790.5 83.5 15.0 19.0
0 804.5 70.0 13.0 16.0
0 810.0 92.0 12.0 18.0
0 886.5 90.5 13.0 17.0
0 901.5 112.5 13.0 23.0
0 881.0 112.5 14.0 19.0
0 908.0 127.0 14.0 20.0
0 910.0 98.0 14.0 20.0
0 851.5 145.5 19.0 27.0
