0 1056.0 178.0 12.0 20.0
0 1015.5 176.5 13.0 21.0
0 1036.0 187.5 14.0 23.0
0 1029.0 193.5 18.0 25.0
0 1079.5 195.0 15.0 22.0
0 1131.5 195.5 13.0 17.0
0 1127.0 212.5 14.0 25.0
0 1076.0 215.0 18.0 24.0
0 1101.5 224.5 19.0 27.0
0 1119.0 243.0 22.0 30.0
0 1065.0 232.0 20.0 28.0
0 1039.0 258.5 22.0 39.0
0 1092.5 320.5 29.0 45.0
0 1023.0 309.5 32.0 43.0
0 1008.5 365.0 31.0 48.0
0 978.5 252.0 21.0 32.0
0 1009.0 235.5 18.0 29.0
0 931.0 295.5 30.0 39.0
0 933.5 197.5 17.0 25.0
0 987.0 213.5 16.0 27.0
0 1013.0 223.0 18.0 28.0
0 994.0 195.5 18.0 23.0
0 919.5 163.0 15.0 22.0
0 895.5 170.5 17.0 25.0
0 895.0 181.0 16.0 24.0
0 917.0 183.5 16.0 23.0
0 940.5 171.5 15.0 25.0
0 948.0 172.5 18.0 21.0
0 877.0 198.5 18.0 25.0
0 842.0 153.5 14.0 19.0
0 845.5 169.0 15.0 22.0
0 814.0 159.5 14.0 19.0
0 791.5 144.0 11.0 16.0
0 813.0 182.5 18.0 23.0
0 828.0 207.5 20.0 27.0
0 770.5 171.0 17.0 20.0
0 770.5 155.0 15.0 18.0
0 754.0 150.5 16.0 17.0
0 733.0 143.5 12.0 17.0
0 763.0 205.5 22.0 27.0
0 727.5 152.5 13.0 21.0
0 719.5 172.5 15.0 19.0
0 678.5 150.0 11.0 16.0
0 698.5 180.5 15.0 23.0
0 688.5 172.5 15.0 21.0
0 654.5 171.0 17.0 22.0
0 665.0 194.0 14.0 24.0
0 629.5 173.0 13.0 20.0
0 623.0 191.0 18.0 24.0
0 569.0 164.0 14.0 18.0
0 514.0 164.0 14.0 18.0
0 526.0 185.0 18.0 24.0
0 566.0 184.0 16.0 20.0
0 590.0 183.0 18.0 24.0
0 568.5 208.0 19.0 24.0
0 600.5 221.0 21.0 28.0
0 465.0 182.5 14.0 19.0
0 486.5 186.0 17.0 20.0
0 522.0 213.5 20.0 27.0
0 491.0 208.0 16.0 22.0
0 423.5 202.0 15.0 22.0
0 429.5 226.0 17.0 22.0
0 462.5 230.5 21.0 27.0
0 489.0 234.5 22.0 27.0
0 396.0 246.0 24.0 30.0
0 339.5 212.0 17.0 22.0
0 349.0 249.5 24.0 29.0
0 272.0 234.5 18.0 23.0
0 301.5 257.5 19.0 31.0
0 850.0 335.5 38.0 59.0
0 870.0 283.5 30.0 35.0
0 832.0 245.5 24.0 31.0
0 791.5 254.5 29.0 37.0
0 718.5 232.5 25.0 31.0
0 776.0 238.0 22.0 32.0
0 772.0 325.0 40.0 46.0
0 718.0 278.0 28.0 42.0
0 722.0 304.5 32.0 49.0
0 536.5 239.0 25.0 32.0
0 558.5 281.0 33.0 40.0
0 15.5 294.5 29.0 37.0
0 641.5 243.0 27.0 34.0
0 656.0 280.0 32.0 38.0
