0 108.5 355.5 55.0 71.0
0 306.5 172.0 27.0 28.0
0 294.0 154.5 22.0 21.0
0 362.5 143.5 23.0 27.0
0 380.0 152.0 22.0 26.0
0 405.0 128.0 22.0 30.0
0 429.0 137.5 24.0 33.0
0 451.0 134.5 20.0 27.0
0 473.0 159.0 24.0 34.0
0 511.5 142.0 21.0 26.0
0 562.5 184.0 29.0 34.0
0 472.5 122.0 27.0 24.0
0 507.5 113.5 21.0 25.0
0 557.5 115.5 19.0 21.0
0 581.0 99.0 16.0 18.0
0 613.0 104.5 22.0 27.0
0 628.5 124.5 23.0 27.0
0 612.0 153.0 30.0 30.0
0 680.0 140.5 24.0 29.0
0 664.0 100.0 26.0 28.0
0 677.5 96.0 23.0 26.0
0 633.0 92.0 20.0 22.0
0 713.5 91.0 19.0 22.0
0 709.0 81.0 20.0 20.0
0 742.0 122.0 22.0 28.0
0 744.0 98.5 20.0 23.0
0 738.0 81.0 20.0 24.0
0 763.5 74.5 21.0 23.0
0 775.5 91.0 17.0 18.0
0 782.0 105.0 16.0 20.0
0 775.0 127.5 22.0 27.0
0 732.5 197.5 33.0 35.0
0 783.5 222.0 35.0 38.0
0 842.5 239.0 39.0 42.0
0 788.0 170.0 32.0 40.0
0 856.0 136.5 32.0 35.0
0 840.0 106.0 18.0 22.0
0 809.5 75.0 19.0 24.0
0 833.0 86.5 18.0 23.0
0 848.5 85.5 17.0 23.0
0 877.0 94.5 22.0 23.0
0 881.5 86.0 19.0 26.0
0 914.0 93.5 24.0 25.0
0 884.5 126.0 25.0 30.0
0 915.0 158.5 32.0 31.0
0 954.0 175.0 28.0 30.0
0 944.0 137.0 20.0 26.0
0 956.0 111.5 20.0 23.0
0 987.5 119.5 23.0 27.0
0 996.0 101.0 20.0 24.0
0 1027.5 115.0 21.0 26.0
0 1038.5 134.5 19.0 25.0
0 1054.5 128.0 19.0 24.0
0 1011.0 147.5 20.0 27.0
0 1027.0 191.5 34.0 37.0
0 927.0 236.5 34.0 47.0
0 1018.5 269.0 41.0 54.0
0 1093.0 300.5 46.0 53.0
0 1123.0 239.5 30.0 39.0
0 1090.5 201.5 23.0 35.0
0 1102.5 184.0 29.0 26.0
0 1127.0 168.0 24.0 32.0
0 1092.0 137.5 22.0 23.0
0 1115.0 144.5 20.0 27.0
0 1148.0 138.0 18.0 22.0
0 1145.0 155.5 20.0 25.0
0 1175.0 158.5 18.0 23.0
0 1172.5 195.5 25.0 37.0
0 1200.0 227.5 30.0 39.0
0 1200.0 268.0 30.0 48.0
0 1236.5 218.5 29.0 35.0
0 1242.5 185.0 21.0 32.0
0 1250.0 155.0 18.0 24.0
0 1212.5 155.5 21.0 23.0
