0 202.5 256.5 43.0 51.0
0 295.5 120.5 17.0 19.0
0 314.5 122.0 17.0 20.0
0 327.0 136.0 18.0 24.0
0 377.5 131.5 23.0 25.0
0 400.5 133.5 19.0 27.0
0 416.0 146.5 28.0 25.0
0 406.0 122.0 20.0 20.0
0 372.5 106.5 15.0 19.0
0 381.0 96.5 16.0 17.0
0 424.5 86.0 13.0 16.0
0 459.0 82.5 12.0 13.0
0 468.5 86.0 13.0 12.0
0 473.0 97.0 16.0 18.0
0 471.0 109.0 20.0 18.0
0 463.0 123.5 22.0 25.0
0 475.0 77.0 10.0 14.0
0 489.5 78.0 15.0 14.0
0 500.5 68.5 9.0 13.0
0 492.5 91.5 17.0 15.0
0 517.5 93.5 15.0 21.0
0 538.5 87.5 17.0 19.0
0 541.5 81.5 13.0 17.0
0 521.0 76.0 14.0 14.0
0 563.5 85.5 15.0 15.0
0 564.5 104.0 21.0 22.0
0 585.0 90.0 18.0 20.0
0 600.5 84.5 17.0 17.0
0 586.5 67.5 13.0 13.0
0 609.5 59.5 13.0 11.0
0 613.5 77.5 13.0 17.0
0 634.5 90.0 19.0 16.0
0 631.0 64.0 12.0 16.0
0 647.0 67.5 18.0 19.0
0 680.0 63.0 14.0 16.0
0 732.0 39.0 14.0 16.0
0 558.0 133.5 22.0 25.0
0 617.5 142.5 27.0 31.0
0 620.0 121.5 22.0 23.0
0 669.0 126.0 22.0 24.0
0 712.0 108.5 20.0 27.0
0 737.0 101.0 20.0 22.0
0 740.0 133.5 18.0 25.0
0 770.0 141.0 22.0 28.0
0 777.0 177.5 30.0 35.0
0 768.5 113.0 21.0 26.0
0 732.5 80.0 19.0 18.0
0 761.5 73.0 15.0 20.0
0 785.0 79.5 14.0 17.0
0 794.5 95.0 17.0 18.0
0 794.0 119.5 24.0 25.0
0 809.0 72.0 12.0 16.0
0 825.0 78.0 10.0 14.0
0 830.5 96.0 15.0 18.0
0 841.0 83.5 14.0 17.0
0 854.0 82.5 12.0 17.0
0 868.5 98.5 17.0 19.0
0 858.0 120.0 22.0 26.0
0 845.0 135.5 16.0 27.0
0 886.0 132.0 16.0 22.0
0 890.5 114.5 15.0 21.0
0 884.0 92.5 14.0 19.0
0 898.0 102.5 12.0 15.0
0 910.0 82.5 16.0 19.0
0 905.5 200.0 29.0 36.0
0 917.5 144.5 23.0 31.0
0 943.0 115.0 18.0 24.0
0 937.0 98.5 16.0 17.0
0 955.0 101.5 12.0 19.0
