0 522.0 146.0 32.0 36.0
0 585.0 128.0 18.0 26.0
0 452.0 127.0 16.0 22.0
0 322.0 123.0 16.0 18.0
0 367.0 112.0 14.0 16.0
0 371.5 103.0 15.0 16.0
0 406.5 98.5 13.0 17.0
0 438.0 88.0 12.0 14.0
0 663.5 126.0 19.0 24.0
0 622.0 111.5 18.0 23.0
0 714.0 126.0 18.0 22.0
0 872.5 155.0 19.0 26.0
0 923.5 152.5 15.0 25.0
0 932.5 130.5 13.0 21.0
0 792.5 122.5 15.0 21.0
0 853.5 113.0 13.0 20.0
0 920.5 101.0 13.0 18.0
0 934.0 109.5 16.0 17.0
0 833.5 100.5 13.0 17.0
0 849.0 84.5 12.0 15.0
0 872.0 90.0 12.0 16.0
0 735.5 101.0 13.0 16.0
0 765.5 102.0 15.0 20.0
0 785.0 97.5 14.0 17.0
0 804.0 92.0 12.0 16.0
0 818.5 79.0 13.0 18.0
0 792.5 78.5 11.0 15.0
0 761.0 78.5 18.0 13.0
0 722.5 84.0 13.0 18.0
0 737.5 84.5 13.0 17.0
0 499.5 110.5 19.0 19.0
0 477.5 112.0 15.0 14.0
0 459.5 96.5 13.0 21.0
0 471.5 94.0 13.0 18.0
0 466.0 78.0 12.0 14.0
0 518.5 93.0 15.0 18.0
0 532.0 119.5 18.0 17.0
0 492.5 78.0 15.0 16.0
0 524.5 72.5 13.0 15.0
0 542.5 96.0 15.0 16.0
0 573.5 102.5 15.0 17.0
0 570.0 71.0 16.0 14.0
0 595.5 88.0 13.0 14.0
0 592.5 78.0 15.0 16.0
0 701.0 71.5 10.0 15.0
0 618.0 64.0 12.0 20.0
0 675.5 61.0 13.0 18.0
0 659.5 82.0 11.0 16.0
0 653.5 67.0 17.0 14.0
0 659.0 106.5 16.0 15.0
0 938.5 97.0 11.0 16.0
0 895.0 121.0 14.0 18.0
0 876.5 136.0 15.0 22.0
0 805.5 116.5 15.0 19.0
0 705.0 111.5 18.0 23.0
0 431.0 99.5 14.0 15.0
0 561.0 88.5 14.0 15.0
0 689.5 99.5 13.0 17.0
