0 711.5 132.5 13.0 21.0
0 744.0 79.5 10.0 15.0
0 765.0 81.5 8.0 13.0
0 762.0 93.5 10.0 13.0
0 760.0 107.5 12.0 17.0
0 664.5 68.5 9.0 15.0
0 675.5 84.5 11.0 15.0
0 648.5 75.0 9.0 14.0
0 591.0 86.0 12.0 16.0
0 599.5 69.5 11.0 15.0
0 634.0 69.5 10.0 15.0
0 614.0 77.0 12.0 16.0
0 636.0 103.5 14.0 17.0
0 632.5 84.0 13.0 16.0
0 571.0 82.5 12.0 17.0
0 544.5 85.0 13.0 16.0
0 516.0 102.5 14.0 19.0
0 521.0 55.0 10.0 12.0
0 544.0 54.0 8.0 12.0
0 350.0 69.0 10.0 14.0
0 364.0 83.5 10.0 15.0
0 371.5 68.0 9.0 12.0
0 386.5 71.5 11.0 13.0
0 393.0 88.0 12.0 14.0
0 398.5 65.5 11.0 11.0
0 414.0 84.5 12.0 17.0
0 411.0 58.5 8.0 9.0
0 431.0 60.0 10.0 14.0
0 123.5 199.0 31.0 34.0
