0 56.0 238.0 28.0 30.0
0 293.5 147.0 15.0 18.0
0 322.5 154.0 17.0 14.0
0 338.5 150.0 15.0 20.0
0 355.5 156.0 17.0 20.0
0 372.0 159.0 18.0 22.0
0 393.0 164.5 20.0 23.0
0 418.0 174.5 26.0 27.0
0 503.5 143.5 17.0 21.0
0 485.0 136.0 14.0 20.0
0 424.0 132.0 16.0 18.0
0 380.5 138.5 19.0 17.0
0 352.0 137.0 18.0 14.0
0 348.0 127.5 14.0 13.0
0 403.0 120.5 14.0 17.0
0 409.5 116.0 13.0 14.0
0 440.0 121.5 16.0 19.0
0 470.0 116.5 14.0 17.0
0 479.5 106.5 17.0 17.0
0 520.0 124.5 18.0 21.0
0 570.0 124.0 18.0 22.0
0 496.0 88.5 12.0 15.0
0 510.0 88.0 12.0 12.0
0 528.0 96.5 14.0 13.0
0 576.0 100.5 16.0 17.0
0 562.0 105.0 12.0 14.0
0 601.5 110.0 17.0 20.0
0 587.0 100.0 12.0 14.0
0 597.5 77.5 17.0 17.0
0 624.5 90.5 13.0 15.0
0 649.0 95.5 16.0 19.0
0 657.0 80.5 14.0 15.0
0 642.5 74.5 11.0 15.0
0 676.5 91.0 15.0 18.0
0 690.5 75.5 13.0 17.0
0 717.0 79.0 14.0 18.0
0 620.0 138.0 26.0 30.0
0 529.5 189.0 27.0 32.0
0 623.0 180.0 24.0 30.0
0 674.5 198.0 25.0 32.0
0 659.5 153.0 25.0 32.0
0 672.0 127.5 20.0 23.0
0 689.5 110.0 13.0 20.0
0 704.0 124.5 20.0 21.0
0 705.5 157.0 21.0 26.0
0 762.5 179.0 21.0 28.0
0 895.0 197.0 22.0 34.0
0 806.5 173.5 23.0 27.0
0 759.5 133.5 23.0 25.0
0 746.5 112.5 19.0 21.0
0 728.0 94.0 14.0 16.0
0 770.0 107.0 16.0 18.0
0 758.0 96.5 12.0 15.0
0 781.5 72.0 13.0 14.0
0 794.0 92.5 14.0 19.0
0 783.5 125.0 17.0 22.0
0 816.5 125.0 21.0 26.0
0 818.5 98.5 15.0 19.0
0 821.5 82.0 11.0 14.0
0 833.0 85.5 14.0 17.0
0 845.5 103.5 17.0 19.0
0 829.5 140.5 23.0 27.0
0 878.5 125.0 17.0 24.0
0 895.5 111.5 13.0 19.0
0 885.5 95.0 15.0 16.0
0 863.5 79.5 17.0 17.0
0 925.0 100.0 14.0 18.0
0 965.5 142.0 19.0 24.0
0 990.5 160.5 25.0 29.0
0 918.5 177.0 23.0 28.0
0 944.0 128.0 16.0 20.0
0 947.5 110.0 13.0 14.0
0 957.5 99.5 11.0 15.0
