0 65.0 163.5 22.0 25.0
0 283.5 120.5 17.0 19.0
0 297.0 131.0 16.0 18.0
0 321.5 134.0 17.0 20.0
0 370.5 136.0 17.0 20.0
0 400.5 133.5 19.0 23.0
0 323.0 96.5 12.0 15.0
0 340.5 102.5 13.0 17.0
0 365.0 106.0 16.0 18.0
0 408.5 105.0 15.0 18.0
0 415.5 90.0 13.0 16.0
0 430.5 95.0 13.0 16.0
0 435.0 117.0 16.0 16.0
0 465.0 123.0 18.0 20.0
0 464.5 103.0 15.0 18.0
0 510.0 98.0 14.0 16.0
0 541.5 100.0 13.0 18.0
0 575.5 92.5 13.0 15.0
0 552.5 85.0 11.0 12.0
0 538.0 85.5 14.0 11.0
0 535.0 72.0 14.0 12.0
0 510.5 74.0 11.0 12.0
0 481.0 88.5 14.0 13.0
0 460.0 86.5 14.0 13.0
0 462.0 75.0 12.0 12.0
0 478.0 73.5 12.0 13.0
0 489.0 69.0 12.0 12.0
0 603.5 84.5 15.0 15.0
0 603.0 71.0 12.0 12.0
0 594.5 64.5 11.0 13.0
0 573.0 66.0 12.0 14.0
0 624.5 61.5 11.0 15.0
0 641.5 68.0 11.0 14.0
0 654.5 56.0 9.0 12.0
0 670.5 65.0 11.0 12.0
0 677.5 55.5 9.0 11.0
0 697.0 59.5 12.0 15.0
0 473.0 151.0 22.0 28.0
0 531.0 159.0 26.0 26.0
0 582.0 189.5 24.0 29.0
0 667.5 199.5 27.0 31.0
0 731.5 208.0 29.0 34.0
0 789.0 242.0 26.0 34.0
0 876.0 232.5 28.0 41.0
0 574.0 134.5 18.0 23.0
0 610.5 120.0 17.0 18.0
0 615.0 145.0 22.0 22.0
0 667.5 136.5 21.0 29.0
0 676.0 98.0 16.0 18.0
0 675.0 89.0 14.0 16.0
0 703.0 97.0 14.0 16.0
0 689.5 93.0 11.0 16.0
0 731.0 74.0 14.0 16.0
0 763.0 70.5 12.0 17.0
0 776.5 84.0 13.0 14.0
0 728.0 106.5 14.0 19.0
0 709.0 122.5 16.0 21.0
0 708.0 166.0 20.0 22.0
0 812.5 194.0 23.0 28.0
0 756.0 177.5 22.0 29.0
0 754.0 131.5 20.0 23.0
0 788.5 114.0 15.0 24.0
0 800.5 123.0 17.0 22.0
0 844.5 146.5 17.0 23.0
0 850.5 117.5 17.0 23.0
0 910.0 117.0 16.0 18.0
0 899.5 160.0 15.0 22.0
0 891.5 189.0 21.0 32.0
