0 71.0 250.0 36.0 38.0
0 610.5 76.0 17.0 22.0
0 639.5 73.5 15.0 15.0
0 666.5 70.5 17.0 17.0
0 681.5 71.5 11.0 15.0
0 731.0 77.0 14.0 16.0
0 766.5 82.5 17.0 21.0
0 792.0 71.0 22.0 18.0
0 826.5 77.0 19.0 22.0
0 871.5 78.0 15.0 18.0
0 493.5 83.0 21.0 18.0
0 522.5 82.5 13.0 19.0
0 924.5 92.5 17.0 23.0
0 949.0 100.5 16.0 23.0
0 966.5 92.5 17.0 23.0
0 533.5 91.5 15.0 23.0
0 569.5 101.0 27.0 24.0
0 615.0 105.5 22.0 21.0
0 702.0 110.0 22.0 24.0
0 681.5 122.0 19.0 26.0
0 742.0 108.5 22.0 29.0
0 775.5 103.0 19.0 22.0
0 817.5 105.0 21.0 24.0
0 842.5 89.5 19.0 19.0
0 861.0 99.0 18.0 24.0
0 890.0 88.5 14.0 15.0
0 905.5 109.0 17.0 28.0
0 891.0 131.0 24.0 24.0
0 966.5 132.0 27.0 28.0
0 833.0 122.0 24.0 26.0
0 1000.0 137.0 20.0 26.0
0 992.5 157.5 23.0 33.0
0 930.0 152.0 24.0 28.0
0 779.0 130.5 28.0 25.0
0 402.0 114.0 10.0 24.0
0 418.5 115.5 17.0 25.0
0 441.5 118.0 19.0 26.0
0 470.5 119.0 17.0 24.0
0 516.0 133.5 16.0 19.0
0 570.0 127.5 22.0 21.0
0 600.5 147.5 27.0 35.0
0 675.5 150.0 23.0 30.0
0 731.5 149.0 27.0 32.0
0 817.0 149.0 30.0 38.0
0 776.0 167.5 28.0 35.0
0 836.5 164.0 29.0 30.0
0 900.0 172.0 24.0 26.0
0 352.0 128.0 14.0 18.0
0 362.5 136.5 19.0 21.0
0 651.5 186.0 27.0 34.0
0 588.5 184.0 27.0 36.0
0 546.5 178.5 21.0 29.0
0 383.5 159.0 19.0 24.0
0 387.5 182.0 23.0 26.0
0 450.0 150.5 20.0 25.0
0 306.0 159.0 16.0 18.0
0 283.5 162.0 23.0 22.0
0 363.5 157.0 21.0 22.0
0 392.0 132.5 18.0 23.0
0 632.0 88.5 14.0 21.0
0 656.5 85.5 15.0 15.0
0 804.5 83.5 21.0 23.0
0 712.5 125.0 25.0 26.0
0 502.5 121.5 23.0 25.0
0 513.0 99.5 16.0 23.0
0 431.0 132.0 20.0 28.0
