0 21.5 290.0 27.0 36.0
0 280.0 231.0 18.0 22.0
0 311.5 255.5 25.0 29.0
0 358.5 249.0 23.0 28.0
0 403.5 245.5 23.0 27.0
0 347.5 210.0 19.0 24.0
0 432.0 199.5 16.0 19.0
0 436.5 224.5 17.0 21.0
0 466.0 231.0 18.0 26.0
0 498.0 233.0 24.0 28.0
0 546.5 237.0 19.0 26.0
0 497.5 204.5 17.0 21.0
0 471.5 179.5 15.0 19.0
0 492.5 184.0 15.0 20.0
0 535.0 181.0 18.0 20.0
0 528.0 212.0 22.0 24.0
0 572.0 206.5 16.0 23.0
0 608.5 218.0 19.0 26.0
0 522.5 162.5 15.0 17.0
0 573.5 181.0 17.0 18.0
0 565.5 161.5 13.0 15.0
0 575.5 160.0 15.0 16.0
0 602.5 183.0 17.0 22.0
0 631.0 187.5 18.0 21.0
0 636.5 167.0 15.0 18.0
0 662.5 168.5 15.0 19.0
0 663.0 199.0 18.0 22.0
0 649.0 243.5 26.0 31.0
0 562.5 281.5 29.0 35.0
0 652.0 289.5 30.0 35.0
0 705.5 179.0 17.0 22.0
0 696.0 170.0 14.0 18.0
0 687.0 148.5 12.0 17.0
0 700.5 149.5 13.0 15.0
0 729.0 170.5 16.0 21.0
0 734.0 151.5 14.0 19.0
0 740.0 137.5 14.0 19.0
0 760.0 148.0 12.0 18.0
0 777.0 151.5 14.0 19.0
0 782.0 169.0 16.0 20.0
0 801.0 141.0 12.0 16.0
0 820.5 156.0 13.0 22.0
0 850.5 150.0 13.0 18.0
0 855.5 167.5 17.0 23.0
0 822.5 178.5 15.0 21.0
0 840.0 199.5 20.0 27.0
0 769.5 207.0 21.0 28.0
0 726.0 232.0 26.0 30.0
0 882.5 195.0 17.0 22.0
0 726.0 310.5 32.0 45.0
0 725.5 273.5 29.0 33.0
0 798.5 255.5 25.0 35.0
0 785.5 235.5 21.0 27.0
0 841.5 246.5 23.0 31.0
0 858.5 333.0 37.0 58.0
0 778.5 327.0 43.0 40.0
0 943.5 302.5 31.0 35.0
0 872.0 285.5 26.0 31.0
0 1017.5 361.0 37.0 44.0
0 1031.5 321.0 33.0 42.0
0 1103.0 318.0 34.0 44.0
0 1048.5 255.5 25.0 35.0
0 986.5 250.5 25.0 33.0
0 1018.0 231.0 18.0 28.0
0 1021.0 212.0 18.0 22.0
0 993.5 213.0 19.0 24.0
0 939.0 200.5 18.0 21.0
0 898.5 176.5 19.0 21.0
0 923.0 181.0 14.0 20.0
0 930.5 160.5 17.0 21.0
0 957.5 171.0 17.0 18.0
0 947.0 166.5 14.0 19.0
0 999.0 185.5 16.0 21.0
0 1025.0 172.0 16.0 20.0
0 1036.0 190.5 16.0 27.0
0 1045.0 182.5 12.0 21.0
0 1062.5 176.0 15.0 24.0
0 1073.5 231.0 19.0 26.0
0 1081.5 213.5 15.0 25.0
0 1087.5 191.0 15.0 20.0
0 1109.5 223.0 17.0 26.0
0 1124.5 239.0 21.0 30.0
0 1137.5 210.5 15.0 21.0
0 1138.0 190.5 14.0 21.0
0 1114.0 209.5 18.0 25.0
