0 119.0 346.0 68.0 70.0
0 242.5 174.5 27.0 29.0
0 277.5 167.0 27.0 30.0
0 328.5 146.5 25.0 27.0
0 379.0 130.5 24.0 25.0
0 393.5 148.5 29.0 29.0
0 432.5 126.0 23.0 26.0
0 459.5 156.5 31.0 29.0
0 447.0 118.5 24.0 23.0
0 482.5 114.0 25.0 24.0
0 480.0 143.5 22.0 25.0
0 543.5 185.5 31.0 33.0
0 581.0 148.0 28.0 34.0
0 527.5 121.5 27.0 27.0
0 538.0 101.5 16.0 23.0
0 563.0 99.5 20.0 19.0
0 607.5 95.5 23.0 23.0
0 613.5 121.5 23.0 29.0
0 643.5 100.5 23.0 27.0
0 683.0 131.0 24.0 26.0
0 689.0 98.5 20.0 25.0
0 684.5 83.0 19.0 20.0
0 715.5 82.0 17.0 22.0
0 719.0 102.0 22.0 26.0
0 717.0 121.5 18.0 23.0
0 746.0 114.5 22.0 27.0
0 751.0 94.0 20.0 20.0
0 738.5 75.0 19.0 22.0
0 770.5 121.0 21.0 28.0
0 781.0 78.0 20.0 24.0
0 814.5 107.0 21.0 22.0
0 811.5 87.0 19.0 20.0
0 829.0 76.5 16.0 19.0
0 851.5 85.0 21.0 22.0
0 853.0 101.5 22.0 25.0
0 853.5 128.0 21.0 28.0
0 835.0 137.0 24.0 30.0
0 880.5 98.0 19.0 26.0
0 764.5 174.0 35.0 32.0
0 708.5 203.0 35.0 40.0
0 750.5 223.5 33.0 37.0
0 819.5 236.5 37.0 41.0
0 896.0 244.0 32.0 46.0
0 904.5 158.0 29.0 32.0
0 932.0 174.0 24.0 26.0
0 991.0 270.5 38.0 53.0
0 1075.0 293.0 38.0 50.0
0 1101.0 241.5 30.0 41.0
0 1070.5 203.5 25.0 31.0
0 1009.0 178.0 28.0 32.0
0 981.5 159.5 25.0 31.0
0 919.0 139.5 24.0 27.0
0 929.5 117.0 21.0 26.0
0 957.0 111.0 20.0 26.0
0 993.0 135.5 20.0 21.0
0 1019.0 137.5 24.0 25.0
0 1003.5 115.5 21.0 23.0
0 1046.5 127.5 19.0 21.0
0 1078.0 139.5 16.0 23.0
0 1092.0 139.0 16.0 26.0
0 1116.0 137.0 20.0 24.0
0 1116.0 155.0 18.0 26.0
0 1098.5 173.0 23.0 30.0
0 1144.0 201.5 24.0 33.0
0 1175.0 228.5 30.0 41.0
0 1180.0 286.0 28.0 40.0
0 1210.0 219.5 22.0 35.0
0 1208.5 193.0 19.0 24.0
0 1216.0 153.5 16.0 21.0
0 1174.0 146.0 16.0 24.0
0 1154.0 165.0 20.0 30.0
