0 101.0 194.0 20.0 24.0
0 747.0 66.5 18.0 19.0
0 813.5 67.5 15.0 19.0
0 875.5 86.0 11.0 14.0
0 622.5 73.5 15.0 15.0
0 525.5 85.5 21.0 19.0
0 574.0 91.5 18.0 19.0
0 288.0 131.5 24.0 29.0
0 214.5 229.5 53.0 65.0
0 196.5 282.0 61.0 60.0
0 740.5 99.5 21.0 25.0
0 768.0 85.5 20.0 25.0
0 805.0 93.0 20.0 20.0
0 913.0 113.0 24.0 26.0
0 941.0 143.5 22.0 27.0
0 826.5 181.5 31.0 29.0
0 861.0 115.5 20.0 21.0
0 718.0 158.0 24.0 28.0
0 676.0 150.0 22.0 30.0
0 584.0 127.0 18.0 22.0
0 487.0 118.0 22.0 24.0
0 511.0 124.5 18.0 23.0
0 551.5 111.0 21.0 22.0
0 602.5 96.0 21.0 22.0
0 626.0 104.5 20.0 23.0
0 437.5 121.0 25.0 20.0
0 525.5 191.5 31.0 33.0
0 403.0 169.0 30.0 28.0
0 379.5 175.5 33.0 31.0
0 775.0 174.5 26.0 29.0
0 454.0 139.5 20.0 27.0
0 488.5 143.5 31.0 31.0
0 466.5 179.5 31.0 29.0
0 782.5 105.5 21.0 23.0
0 814.0 113.0 20.0 24.0
0 495.5 100.0 15.0 22.0
0 509.5 100.0 19.0 20.0
