0 104.0 362.0 56.0 72.0
0 364.0 191.5 26.0 29.0
0 400.0 156.5 18.0 25.0
0 418.0 165.0 20.0 24.0
0 426.5 184.5 23.0 25.0
0 434.0 216.0 28.0 32.0
0 438.5 164.0 21.0 26.0
0 453.5 183.5 23.0 27.0
0 468.5 169.0 25.0 30.0
0 488.5 205.5 29.0 37.0
0 497.5 160.0 25.0 28.0
0 530.0 161.5 26.0 33.0
0 515.0 145.5 20.0 21.0
0 527.0 131.0 18.0 22.0
0 557.5 146.5 23.0 27.0
0 601.0 160.0 28.0 32.0
0 611.5 140.0 21.0 26.0
0 586.5 125.5 17.0 21.0
0 584.5 105.0 17.0 20.0
0 604.5 105.5 19.0 19.0
0 627.5 107.0 17.0 24.0
0 651.5 117.0 17.0 22.0
0 649.5 92.5 19.0 19.0
0 673.5 96.0 21.0 22.0
0 675.5 125.5 23.0 27.0
0 704.5 133.0 25.0 24.0
0 699.0 99.0 20.0 22.0
0 703.5 84.5 15.0 17.0
0 728.0 93.0 20.0 20.0
0 721.5 109.5 23.0 23.0
0 738.5 80.0 15.0 22.0
0 766.0 82.0 12.0 12.0
0 770.0 102.5 20.0 21.0
0 791.0 94.5 20.0 25.0
0 818.0 95.0 18.0 24.0
0 835.0 94.5 16.0 23.0
0 819.5 71.0 15.0 18.0
0 827.5 78.5 17.0 15.0
0 874.5 79.0 17.0 18.0
0 699.0 172.0 32.0 32.0
0 683.0 208.5 38.0 39.0
0 754.5 239.5 43.0 45.0
0 758.0 175.5 32.0 39.0
0 772.5 153.5 25.0 31.0
0 830.5 186.0 37.0 38.0
0 833.0 153.0 28.0 30.0
0 852.5 143.0 27.0 30.0
0 889.5 156.0 29.0 38.0
0 910.0 134.5 24.0 29.0
0 929.5 169.5 27.0 43.0
0 947.5 123.5 27.0 33.0
0 934.5 98.5 19.0 27.0
0 898.0 104.0 18.0 24.0
0 917.5 108.0 19.0 20.0
0 952.0 87.5 18.0 19.0
0 999.0 107.5 22.0 21.0
0 1009.0 85.5 14.0 21.0
0 1022.5 104.0 17.0 24.0
0 1044.5 92.5 17.0 21.0
0 1067.5 117.5 21.0 25.0
0 1083.5 106.5 23.0 25.0
0 1097.5 96.0 15.0 24.0
0 1042.0 151.5 28.0 33.0
0 1077.5 160.5 21.0 35.0
0 1074.0 194.5 32.0 33.0
0 1012.5 185.0 29.0 32.0
0 957.5 163.5 29.0 27.0
0 997.0 201.5 32.0 39.0
0 1035.5 222.5 33.0 43.0
0 1051.5 285.5 47.0 59.0
0 1120.5 324.0 55.0 58.0
0 1062.0 254.5 42.0 45.0
0 1153.0 216.0 32.0 38.0
0 1132.5 157.5 23.0 31.0
0 1118.0 134.5 18.0 23.0
0 1125.0 114.0 18.0 20.0
0 1130.5 98.0 17.0 22.0
0 1178.0 109.0 16.0 20.0
0 1173.5 125.5 15.0 21.0
0 1173.0 159.0 24.0 32.0
