0 151.5 239.5 31.0 49.0
0 335.5 142.0 21.0 24.0
0 359.0 137.5 24.0 27.0
0 396.5 120.0 19.0 22.0
0 384.0 137.5 24.0 25.0
0 393.0 184.5 28.0 25.0
0 422.5 175.5 25.0 33.0
0 421.0 113.5 20.0 23.0
0 439.0 119.0 26.0 20.0
0 437.0 139.5 26.0 25.0
0 487.0 109.0 24.0 20.0
0 504.0 146.5 24.0 25.0
0 530.5 120.0 23.0 22.0
0 525.5 93.5 21.0 17.0
0 563.5 103.0 25.0 24.0
0 611.0 72.0 20.0 20.0
0 589.0 98.0 24.0 24.0
0 573.0 124.0 24.0 24.0
0 633.5 80.5 17.0 13.0
0 635.0 102.0 20.0 20.0
0 665.5 88.5 21.0 23.0
0 540.5 173.5 27.0 33.0
0 584.5 188.5 35.0 41.0
0 645.5 159.0 29.0 30.0
0 675.0 118.5 18.0 25.0
0 681.0 184.0 28.0 30.0
0 710.5 164.5 23.0 27.0
0 721.0 129.0 32.0 34.0
0 710.5 110.5 23.0 27.0
0 742.0 95.5 24.0 29.0
0 760.5 42.0 17.0 22.0
0 858.0 47.5 18.0 23.0
0 800.0 117.0 30.0 30.0
0 756.0 140.5 32.0 37.0
0 780.0 161.0 26.0 32.0
0 833.0 162.5 28.0 29.0
0 823.0 132.0 32.0 34.0
0 826.0 101.0 18.0 30.0
0 920.0 97.0 16.0 28.0
0 901.5 187.0 31.0 34.0
0 925.5 153.0 27.0 28.0
0 982.5 170.0 25.0 30.0
0 985.5 145.5 21.0 29.0
0 988.0 78.0 18.0 28.0
0 1000.5 85.0 21.0 30.0
