0 83.5 321.5 69.0 77.0
0 227.0 162.5 28.0 33.0
0 264.0 166.5 32.0 33.0
0 311.5 134.5 27.0 27.0
0 358.5 138.5 25.0 31.0
0 362.0 117.0 26.0 28.0
0 383.0 129.0 26.0 34.0
0 412.0 117.5 20.0 25.0
0 429.0 111.5 24.0 23.0
0 441.0 146.5 24.0 27.0
0 473.5 132.0 17.0 26.0
0 463.5 105.0 23.0 24.0
0 519.0 182.0 32.0 28.0
0 562.5 139.5 27.0 31.0
0 587.0 116.5 22.0 27.0
0 589.0 86.5 22.0 25.0
0 538.0 88.0 22.0 26.0
0 518.5 108.0 21.0 22.0
0 511.5 92.5 21.0 21.0
0 636.0 127.5 26.0 29.0
0 623.0 93.0 22.0 28.0
0 691.0 111.0 22.0 22.0
0 672.0 89.5 20.0 23.0
0 665.0 73.0 20.0 20.0
0 697.5 72.0 21.0 26.0
0 722.0 64.0 20.0 24.0
0 732.5 85.0 23.0 26.0
0 727.5 107.0 21.0 24.0
0 753.5 108.5 23.0 29.0
0 762.5 69.5 17.0 23.0
0 783.5 82.0 21.0 26.0
0 796.0 98.5 18.0 21.0
0 795.0 68.5 18.0 23.0
0 832.5 73.0 21.0 22.0
0 835.0 91.5 22.0 23.0
0 865.0 85.0 20.0 24.0
0 694.5 190.5 31.0 41.0
0 733.5 220.5 33.0 39.0
0 800.0 230.0 36.0 40.0
0 746.0 163.5 34.0 33.0
0 793.5 153.0 31.0 38.0
0 866.5 118.5 23.0 25.0
0 876.0 146.5 30.0 33.0
0 889.5 115.5 21.0 27.0
0 898.5 129.5 19.0 25.0
0 917.0 113.5 20.0 23.0
0 944.0 116.0 18.0 24.0
0 942.5 101.0 21.0 20.0
0 909.0 162.0 24.0 32.0
0 880.5 230.0 31.0 38.0
0 970.5 254.5 39.0 49.0
0 991.5 171.5 25.0 35.0
0 963.0 145.5 22.0 33.0
0 992.5 124.0 23.0 26.0
0 985.0 104.0 20.0 22.0
0 1010.0 119.5 16.0 23.0
0 1057.0 126.5 16.0 23.0
0 1046.0 193.0 22.0 32.0
0 1058.0 178.5 20.0 23.0
0 1083.0 158.5 22.0 31.0
0 1073.5 140.5 19.0 21.0
0 1095.5 145.5 19.0 21.0
0 1105.0 131.5 18.0 25.0
0 1072.0 245.0 30.0 42.0
0 1076.5 284.5 47.0 41.0
0 1172.5 261.0 35.0 46.0
0 1158.0 219.5 26.0 41.0
0 1137.5 190.0 25.0 36.0
0 1139.0 155.0 16.0 22.0
0 1156.0 136.5 16.0 25.0
0 1197.5 152.0 17.0 20.0
0 1190.0 173.0 20.0 24.0
0 1181.5 183.0 21.0 26.0
0 1189.0 211.0 30.0 36.0
