0 157.5 389.0 43.0 56.0
0 273.0 254.5 30.0 27.0
0 322.5 250.5 31.0 31.0
0 357.5 216.5 25.0 29.0
0 360.5 264.0 27.0 28.0
0 397.5 277.0 29.0 36.0
0 443.5 211.5 25.0 23.0
0 471.0 238.0 22.0 22.0
0 508.0 239.5 28.0 23.0
0 503.0 212.5 26.0 23.0
0 484.0 181.5 20.0 21.0
0 535.5 199.0 23.0 22.0
0 527.0 174.5 16.0 17.0
0 577.5 236.0 25.0 26.0
0 627.0 227.0 24.0 28.0
0 626.5 189.0 25.0 22.0
0 691.5 195.0 21.0 22.0
0 667.0 178.0 16.0 22.0
0 569.5 201.0 23.0 16.0
0 562.0 182.0 20.0 18.0
0 581.5 168.0 25.0 16.0
0 743.0 152.0 14.0 20.0
0 705.0 158.5 14.0 17.0
0 774.0 151.0 26.0 22.0
0 814.5 167.5 19.0 19.0
0 845.5 157.0 19.0 18.0
0 873.0 176.5 16.0 21.0
0 840.5 225.5 23.0 27.0
0 870.0 212.5 20.0 25.0
0 906.0 183.0 22.0 22.0
0 749.5 177.5 15.0 17.0
0 659.5 263.5 31.0 33.0
0 566.5 302.0 39.0 36.0
0 627.0 340.0 36.0 32.0
0 693.5 321.5 41.0 47.0
0 737.5 258.0 29.0 26.0
0 743.5 231.0 29.0 20.0
0 801.5 242.0 21.0 24.0
0 785.0 219.5 24.0 21.0
0 794.0 181.0 18.0 20.0
0 773.5 285.5 37.0 33.0
0 845.5 257.0 33.0 32.0
0 791.0 346.0 34.0 40.0
0 863.5 355.0 45.0 54.0
0 981.0 379.5 36.0 49.0
0 912.5 289.0 31.0 32.0
0 948.0 295.0 34.0 50.0
0 992.0 262.0 26.0 30.0
0 1052.0 290.5 28.0 31.0
0 1037.5 323.5 37.0 37.0
0 1133.5 332.5 41.0 41.0
0 1133.5 290.0 25.0 32.0
0 1141.0 248.5 22.0 27.0
0 1097.0 238.5 22.0 23.0
0 1036.5 228.0 21.0 20.0
0 1003.5 213.5 21.0 23.0
0 930.0 218.0 22.0 22.0
0 1056.5 223.0 13.0 20.0
0 1045.5 193.0 13.0 22.0
0 1074.5 184.5 17.0 23.0
0 1102.5 197.5 15.0 25.0
0 1148.0 191.5 20.0 23.0
0 1139.5 232.0 23.0 30.0
0 1149.5 209.0 17.0 18.0
0 995.0 170.0 20.0 16.0
0 962.5 171.0 27.0 24.0
0 920.0 167.0 24.0 20.0
0 686.5 160.5 19.0 21.0
0 773.5 177.5 15.0 17.0
0 648.5 198.0 19.0 18.0
0 636.5 172.5 17.0 13.0
0 511.5 190.0 17.0 20.0
0 707.5 189.0 17.0 20.0
0 824.5 201.5 21.0 19.0
0 1073.0 269.5 20.0 21.0
0 437.0 243.0 22.0 22.0
0 952.5 204.5 19.0 19.0
0 1035.0 184.0 16.0 22.0
