0 206.0 338.0 62.0 56.0
0 365.0 190.5 28.0 31.0
0 382.0 167.5 22.0 27.0
0 422.5 182.5 25.0 27.0
0 413.0 162.0 20.0 24.0
0 455.0 181.0 26.0 30.0
0 468.0 163.5 20.0 25.0
0 452.0 155.0 20.0 26.0
0 493.0 200.0 32.0 36.0
0 503.0 160.5 24.0 25.0
0 525.5 134.0 19.0 24.0
0 560.0 151.0 26.0 26.0
0 540.5 133.5 25.0 29.0
0 560.0 128.5 20.0 23.0
0 561.0 109.0 20.0 20.0
0 589.5 120.5 19.0 23.0
0 577.5 112.0 15.0 20.0
0 598.0 101.5 18.0 23.0
0 610.0 134.0 28.0 32.0
0 625.5 157.0 25.0 34.0
0 653.0 116.0 22.0 26.0
0 644.5 101.0 19.0 18.0
0 637.0 90.5 16.0 15.0
0 669.0 128.0 20.0 28.0
0 680.0 96.0 20.0 24.0
0 697.0 99.0 20.0 20.0
0 723.0 115.0 22.0 26.0
0 704.0 76.5 16.0 21.0
0 740.5 90.5 15.0 19.0
0 764.0 107.5 22.0 25.0
0 760.0 88.5 18.0 21.0
0 727.5 82.5 13.0 17.0
0 771.5 69.0 13.0 16.0
0 795.0 70.0 16.0 18.0
0 806.0 98.0 24.0 26.0
0 832.0 92.5 16.0 21.0
0 839.5 71.5 15.0 21.0
0 858.5 78.5 17.0 21.0
0 854.5 111.0 21.0 24.0
0 852.5 137.0 25.0 26.0
0 825.5 154.0 29.0 34.0
0 669.0 208.0 38.0 50.0
0 702.0 168.5 32.0 35.0
0 754.5 173.5 31.0 43.0
0 781.5 141.0 27.0 34.0
0 837.0 187.0 28.0 38.0
0 767.0 235.0 40.0 50.0
0 1024.5 275.5 51.0 61.0
0 1103.0 314.5 54.0 59.0
0 884.5 160.0 27.0 40.0
0 940.5 173.0 31.0 42.0
0 904.0 132.5 22.0 27.0
0 905.0 94.5 20.0 25.0
0 926.5 100.0 21.0 24.0
0 932.5 80.0 19.0 20.0
0 944.0 126.5 20.0 27.0
0 970.0 108.0 20.0 26.0
0 990.5 78.0 19.0 18.0
0 1011.5 87.0 15.0 24.0
0 1029.0 109.0 16.0 26.0
0 1041.0 97.0 14.0 24.0
0 1048.5 86.0 15.0 18.0
0 1054.5 129.0 19.0 26.0
0 1035.0 153.0 20.0 28.0
0 1024.0 180.0 22.0 32.0
0 973.5 148.0 25.0 28.0
0 1046.5 170.0 23.0 26.0
0 1055.0 205.0 34.0 48.0
0 1078.0 192.0 26.0 42.0
0 968.0 220.0 40.0 46.0
0 1153.0 232.5 40.0 47.0
0 1141.5 189.5 31.0 45.0
0 1149.5 166.5 27.0 33.0
0 1171.0 148.0 24.0 28.0
0 1114.5 133.0 21.0 24.0
0 1094.0 163.5 24.0 37.0
0 1085.0 135.0 18.0 22.0
0 1079.5 110.5 17.0 25.0
0 1094.5 100.0 19.0 24.0
0 1124.0 109.5 20.0 27.0
0 1140.0 98.5 20.0 23.0
0 1162.5 111.5 19.0 27.0
0 1000.5 130.5 27.0 27.0
