0 207.5 246.5 47.0 39.0
0 315.5 125.0 19.0 24.0
0 341.5 131.0 17.0 22.0
0 368.5 135.0 19.0 26.0
0 421.0 140.5 24.0 19.0
0 428.5 120.5 19.0 23.0
0 479.5 113.0 23.0 20.0
0 431.5 88.5 13.0 17.0
0 445.5 90.0 13.0 22.0
0 481.5 89.0 25.0 22.0
0 510.5 88.0 17.0 20.0
0 558.0 88.5 22.0 23.0
0 574.5 108.5 23.0 21.0
0 649.5 134.0 19.0 30.0
0 688.5 134.0 27.0 22.0
0 658.5 28.0 13.0 18.0
0 751.5 84.5 23.0 23.0
0 928.5 113.5 17.0 23.0
0 917.0 140.0 24.0 34.0
0 935.0 192.0 34.0 40.0
0 948.5 141.5 21.0 29.0
0 965.0 115.0 16.0 24.0
0 989.5 107.0 15.0 20.0
0 409.0 119.5 18.0 21.0
0 661.5 118.0 19.0 24.0
