0 131.0 265.5 58.0 59.0
0 314.5 127.5 17.0 27.0
0 314.5 113.0 13.0 16.0
0 350.0 110.0 14.0 18.0
0 412.5 109.0 17.0 22.0
0 448.0 114.5 16.0 21.0
0 448.0 95.5 14.0 15.0
0 477.5 122.0 19.0 26.0
0 481.5 105.5 17.0 19.0
0 533.0 112.5 18.0 21.0
0 563.5 86.5 15.0 19.0
0 584.5 89.5 17.0 19.0
0 616.5 52.5 11.0 15.0
0 689.0 66.0 12.0 18.0
0 702.0 63.5 12.0 15.0
0 515.0 166.0 20.0 30.0
0 585.0 130.0 20.0 24.0
0 592.0 160.5 18.0 29.0
0 608.5 160.0 27.0 38.0
0 628.0 152.5 26.0 33.0
0 680.5 133.5 21.0 23.0
0 691.0 182.5 34.0 41.0
0 677.0 116.0 20.0 24.0
0 678.5 94.5 15.0 19.0
0 708.5 105.0 17.0 26.0
0 724.0 124.5 20.0 25.0
0 727.5 199.0 25.0 36.0
0 745.0 95.5 12.0 21.0
0 764.5 80.5 13.0 19.0
0 786.5 72.5 11.0 13.0
0 789.5 95.5 15.0 25.0
0 804.0 107.5 14.0 21.0
0 831.5 97.5 13.0 17.0
0 844.5 82.5 13.0 19.0
0 844.5 103.0 15.0 24.0
0 870.5 101.0 13.0 18.0
0 907.5 88.5 13.0 21.0
0 943.5 94.5 15.0 17.0
0 841.0 130.5 18.0 23.0
0 810.5 146.0 19.0 26.0
0 816.5 158.0 19.0 26.0
0 818.5 196.0 27.0 34.0
0 849.0 180.0 24.0 34.0
0 906.0 234.0 26.0 42.0
0 923.0 183.5 20.0 29.0
0 912.0 170.0 24.0 26.0
0 870.0 162.5 22.0 19.0
0 891.5 126.5 17.0 29.0
0 932.0 135.5 18.0 27.0
0 949.0 113.5 14.0 17.0
0 926.5 90.0 11.0 18.0
0 883.0 80.5 12.0 17.0
0 880.0 90.5 12.0 19.0
0 819.0 103.5 16.0 27.0
0 632.0 123.0 20.0 24.0
0 420.0 83.5 12.0 11.0
0 420.0 94.5 14.0 17.0
0 475.5 83.0 11.0 16.0
0 497.0 81.5 12.0 17.0
0 520.0 85.5 14.0 19.0
0 537.5 73.0 11.0 16.0
0 596.0 57.5 10.0 13.0
0 590.0 80.5 16.0 17.0
0 633.5 54.0 9.0 12.0
0 638.0 68.0 10.0 16.0
0 634.0 77.5 12.0 17.0
0 657.0 73.0 12.0 16.0
0 551.5 87.0 11.0 16.0
