0 146.5 344.0 39.0 46.0
0 99.5 318.5 35.0 41.0
0 100.0 262.5 28.0 35.0
0 24.0 176.0 20.0 22.0
0 44.5 162.0 19.0 24.0
0 54.0 132.0 16.0 18.0
0 151.0 150.0 20.0 24.0
0 161.5 139.0 15.0 20.0
0 191.5 131.0 19.0 24.0
0 221.5 131.0 17.0 24.0
0 222.5 169.0 25.0 26.0
0 245.0 271.0 28.0 38.0
0 289.5 227.0 25.0 30.0
0 302.5 196.5 21.0 29.0
0 249.0 94.0 14.0 18.0
0 278.0 98.0 18.0 22.0
0 309.0 93.5 14.0 17.0
0 360.0 137.5 20.0 23.0
0 371.5 115.0 17.0 20.0
0 374.0 99.0 16.0 16.0
0 398.0 155.0 20.0 24.0
0 438.5 138.5 21.0 25.0
0 481.5 127.5 19.0 21.0
0 447.0 72.5 16.0 19.0
0 505.0 73.5 16.0 19.0
0 523.0 64.5 14.0 17.0
0 518.0 120.5 20.0 23.0
0 580.5 97.5 17.0 19.0
0 607.5 87.5 15.0 19.0
0 600.0 67.0 16.0 18.0
0 585.0 114.5 16.0 19.0
0 621.5 124.0 15.0 22.0
0 636.0 80.5 14.0 15.0
0 650.5 65.5 13.0 15.0
0 678.5 113.5 17.0 17.0
0 610.5 149.5 19.0 23.0
0 591.5 184.5 25.0 33.0
0 689.0 199.5 28.0 33.0
0 714.0 137.5 18.0 25.0
0 718.0 102.5 18.0 21.0
0 732.5 78.5 15.0 19.0
0 771.0 88.0 16.0 20.0
0 745.0 96.5 14.0 17.0
0 782.0 163.0 20.0 20.0
0 806.5 107.0 15.0 18.0
0 707.5 290.0 31.0 40.0
0 852.0 214.0 22.0 28.0
0 883.0 176.5 26.0 23.0
0 872.5 149.0 17.0 22.0
0 886.5 142.0 13.0 16.0
0 901.5 139.0 13.0 16.0
0 893.0 127.5 14.0 13.0
0 958.5 137.5 17.0 21.0
0 1011.0 154.5 16.0 19.0
0 1062.5 180.0 17.0 20.0
0 1150.0 231.5 22.0 27.0
0 965.0 227.5 30.0 31.0
