0 134.0 194.0 34.0 36.0
0 297.5 119.0 15.0 18.0
0 306.5 130.5 17.0 19.0
0 335.0 130.0 14.0 20.0
0 348.5 110.5 13.0 19.0
0 333.5 97.0 15.0 16.0
0 360.5 131.5 19.0 23.0
0 388.5 138.5 19.0 19.0
0 387.5 103.5 15.0 19.0
0 416.5 101.0 15.0 18.0
0 422.0 111.5 14.0 19.0
0 431.5 124.0 19.0 24.0
0 455.0 117.0 16.0 16.0
0 422.0 79.0 10.0 14.0
0 461.0 90.0 16.0 18.0
0 470.0 77.5 14.0 17.0
0 486.5 96.5 15.0 19.0
0 502.5 112.0 13.0 16.0
0 491.0 80.5 14.0 15.0
0 488.5 74.5 13.0 11.0
0 498.0 68.5 12.0 13.0
0 514.0 75.5 12.0 13.0
0 525.0 67.0 12.0 14.0
0 521.5 94.0 15.0 20.0
0 550.5 85.0 15.0 12.0
0 555.0 96.5 16.0 19.0
0 549.5 75.5 11.0 11.0
0 556.0 66.0 14.0 14.0
0 583.0 63.5 12.0 17.0
0 590.5 57.5 11.0 13.0
0 605.5 57.5 13.0 13.0
0 597.5 73.0 13.0 12.0
0 586.0 94.0 16.0 18.0
0 580.0 126.5 18.0 23.0
0 554.5 158.5 31.0 29.0
0 493.5 155.0 25.0 32.0
0 599.5 180.5 21.0 37.0
0 620.0 136.5 20.0 25.0
0 625.0 113.0 16.0 18.0
0 617.5 78.5 13.0 15.0
0 623.0 66.0 12.0 14.0
0 631.0 57.0 12.0 12.0
0 666.0 55.5 10.0 15.0
0 663.5 72.5 11.0 15.0
0 666.5 97.5 13.0 19.0
0 666.0 155.5 20.0 33.0
0 693.5 172.5 27.0 33.0
0 720.0 160.5 22.0 25.0
0 708.0 124.5 18.0 19.0
0 704.5 97.5 17.0 19.0
0 706.0 85.0 14.0 14.0
0 682.0 63.5 12.0 15.0
0 689.5 53.0 11.0 10.0
0 707.0 57.0 12.0 14.0
0 746.0 69.5 14.0 17.0
0 776.5 75.0 15.0 18.0
0 748.0 90.5 16.0 19.0
0 755.0 97.0 16.0 18.0
0 798.0 99.5 16.0 19.0
0 799.0 117.0 18.0 22.0
0 756.0 136.5 22.0 23.0
0 771.0 168.0 22.0 34.0
0 741.0 216.0 28.0 40.0
0 821.0 225.0 28.0 34.0
0 892.5 227.5 27.0 41.0
0 911.0 182.5 24.0 31.0
0 923.5 159.5 17.0 25.0
0 865.0 146.5 20.0 25.0
0 836.5 166.5 23.0 33.0
0 811.5 140.5 21.0 29.0
0 878.5 122.0 17.0 20.0
0 921.5 121.5 19.0 25.0
0 824.0 91.5 16.0 13.0
