0 214.0 236.5 70.0 69.0
0 266.5 151.0 19.0 18.0
0 285.0 149.5 20.0 21.0
0 365.0 137.0 20.0 20.0
0 405.5 156.0 21.0 26.0
0 373.0 113.5 16.0 17.0
0 394.5 116.0 17.0 18.0
0 404.5 126.5 17.0 21.0
0 411.5 115.5 17.0 17.0
0 416.0 101.5 18.0 17.0
0 448.0 114.0 18.0 18.0
0 442.0 134.0 22.0 24.0
0 464.0 88.5 12.0 13.0
0 481.0 88.0 14.0 16.0
0 495.0 104.0 16.0 20.0
0 510.5 105.0 19.0 20.0
0 537.0 117.5 16.0 21.0
0 536.0 95.0 14.0 16.0
0 530.0 73.5 12.0 19.0
0 547.5 79.5 19.0 23.0
0 559.5 95.5 13.0 15.0
0 570.0 102.5 16.0 19.0
0 572.0 64.5 16.0 13.0
0 579.0 79.5 14.0 17.0
0 596.5 82.0 19.0 20.0
0 601.0 71.0 14.0 16.0
0 612.5 56.5 11.0 15.0
0 635.0 59.0 12.0 14.0
0 627.5 80.0 15.0 20.0
0 622.5 125.0 17.0 20.0
0 665.5 77.0 15.0 18.0
0 657.0 60.0 16.0 16.0
0 685.0 57.0 12.0 14.0
0 718.5 57.5 13.0 17.0
0 570.0 151.5 22.0 25.0
0 509.0 173.0 28.0 26.0
0 560.5 185.0 27.0 30.0
0 628.5 150.0 25.0 28.0
0 635.5 181.0 29.0 30.0
0 677.5 122.5 21.0 23.0
0 709.5 107.5 23.0 21.0
0 761.5 109.0 23.0 28.0
0 765.5 134.0 21.0 24.0
0 710.0 143.5 30.0 37.0
0 708.5 180.0 33.0 34.0
0 749.0 201.5 34.0 39.0
0 788.5 168.5 29.0 33.0
0 802.5 90.5 17.0 21.0
0 820.0 74.5 16.0 19.0
0 802.0 113.0 20.0 26.0
0 826.5 153.0 21.0 30.0
0 853.5 170.5 23.0 33.0
0 815.0 235.5 34.0 45.0
0 918.0 223.0 32.0 36.0
0 926.0 185.5 30.0 33.0
0 946.0 159.5 24.0 33.0
0 890.0 155.5 20.0 27.0
0 850.0 111.0 20.0 24.0
0 850.0 85.0 18.0 22.0
0 864.0 77.0 12.0 16.0
0 881.0 92.5 16.0 17.0
0 888.5 77.5 13.0 19.0
0 928.5 84.5 15.0 17.0
0 954.5 92.5 13.0 15.0
0 953.0 116.5 16.0 25.0
0 945.0 129.0 20.0 28.0
0 904.0 108.0 18.0 22.0
0 895.0 119.0 18.0 22.0
