0 669.0 292.0 38.0 36.0
0 789.5 325.0 43.0 54.0
0 753.0 153.0 18.0 24.0
0 811.0 150.5 18.0 21.0
0 857.0 160.0 20.0 20.0
0 737.5 159.0 19.0 18.0
0 706.5 165.0 21.0 30.0
0 686.5 164.5 19.0 23.0
0 786.0 160.0 20.0 26.0
0 770.0 158.0 18.0 24.0
0 577.5 169.0 21.0 22.0
0 532.5 181.5 21.0 21.0
0 488.5 193.0 25.0 28.0
0 439.0 215.5 28.0 25.0
0 666.0 178.0 20.0 26.0
0 626.0 190.0 24.0 28.0
0 360.0 216.0 22.0 26.0
0 287.5 243.5 23.0 25.0
0 25.0 304.5 36.0 39.0
0 321.0 267.5 28.0 29.0
0 357.0 268.0 26.0 30.0
0 417.5 250.5 29.0 33.0
0 454.0 247.5 26.0 27.0
0 478.5 235.0 21.0 28.0
0 550.0 194.5 24.0 29.0
0 537.0 268.0 28.0 34.0
0 499.5 241.5 31.0 31.0
0 579.0 217.0 24.0 26.0
0 619.5 230.5 31.0 29.0
0 571.0 293.5 42.0 35.0
0 660.5 252.5 37.0 37.0
0 691.5 207.0 19.0 26.0
0 713.5 191.5 11.0 21.0
0 766.0 191.5 26.0 23.0
0 734.5 185.5 29.0 25.0
0 831.0 195.5 24.0 33.0
0 868.0 182.5 16.0 19.0
0 733.5 237.5 25.0 27.0
0 783.5 224.5 23.0 25.0
0 909.0 178.0 22.0 28.0
0 926.0 169.0 24.0 28.0
0 951.0 172.5 16.0 21.0
0 969.0 175.5 14.0 27.0
0 1030.5 184.0 15.0 24.0
0 1066.0 178.0 20.0 22.0
0 998.0 192.5 20.0 27.0
0 1096.0 209.5 22.0 35.0
0 891.0 205.0 22.0 20.0
0 1141.5 201.0 21.0 24.0
0 1131.5 215.5 25.0 25.0
0 1002.0 217.5 20.0 23.0
0 948.0 205.5 22.0 17.0
0 923.5 198.5 23.0 19.0
0 734.0 322.0 36.0 50.0
0 750.5 260.5 19.0 37.0
0 803.0 266.0 34.0 46.0
0 845.5 254.0 27.0 34.0
0 901.5 292.5 37.0 41.0
0 862.0 344.0 38.0 52.0
0 962.5 304.0 33.0 36.0
0 996.5 263.0 29.0 46.0
0 1007.5 375.0 43.0 50.0
0 1038.0 336.0 48.0 40.0
0 1044.5 240.5 27.0 25.0
0 1074.0 245.5 36.0 43.0
0 1056.0 269.0 36.0 40.0
0 1116.5 330.0 31.0 40.0
0 1150.5 260.0 25.0 34.0
0 502.0 217.0 20.0 24.0
0 577.5 194.0 29.0 24.0
0 641.0 201.0 22.0 30.0
0 639.5 181.0 17.0 16.0
0 779.5 179.5 19.0 23.0
0 825.5 164.5 17.0 23.0
0 1047.5 205.5 21.0 31.0
0 1079.0 223.5 18.0 29.0
0 1122.5 236.0 23.0 32.0
