0 216.0 212.5 42.0 47.0
0 290.0 135.0 16.0 18.0
0 316.5 133.0 15.0 18.0
0 332.5 139.0 15.0 16.0
0 391.5 149.5 19.0 21.0
0 429.0 140.5 20.0 27.0
0 351.0 101.5 14.0 13.0
0 360.5 121.5 15.0 15.0
0 404.0 121.5 16.0 15.0
0 388.5 119.5 15.0 15.0
0 432.0 120.0 14.0 14.0
0 453.0 126.0 18.0 18.0
0 499.0 130.0 18.0 18.0
0 487.5 112.5 15.0 17.0
0 433.5 99.5 15.0 17.0
0 444.0 86.0 14.0 12.0
0 452.0 102.0 14.0 16.0
0 473.5 91.0 15.0 14.0
0 484.5 82.0 11.0 12.0
0 503.0 94.5 14.0 13.0
0 529.5 85.0 13.0 14.0
0 548.0 91.5 14.0 15.0
0 529.5 109.0 15.0 16.0
0 579.0 110.5 18.0 21.0
0 576.0 94.0 14.0 14.0
0 571.0 85.5 12.0 11.0
0 565.5 76.5 13.0 13.0
0 547.5 72.5 13.0 13.0
0 522.0 70.5 14.0 13.0
0 602.0 69.0 16.0 18.0
0 606.5 100.0 15.0 14.0
0 649.5 90.5 13.0 15.0
0 622.0 77.5 18.0 15.0
0 634.0 64.0 10.0 14.0
0 647.5 73.5 13.0 15.0
0 658.0 62.5 14.0 17.0
0 678.5 76.0 15.0 16.0
0 689.0 61.0 14.0 16.0
0 699.5 78.0 13.0 14.0
0 715.5 71.5 11.0 13.0
0 718.0 59.0 10.0 12.0
0 737.0 65.0 14.0 16.0
0 696.0 111.5 18.0 19.0
0 514.5 164.0 27.0 28.0
0 565.0 170.5 22.0 31.0
0 587.5 147.5 23.0 23.0
0 652.5 151.0 23.0 26.0
0 655.0 128.5 18.0 17.0
0 622.5 192.0 23.0 34.0
0 701.0 197.5 30.0 37.0
0 703.5 163.0 25.0 28.0
0 761.5 179.5 27.0 31.0
0 775.0 228.0 34.0 46.0
0 845.5 240.0 29.0 40.0
0 814.5 174.0 23.0 34.0
0 797.5 150.0 19.0 24.0
0 754.0 137.5 22.0 27.0
0 726.5 121.5 19.0 23.0
0 728.0 98.5 20.0 19.0
0 752.0 94.5 14.0 15.0
0 781.5 101.5 15.0 17.0
0 781.0 119.5 18.0 21.0
0 780.0 79.0 16.0 20.0
0 797.5 93.5 15.0 19.0
0 817.0 81.5 16.0 19.0
0 828.0 92.5 14.0 19.0
0 845.0 93.0 16.0 16.0
0 831.5 138.0 21.0 24.0
0 856.0 149.5 20.0 29.0
0 880.0 193.0 30.0 30.0
0 897.5 150.5 19.0 23.0
0 925.5 135.5 15.0 23.0
0 972.0 128.0 14.0 18.0
0 964.0 168.0 18.0 26.0
0 949.0 204.0 20.0 32.0
0 940.0 255.0 34.0 46.0
