0 259.5 196.5 49.0 55.0
0 243.0 109.0 12.0 18.0
0 260.5 113.5 11.0 15.0
0 274.5 112.5 13.0 19.0
0 288.0 102.0 14.0 16.0
0 302.0 111.5 14.0 19.0
0 319.0 92.5 12.0 17.0
0 323.0 118.0 14.0 20.0
0 337.0 105.5 10.0 15.0
0 345.5 103.5 13.0 13.0
0 354.5 117.5 15.0 21.0
0 387.5 116.5 19.0 19.0
0 385.0 79.5 14.0 15.0
0 406.0 99.5 14.0 23.0
0 422.5 77.0 11.0 12.0
0 433.0 77.0 12.0 16.0
0 435.0 58.5 8.0 9.0
0 462.0 61.5 8.0 13.0
0 459.5 85.5 11.0 19.0
0 472.0 80.5 14.0 11.0
0 487.0 90.5 12.0 21.0
0 496.5 78.0 13.0 16.0
0 524.0 55.5 10.0 11.0
0 531.5 77.0 13.0 22.0
0 517.0 107.0 20.0 24.0
0 535.0 113.0 16.0 20.0
0 557.0 116.0 16.0 22.0
0 541.0 52.5 10.0 11.0
0 547.5 67.5 15.0 17.0
0 562.5 77.0 13.0 16.0
0 582.5 55.0 11.0 16.0
0 603.0 59.5 14.0 19.0
0 618.0 57.0 10.0 14.0
0 580.5 88.5 15.0 17.0
0 589.0 114.5 10.0 23.0
0 603.5 128.5 17.0 23.0
0 627.5 163.0 25.0 36.0
0 668.0 175.5 22.0 35.0
0 632.5 113.5 17.0 23.0
0 639.5 71.0 11.0 14.0
0 646.5 93.0 13.0 20.0
0 664.0 65.5 10.0 19.0
0 691.0 68.5 8.0 15.0
0 693.5 82.0 13.0 14.0
0 699.5 100.5 15.0 19.0
0 667.5 119.0 17.0 22.0
0 703.0 143.0 20.0 26.0
0 715.0 126.5 18.0 27.0
0 738.5 74.0 9.0 10.0
0 754.5 73.0 11.0 16.0
0 741.0 109.5 14.0 21.0
0 763.0 89.5 14.0 19.0
0 773.0 114.0 18.0 24.0
0 820.0 105.0 10.0 18.0
0 818.0 129.5 14.0 21.0
0 804.0 157.5 20.0 27.0
0 799.0 89.0 10.0 14.0
0 726.5 85.5 13.0 17.0
0 674.5 61.5 9.0 11.0
0 706.5 68.5 7.0 11.0
0 483.0 67.5 10.0 13.0
0 384.5 100.0 17.0 20.0
