0 213.5 277.0 39.0 48.0
0 309.0 144.0 20.0 22.0
0 339.0 144.0 18.0 18.0
0 366.0 149.5 24.0 19.0
0 353.5 123.5 17.0 21.0
0 407.0 116.0 16.0 22.0
0 418.5 104.5 13.0 15.0
0 409.5 145.5 15.0 23.0
0 426.5 154.5 25.0 25.0
0 459.0 154.5 22.0 25.0
0 458.0 126.5 18.0 25.0
0 488.5 127.5 17.0 25.0
0 465.5 93.5 17.0 19.0
0 474.5 76.5 15.0 17.0
0 457.5 94.5 15.0 19.0
0 518.0 122.5 20.0 23.0
0 561.0 119.5 16.0 23.0
0 532.5 92.0 15.0 18.0
0 534.0 80.5 12.0 15.0
0 553.5 74.0 15.0 14.0
0 562.0 93.5 16.0 21.0
0 576.0 74.5 14.0 13.0
0 595.5 103.5 13.0 19.0
0 639.0 72.0 22.0 26.0
0 618.0 92.5 16.0 17.0
0 607.5 76.5 13.0 13.0
0 606.0 90.0 12.0 12.0
0 680.5 36.0 11.0 14.0
0 662.5 73.0 11.0 14.0
0 706.0 69.5 12.0 15.0
0 745.0 37.0 12.0 16.0
0 721.0 90.0 10.0 12.0
0 761.0 74.0 12.0 16.0
0 786.0 68.5 12.0 15.0
0 533.5 259.5 73.0 75.0
0 627.0 141.0 28.0 32.0
0 612.0 114.0 20.0 20.0
0 678.0 131.0 18.0 24.0
0 782.5 201.0 33.0 42.0
0 829.0 209.0 28.0 34.0
0 871.5 187.5 23.0 29.0
0 765.0 161.5 24.0 31.0
0 710.5 156.5 25.0 31.0
0 734.0 131.0 22.0 22.0
0 694.0 109.0 14.0 16.0
0 793.0 114.5 16.0 19.0
0 807.5 92.0 13.0 16.0
0 812.5 113.0 15.0 16.0
0 829.0 120.0 18.0 22.0
0 799.5 132.5 19.0 23.0
0 842.0 150.0 22.0 28.0
0 871.0 148.5 18.0 21.0
0 830.0 82.5 18.0 21.0
0 854.0 97.0 14.0 16.0
0 879.0 80.0 16.0 18.0
0 874.0 107.5 12.0 17.0
0 892.5 119.0 19.0 18.0
0 908.5 154.0 19.0 32.0
0 926.5 154.5 17.0 21.0
0 974.0 168.5 20.0 19.0
0 939.0 54.5 16.0 17.0
0 929.0 99.5 16.0 23.0
0 944.0 91.5 12.0 13.0
0 956.5 115.5 15.0 17.0
0 954.0 141.0 16.0 18.0
0 989.0 134.0 14.0 24.0
0 998.5 105.5 15.0 19.0
0 987.0 112.5 16.0 17.0
0 1035.0 106.0 14.0 18.0
0 1077.0 83.5 12.0 19.0
0 1031.5 126.0 13.0 18.0
0 1016.0 140.5 16.0 23.0
0 1037.0 166.5 22.0 23.0
0 985.0 204.5 26.0 35.0
0 774.5 109.0 19.0 22.0
0 692.5 91.5 15.0 17.0
