0 198.0 191.0 48.0 48.0
0 254.5 124.5 17.0 15.0
0 276.5 92.5 15.0 17.0
0 317.0 82.5 16.0 21.0
0 323.5 123.0 19.0 22.0
0 355.0 63.0 12.0 14.0
0 373.0 65.5 12.0 17.0
0 368.5 121.5 21.0 23.0
0 397.5 137.0 21.0 20.0
0 413.0 92.5 14.0 19.0
0 436.5 58.5 15.0 13.0
0 455.5 86.5 17.0 25.0
0 485.5 61.5 13.0 15.0
0 473.0 68.5 8.0 11.0
0 510.0 91.5 12.0 15.0
0 475.0 82.5 12.0 13.0
0 508.0 74.0 8.0 16.0
0 503.0 63.5 10.0 11.0
0 519.0 65.0 10.0 14.0
0 553.0 62.5 14.0 19.0
0 553.0 131.5 18.0 27.0
0 524.5 103.0 13.0 20.0
0 571.5 54.5 9.0 11.0
0 601.5 54.5 13.0 15.0
0 584.5 68.5 17.0 25.0
0 628.5 57.0 13.0 18.0
0 644.5 48.5 13.0 17.0
0 594.0 131.5 18.0 25.0
0 630.0 93.5 20.0 23.0
0 668.5 63.5 13.0 17.0
0 639.0 140.0 18.0 24.0
0 641.5 114.5 21.0 25.0
0 666.5 94.0 15.0 16.0
0 675.5 111.0 13.0 18.0
0 685.5 128.0 19.0 22.0
0 690.5 145.5 21.0 25.0
0 706.0 60.5 18.0 21.0
0 688.0 75.0 14.0 14.0
0 739.5 82.0 17.0 20.0
0 730.5 131.5 19.0 27.0
0 754.5 154.0 21.0 24.0
0 754.0 86.5 14.0 17.0
0 755.5 67.0 17.0 18.0
0 772.0 73.5 14.0 19.0
0 806.0 57.0 16.0 14.0
0 804.5 81.0 19.0 14.0
0 791.0 95.5 18.0 17.0
0 808.0 101.5 18.0 17.0
0 798.5 118.0 19.0 18.0
0 824.0 95.0 14.0 18.0
0 814.0 156.5 24.0 29.0
0 818.5 131.0 23.0 18.0
0 844.0 116.0 16.0 20.0
0 862.0 87.5 14.0 19.0
0 884.0 89.0 14.0 26.0
0 895.0 88.0 10.0 18.0
0 924.5 79.5 11.0 21.0
0 889.0 116.5 18.0 23.0
0 865.5 145.0 23.0 24.0
0 884.5 147.5 17.0 23.0
0 850.5 171.0 29.0 30.0
0 835.5 80.5 17.0 15.0
0 631.5 61.0 13.0 16.0
0 401.5 118.0 19.0 22.0
0 422.0 77.5 16.0 13.0
