0 59.5 240.5 29.0 37.0
0 265.0 171.5 22.0 19.0
0 315.5 169.5 19.0 29.0
0 321.0 148.0 24.0 26.0
0 389.0 158.0 24.0 22.0
0 428.0 163.0 18.0 24.0
0 412.5 139.0 19.0 20.0
0 401.0 118.0 22.0 22.0
0 427.5 120.0 17.0 20.0
0 437.5 110.0 21.0 24.0
0 452.5 107.0 17.0 24.0
0 463.0 102.0 20.0 20.0
0 478.0 138.0 26.0 28.0
0 513.0 134.0 24.0 26.0
0 484.0 114.0 22.0 26.0
0 504.5 113.0 17.0 22.0
0 519.5 100.5 15.0 21.0
0 508.5 87.5 13.0 21.0
0 525.0 91.0 14.0 18.0
0 529.5 120.0 21.0 24.0
0 569.0 119.5 20.0 25.0
0 554.0 98.5 18.0 19.0
0 543.5 88.5 17.0 17.0
0 561.5 84.5 13.0 15.0
0 582.5 107.0 15.0 20.0
0 606.0 105.0 24.0 22.0
0 589.5 80.0 15.0 20.0
0 606.0 73.5 20.0 21.0
0 630.5 85.0 17.0 20.0
0 630.0 70.5 16.0 15.0
0 641.5 62.5 13.0 17.0
0 657.0 85.0 20.0 22.0
0 663.5 64.5 13.0 13.0
0 670.5 80.0 17.0 22.0
0 691.5 63.5 19.0 19.0
0 691.5 77.0 13.0 20.0
0 710.5 82.0 15.0 20.0
0 702.5 102.5 21.0 25.0
0 718.0 67.5 16.0 19.0
0 755.0 61.5 18.0 19.0
0 547.5 179.5 29.0 39.0
0 607.0 183.0 30.0 34.0
0 623.0 144.0 26.0 28.0
0 668.0 157.0 32.0 34.0
0 680.0 180.5 30.0 35.0
0 749.5 190.5 45.0 49.0
0 800.0 210.0 36.0 48.0
0 790.5 158.0 27.0 34.0
0 755.0 139.5 34.0 31.0
0 730.0 108.5 18.0 23.0
0 708.5 130.0 27.0 26.0
0 676.0 123.0 22.0 28.0
0 760.5 106.5 19.0 29.0
0 778.5 101.0 21.0 22.0
0 783.5 121.5 23.0 31.0
0 811.5 132.0 25.0 30.0
0 839.0 125.0 22.0 26.0
0 838.0 100.5 18.0 23.0
0 807.0 88.0 18.0 22.0
0 823.0 80.5 16.0 23.0
0 792.5 67.5 19.0 25.0
0 848.5 167.5 25.0 33.0
0 870.0 209.5 40.0 45.0
0 903.5 174.5 27.0 35.0
0 964.0 219.0 42.0 44.0
0 984.0 180.5 24.0 39.0
0 981.0 162.5 22.0 29.0
0 998.5 151.0 17.0 26.0
0 988.0 133.5 20.0 31.0
0 934.0 159.0 26.0 30.0
0 875.0 147.0 26.0 32.0
0 884.5 115.0 25.0 28.0
0 945.0 126.5 20.0 25.0
0 953.5 106.5 15.0 21.0
0 965.5 88.5 15.0 19.0
0 998.0 99.5 12.0 15.0
0 922.5 86.0 15.0 18.0
0 927.0 109.0 18.0 26.0
0 875.0 88.5 20.0 25.0
0 893.5 83.5 17.0 23.0
0 904.5 85.5 13.0 17.0
