0 227.0 269.5 56.0 71.0
0 275.0 264.0 54.0 70.0
0 336.5 168.5 25.0 29.0
0 393.0 156.0 26.0 28.0
0 440.5 141.0 21.0 28.0
0 461.0 172.0 26.0 26.0
0 509.5 190.0 31.0 38.0
0 481.5 136.5 23.0 27.0
0 483.0 111.5 22.0 25.0
0 508.5 118.0 21.0 26.0
0 572.0 120.0 22.0 24.0
0 482.0 60.0 14.0 20.0
0 514.5 46.5 17.0 19.0
0 569.5 80.5 17.0 21.0
0 590.5 89.0 17.0 22.0
0 617.5 91.0 21.0 22.0
0 703.5 150.5 29.0 37.0
0 765.0 171.5 32.0 41.0
0 739.0 90.0 20.0 24.0
0 760.0 87.0 20.0 24.0
0 781.5 91.0 19.0 22.0
0 804.0 84.5 18.0 25.0
0 834.0 94.5 20.0 25.0
0 855.0 104.0 22.0 28.0
0 874.0 74.5 18.0 21.0
0 945.5 142.5 27.0 33.0
0 883.0 192.0 34.0 38.0
