0 277.0 290.5 60.0 55.0
0 321.0 194.5 20.0 23.0
0 351.0 197.5 24.0 29.0
0 393.5 200.0 21.0 22.0
0 421.0 209.5 28.0 25.0
0 485.5 212.5 31.0 33.0
0 466.0 194.0 24.0 28.0
0 414.5 162.0 19.0 24.0
0 386.5 158.0 23.0 24.0
0 490.5 137.5 23.0 29.0
0 506.0 120.0 22.0 18.0
0 512.0 140.5 18.0 21.0
0 518.5 165.5 25.0 29.0
0 541.0 176.5 28.0 31.0
0 575.5 172.0 31.0 28.0
0 532.0 126.5 22.0 17.0
0 571.5 123.5 21.0 19.0
0 560.0 109.0 14.0 16.0
0 582.0 111.5 20.0 17.0
0 613.5 152.5 21.0 23.0
0 573.0 145.0 20.0 18.0
0 625.0 91.5 18.0 13.0
0 668.5 140.5 23.0 27.0
0 648.5 134.5 21.0 23.0
0 645.0 110.0 20.0 18.0
0 661.5 96.0 19.0 18.0
0 699.0 123.0 26.0 28.0
0 713.0 109.5 22.0 27.0
0 749.0 114.5 16.0 23.0
0 730.0 82.0 16.0 22.0
0 752.5 78.0 15.0 22.0
0 760.5 98.5 13.0 19.0
0 770.0 94.5 14.0 17.0
0 806.5 84.0 17.0 22.0
0 845.5 87.5 19.0 23.0
0 632.5 224.0 41.0 40.0
0 680.5 225.0 41.0 42.0
0 684.5 190.5 37.0 33.0
0 746.0 190.5 30.0 41.0
0 780.0 154.5 30.0 39.0
0 820.5 156.5 29.0 31.0
0 809.0 188.5 30.0 39.0
0 846.5 236.5 41.0 47.0
0 892.5 211.5 39.0 43.0
0 873.5 169.5 31.0 35.0
0 920.0 265.5 44.0 57.0
0 856.0 121.5 26.0 29.0
0 904.0 123.0 26.0 28.0
0 928.0 114.5 20.0 29.0
0 953.0 124.0 24.0 28.0
0 956.5 103.0 21.0 24.0
0 999.0 107.5 20.0 25.0
0 1020.0 118.0 24.0 26.0
0 1009.0 129.0 18.0 28.0
0 994.5 143.5 23.0 29.0
0 945.5 176.5 29.0 35.0
0 924.0 149.5 24.0 27.0
0 971.0 217.5 40.0 39.0
0 1026.0 182.0 30.0 36.0
0 1044.0 148.5 24.0 29.0
0 1059.0 137.0 24.0 30.0
0 1047.0 104.5 20.0 29.0
0 1084.5 115.0 19.0 24.0
0 1104.0 154.5 24.0 35.0
0 1072.5 186.0 31.0 34.0
0 1132.5 187.0 31.0 40.0
0 1065.0 240.5 36.0 39.0
