0 193.0 166.5 22.0 25.0
0 246.0 142.0 18.0 22.0
0 345.0 137.5 16.0 19.0
0 328.0 139.0 16.0 16.0
0 366.5 140.0 21.0 22.0
0 399.0 142.0 22.0 26.0
0 380.5 180.5 23.0 25.0
0 414.5 172.0 27.0 28.0
0 403.5 112.0 17.0 20.0
0 420.0 109.0 16.0 22.0
0 440.5 118.0 17.0 22.0
0 485.5 119.0 21.0 16.0
0 489.5 139.5 25.0 31.0
0 522.5 179.5 31.0 33.0
0 517.0 118.5 26.0 27.0
0 476.5 106.0 17.0 20.0
0 518.5 92.0 19.0 22.0
0 551.5 102.0 21.0 20.0
0 581.5 98.5 21.0 23.0
0 624.5 100.0 21.0 18.0
0 610.0 78.5 16.0 19.0
0 657.5 147.5 27.0 31.0
0 663.5 123.0 19.0 24.0
0 705.5 127.5 21.0 27.0
0 694.0 163.5 26.0 33.0
0 738.5 97.0 17.0 20.0
0 742.5 137.0 25.0 28.0
0 752.5 165.5 25.0 27.0
0 801.5 144.5 27.0 29.0
0 777.0 119.0 24.0 28.0
0 816.0 96.5 20.0 25.0
0 807.0 184.5 26.0 35.0
0 886.0 194.5 30.0 39.0
0 963.5 188.5 55.0 67.0
0 979.5 141.0 21.0 34.0
0 1019.0 120.5 34.0 47.0
