0 301.5 246.0 57.0 62.0
0 261.5 109.5 15.0 15.0
0 283.5 117.5 13.0 15.0
0 296.0 96.5 16.0 15.0
0 297.5 115.5 9.0 15.0
0 307.0 119.0 16.0 18.0
0 316.0 125.5 20.0 19.0
0 355.0 123.0 16.0 18.0
0 334.0 96.5 14.0 19.0
0 402.0 126.5 16.0 21.0
0 356.5 109.0 11.0 18.0
0 405.0 108.0 14.0 20.0
0 352.5 82.5 11.0 15.0
0 361.5 104.0 15.0 16.0
0 377.0 96.0 12.0 10.0
0 383.5 81.5 9.0 11.0
0 399.5 85.0 15.0 16.0
0 418.5 93.5 15.0 19.0
0 430.0 82.0 8.0 18.0
0 447.0 83.5 10.0 15.0
0 438.5 73.0 7.0 16.0
0 471.0 68.5 10.0 17.0
0 477.0 92.0 14.0 18.0
0 499.5 81.0 15.0 12.0
0 503.5 96.0 13.0 24.0
0 523.0 113.5 20.0 21.0
0 524.5 67.5 13.0 17.0
0 536.5 82.0 13.0 16.0
0 538.5 61.0 11.0 16.0
0 590.0 59.0 12.0 16.0
0 559.5 64.0 11.0 10.0
0 568.5 73.0 15.0 20.0
0 554.5 111.0 19.0 20.0
0 576.5 120.5 21.0 27.0
0 613.0 168.5 24.0 33.0
0 625.5 134.5 19.0 21.0
0 614.5 117.5 21.0 25.0
0 597.5 91.0 15.0 18.0
0 585.0 82.5 14.0 15.0
0 615.0 60.5 10.0 15.0
0 633.5 58.5 11.0 15.0
0 649.5 90.5 15.0 21.0
0 668.5 121.0 17.0 20.0
0 664.0 77.0 14.0 20.0
0 685.0 70.0 12.0 16.0
0 711.0 63.5 10.0 15.0
0 713.5 73.0 11.0 12.0
0 729.0 72.5 12.0 13.0
0 758.0 73.0 12.0 14.0
0 774.0 78.0 12.0 16.0
0 824.0 79.5 12.0 15.0
0 679.5 178.0 23.0 32.0
0 675.5 101.5 19.0 17.0
0 691.0 125.5 20.0 25.0
0 721.0 148.0 20.0 28.0
0 823.0 184.0 22.0 34.0
0 723.5 107.5 15.0 19.0
0 751.5 129.5 19.0 25.0
0 748.5 101.5 13.0 17.0
0 766.5 113.0 17.0 22.0
0 788.0 92.0 14.0 18.0
0 856.0 88.5 12.0 13.0
0 825.5 104.5 11.0 19.0
0 813.0 124.0 14.0 20.0
0 858.0 132.5 14.0 19.0
0 850.5 107.5 11.0 13.0
0 848.5 122.5 11.0 17.0
0 829.0 91.0 12.0 14.0
0 852.5 96.0 11.0 14.0
0 724.0 86.5 12.0 15.0
0 748.0 87.0 12.0 12.0
0 618.5 68.0 11.0 16.0
0 558.0 58.0 10.0 10.0
0 431.0 100.0 16.0 14.0
0 365.5 93.0 13.0 16.0
