0 147.5 333.0 37.0 42.0
0 86.5 289.0 31.0 40.0
0 81.0 235.0 30.0 34.0
0 261.0 256.0 32.0 38.0
0 280.5 203.0 27.0 34.0
0 298.0 180.5 24.0 29.0
0 214.5 163.5 19.0 29.0
0 154.0 124.5 20.0 21.0
0 54.5 133.5 19.0 23.0
0 42.5 146.5 19.0 21.0
0 190.5 98.5 19.0 19.0
0 220.5 115.0 19.0 24.0
0 264.5 84.5 17.0 17.0
0 280.0 90.5 16.0 19.0
0 301.5 81.5 17.0 19.0
0 357.5 125.0 21.0 26.0
0 364.5 108.5 23.0 21.0
0 380.0 141.5 22.0 23.0
0 429.0 132.5 22.0 23.0
0 473.0 109.5 16.0 21.0
0 503.0 106.0 16.0 20.0
0 574.0 165.0 22.0 30.0
0 680.5 290.0 35.0 38.0
0 680.5 183.5 23.0 33.0
0 837.5 204.0 27.0 26.0
0 760.5 154.0 21.0 22.0
0 707.5 126.0 25.0 26.0
0 879.5 166.0 25.0 26.0
0 969.0 222.0 30.0 32.0
0 869.0 132.5 18.0 21.0
0 962.5 127.0 19.0 22.0
0 1008.5 144.5 19.0 21.0
0 1147.0 220.5 24.0 27.0
0 1060.5 177.5 19.0 23.0
0 1056.0 168.5 20.0 19.0
0 807.0 97.5 18.0 21.0
0 766.5 76.5 17.0 19.0
0 738.5 88.0 17.0 20.0
0 686.5 112.5 15.0 21.0
0 696.5 87.5 13.0 17.0
0 714.5 66.0 15.0 18.0
0 667.5 55.5 15.0 19.0
0 615.0 111.5 18.0 21.0
0 588.0 136.5 20.0 25.0
0 586.0 100.0 20.0 22.0
0 563.0 84.5 14.0 23.0
0 580.5 79.0 15.0 20.0
0 615.0 74.5 14.0 17.0
0 593.0 53.0 12.0 12.0
0 533.0 60.0 16.0 18.0
0 500.5 64.5 17.0 17.0
0 446.0 60.5 18.0 19.0
