0 77.0 174.0 26.0 28.0
0 322.0 138.0 20.0 24.0
0 355.5 111.0 17.0 18.0
0 356.5 125.5 15.0 17.0
0 424.5 121.0 17.0 24.0
0 458.5 125.0 19.0 22.0
0 472.0 105.0 16.0 20.0
0 483.5 134.5 19.0 25.0
0 494.0 107.5 18.0 21.0
0 511.0 93.5 16.0 19.0
0 530.0 97.5 14.0 19.0
0 539.0 76.5 10.0 15.0
0 547.0 83.5 12.0 15.0
0 555.5 76.5 11.0 15.0
0 565.5 110.5 17.0 25.0
0 599.0 68.5 12.0 15.0
0 600.0 103.5 16.0 17.0
0 608.5 90.0 15.0 16.0
0 617.5 76.0 9.0 14.0
0 636.0 65.0 8.0 14.0
0 645.5 71.0 11.0 12.0
0 660.5 66.5 11.0 13.0
0 648.5 90.5 15.0 17.0
0 671.0 75.5 10.0 11.0
0 683.0 69.0 10.0 14.0
0 695.0 72.0 12.0 14.0
0 714.0 85.0 12.0 14.0
0 539.0 168.5 22.0 27.0
0 605.5 138.5 23.0 25.0
0 609.0 167.0 22.0 32.0
0 631.5 180.5 27.0 37.0
0 644.0 124.5 18.0 25.0
0 655.0 148.0 22.0 28.0
0 687.0 130.0 18.0 26.0
0 680.0 157.5 22.0 27.0
0 680.5 108.0 17.0 22.0
0 686.5 201.0 29.0 44.0
0 724.5 230.5 41.0 33.0
0 724.0 116.0 20.0 24.0
0 737.5 129.5 21.0 27.0
0 757.5 107.5 15.0 21.0
0 801.5 84.5 13.0 17.0
0 797.5 112.0 17.0 16.0
0 802.5 130.5 21.0 23.0
0 812.5 98.0 15.0 22.0
0 835.0 119.0 14.0 20.0
0 849.0 107.5 14.0 19.0
0 820.5 171.0 21.0 32.0
0 829.5 159.5 19.0 25.0
0 826.0 205.0 32.0 36.0
0 862.5 181.5 23.0 33.0
0 867.0 92.5 12.0 19.0
0 872.0 114.5 16.0 21.0
0 889.0 112.0 14.0 20.0
0 902.0 93.0 14.0 18.0
0 878.0 138.5 18.0 23.0
0 900.0 148.0 16.0 26.0
0 882.5 168.5 21.0 27.0
0 915.0 129.0 16.0 22.0
0 920.5 96.0 11.0 18.0
0 957.5 100.5 15.0 17.0
0 963.5 120.0 15.0 16.0
0 958.0 142.0 20.0 26.0
0 947.0 162.0 20.0 28.0
0 925.0 157.5 18.0 25.0
0 933.5 185.5 25.0 31.0
0 919.5 223.5 27.0 47.0
0 773.5 80.0 11.0 18.0
0 777.0 95.0 14.0 20.0
0 435.5 106.0 13.0 18.0
0 463.0 97.0 16.0 18.0
0 516.5 75.5 11.0 13.0
0 521.5 80.5 11.0 13.0
