0 71.0 139.0 18.0 20.0
0 244.5 117.5 15.0 19.0
0 309.5 127.5 17.0 19.0
0 373.0 121.5 18.0 25.0
0 403.5 129.5 19.0 21.0
0 393.5 110.5 17.0 19.0
0 360.0 101.0 16.0 18.0
0 336.0 101.5 18.0 17.0
0 355.0 87.0 14.0 16.0
0 374.0 84.0 14.0 16.0
0 399.0 87.5 16.0 19.0
0 402.5 72.5 13.0 15.0
0 423.5 74.5 17.0 17.0
0 436.0 80.5 14.0 15.0
0 433.5 92.0 15.0 16.0
0 427.5 108.5 19.0 21.0
0 452.0 108.5 22.0 25.0
0 476.5 95.5 17.0 21.0
0 442.0 71.0 14.0 14.0
0 452.5 68.0 11.0 14.0
0 468.0 70.0 12.0 14.0
0 477.0 64.0 10.0 12.0
0 491.5 72.5 11.0 15.0
0 503.0 93.0 20.0 22.0
0 488.0 84.5 12.0 17.0
0 518.0 72.0 14.0 16.0
0 528.0 63.0 10.0 12.0
0 528.5 38.0 11.0 10.0
0 536.0 83.5 16.0 19.0
0 551.5 59.0 13.0 12.0
0 551.0 69.0 12.0 12.0
0 562.0 69.5 12.0 17.0
0 574.0 62.0 12.0 14.0
0 575.5 74.5 13.0 13.0
0 595.0 53.5 10.0 15.0
0 607.0 60.0 12.0 16.0
0 621.0 57.5 12.0 15.0
0 630.0 61.5 12.0 15.0
0 657.0 38.5 14.0 17.0
0 582.5 103.5 21.0 23.0
0 561.5 126.0 27.0 30.0
0 528.0 125.5 18.0 27.0
0 603.5 104.5 21.0 25.0
0 622.5 134.5 21.0 25.0
0 652.5 121.0 17.0 22.0
0 668.0 138.0 22.0 32.0
0 694.5 139.5 23.0 27.0
0 718.5 148.0 25.0 30.0
0 681.0 105.0 18.0 22.0
0 653.5 101.5 17.0 19.0
0 636.5 83.5 13.0 19.0
0 664.0 74.0 12.0 18.0
0 672.5 94.5 13.0 21.0
0 681.5 70.5 13.0 17.0
0 692.0 47.0 16.0 20.0
0 713.0 75.5 14.0 15.0
0 723.0 83.5 14.0 17.0
0 724.5 66.0 13.0 14.0
0 752.0 70.5 14.0 17.0
0 771.5 75.5 13.0 15.0
0 763.5 88.0 13.0 16.0
0 780.0 92.5 14.0 19.0
0 763.0 118.0 18.0 24.0
0 717.0 111.0 18.0 22.0
0 763.5 157.0 23.0 30.0
0 787.0 147.5 22.0 33.0
0 829.5 179.5 25.0 39.0
0 853.0 142.5 22.0 33.0
0 841.0 130.0 18.0 26.0
0 846.0 99.5 16.0 17.0
0 857.0 106.0 14.0 18.0
0 854.0 88.0 12.0 16.0
0 829.0 79.5 14.0 17.0
0 821.5 92.5 13.0 19.0
0 808.5 118.0 17.0 20.0
0 805.5 77.0 15.0 18.0
