0 78.0 265.5 50.0 59.0
0 268.5 169.0 17.0 20.0
0 312.0 164.0 20.0 26.0
0 323.5 154.5 19.0 25.0
0 341.0 129.0 18.0 20.0
0 354.0 145.5 24.0 29.0
0 372.0 162.5 18.0 21.0
0 358.0 171.5 16.0 21.0
0 459.0 158.0 28.0 30.0
0 374.5 128.0 17.0 22.0
0 394.5 128.0 17.0 22.0
0 405.5 129.5 17.0 21.0
0 427.5 122.5 17.0 21.0
0 456.0 126.5 18.0 21.0
0 438.5 101.5 19.0 17.0
0 458.5 109.0 17.0 22.0
0 490.0 129.0 18.0 22.0
0 471.5 119.0 19.0 20.0
0 490.0 99.0 16.0 18.0
0 499.5 112.5 19.0 21.0
0 526.0 133.0 30.0 26.0
0 553.5 124.0 21.0 26.0
0 515.0 97.0 14.0 16.0
0 483.5 85.5 13.0 17.0
0 501.5 90.0 13.0 16.0
0 520.5 79.0 13.0 14.0
0 552.0 92.5 16.0 19.0
0 590.5 90.0 19.0 22.0
0 571.5 81.0 15.0 22.0
0 596.5 66.5 13.0 13.0
0 611.0 107.5 20.0 19.0
0 618.0 92.5 20.0 19.0
0 631.5 71.5 15.0 15.0
0 629.0 59.0 16.0 12.0
0 664.5 79.5 15.0 19.0
0 669.0 58.0 12.0 16.0
0 686.5 60.0 13.0 16.0
0 701.5 69.5 17.0 21.0
0 719.5 67.5 21.0 21.0
0 742.5 56.5 17.0 21.0
0 522.5 180.5 29.0 33.0
0 583.5 180.5 33.0 35.0
0 652.5 195.0 39.0 42.0
0 604.5 150.5 23.0 31.0
0 655.0 154.0 26.0 32.0
0 651.0 117.0 26.0 28.0
0 698.5 119.0 25.0 28.0
0 704.5 101.5 23.0 21.0
0 741.5 104.0 21.0 24.0
0 738.5 85.0 17.0 18.0
0 755.0 82.0 18.0 18.0
0 747.0 131.5 22.0 27.0
0 718.5 144.5 25.0 29.0
0 720.0 194.0 40.0 46.0
0 765.5 164.0 37.0 38.0
0 781.5 94.5 21.0 23.0
0 794.5 79.5 17.0 19.0
0 794.0 69.0 16.0 14.0
0 823.5 75.5 13.0 17.0
0 797.5 119.5 21.0 25.0
0 820.5 133.5 23.0 35.0
0 806.0 99.5 18.0 25.0
0 847.5 179.0 31.0 42.0
0 865.5 143.0 23.0 36.0
0 853.5 103.5 23.0 27.0
0 847.5 80.0 15.0 20.0
0 838.5 71.0 15.0 18.0
0 859.0 73.5 14.0 17.0
0 879.5 84.0 17.0 20.0
0 908.0 110.0 20.0 26.0
0 909.0 90.0 20.0 24.0
0 930.5 134.5 17.0 31.0
0 962.0 122.0 22.0 24.0
0 991.5 118.5 19.0 25.0
0 994.5 94.0 19.0 20.0
0 959.5 85.5 13.0 17.0
0 951.5 96.0 15.0 20.0
0 943.0 84.5 16.0 17.0
