0 955.0 92.0 12.0 16.0
0 916.0 89.0 16.0 20.0
0 906.5 108.0 15.0 24.0
0 922.5 136.5 19.0 31.0
0 953.0 115.0 16.0 24.0
0 990.0 140.5 16.0 29.0
0 998.5 156.5 19.0 35.0
0 900.0 185.0 24.0 38.0
0 888.5 124.0 19.0 28.0
0 826.0 172.0 26.0 32.0
0 818.0 133.0 20.0 30.0
0 823.0 119.5 20.0 29.0
0 848.5 85.0 13.0 20.0
0 862.5 96.0 15.0 20.0
0 866.0 74.5 12.0 17.0
0 888.5 90.5 15.0 17.0
0 828.0 78.0 12.0 18.0
0 809.0 100.0 14.0 18.0
0 788.0 116.5 18.0 21.0
0 777.0 94.5 16.0 19.0
0 786.0 66.5 12.0 17.0
0 770.5 78.5 15.0 21.0
0 762.0 105.5 16.0 25.0
0 755.0 127.5 20.0 27.0
0 759.5 165.0 27.0 36.0
0 716.0 153.0 24.0 28.0
0 715.0 119.0 20.0 24.0
0 703.0 101.0 16.0 24.0
0 738.0 86.0 18.0 22.0
0 731.5 69.0 15.0 18.0
0 691.5 71.0 13.0 18.0
0 679.0 79.5 14.0 19.0
0 659.5 72.0 13.0 20.0
0 663.5 83.5 13.0 19.0
0 676.0 119.0 18.0 32.0
0 685.0 176.5 28.0 35.0
0 656.0 150.0 20.0 34.0
0 595.0 146.5 22.0 31.0
0 609.0 167.0 24.0 34.0
0 604.5 72.0 13.0 16.0
0 634.5 72.5 11.0 17.0
0 596.0 88.5 12.0 19.0
0 609.0 99.0 16.0 22.0
0 621.5 91.0 19.0 22.0
0 581.0 110.0 18.0 26.0
0 545.0 100.0 14.0 18.0
0 532.5 90.0 13.0 18.0
0 497.5 83.0 11.0 16.0
0 476.5 103.5 15.0 17.0
0 528.0 114.0 18.0 22.0
0 506.5 136.5 21.0 29.0
0 471.5 140.0 23.0 30.0
0 487.0 118.0 12.0 20.0
0 438.5 112.0 15.0 18.0
0 431.0 126.5 14.0 21.0
0 411.0 112.5 14.0 17.0
0 382.0 132.0 18.0 22.0
0 357.0 131.0 14.0 18.0
0 340.5 138.0 15.0 18.0
0 302.5 143.0 15.0 22.0
0 314.5 159.0 21.0 26.0
0 372.0 149.0 18.0 24.0
0 395.5 150.0 23.0 26.0
0 419.0 168.5 22.0 27.0
0 519.0 178.5 26.0 33.0
0 515.5 112.5 15.0 25.0
0 198.5 308.5 59.0 69.0
