0 913.0 101.0 14.0 18.0
0 930.5 108.5 11.0 19.0
0 949.5 116.5 13.0 19.0
0 933.5 140.0 15.0 24.0
0 896.5 130.5 15.0 19.0
0 882.5 90.5 13.0 19.0
0 852.5 88.5 15.0 17.0
0 869.5 114.0 13.0 20.0
0 839.5 102.0 13.0 18.0
0 850.0 117.5 14.0 21.0
0 848.5 136.5 17.0 25.0
0 872.0 164.0 20.0 28.0
0 936.0 169.5 16.0 31.0
0 917.0 202.0 20.0 38.0
0 844.0 178.0 22.0 32.0
0 813.0 173.5 20.0 35.0
0 751.0 153.5 20.0 33.0
0 767.0 158.0 16.0 26.0
0 785.5 124.0 15.0 24.0
0 792.5 91.5 11.0 21.0
0 816.0 58.5 12.0 15.0
0 779.0 48.0 12.0 16.0
0 750.0 41.5 10.0 17.0
0 741.0 83.0 12.0 18.0
0 758.0 80.5 12.0 19.0
0 752.5 119.0 15.0 24.0
0 722.0 134.5 18.0 29.0
0 704.0 99.5 16.0 21.0
0 576.5 166.5 23.0 29.0
0 643.0 139.5 18.0 25.0
0 675.5 159.0 23.0 28.0
0 663.0 115.0 16.0 20.0
0 650.0 123.5 18.0 23.0
0 568.0 142.5 22.0 27.0
0 502.5 121.0 17.0 22.0
0 512.0 107.5 14.0 21.0
0 531.0 112.5 18.0 19.0
0 540.5 97.5 11.0 17.0
0 482.0 99.5 16.0 19.0
0 412.0 164.0 20.0 26.0
0 408.0 138.0 20.0 28.0
0 343.5 145.0 17.0 22.0
0 344.0 117.5 12.0 15.0
0 372.5 72.5 11.0 17.0
0 394.0 113.5 14.0 19.0
0 410.5 99.0 13.0 18.0
0 425.0 86.5 10.0 15.0
0 440.5 106.0 13.0 18.0
0 441.5 129.0 17.0 28.0
0 274.5 129.0 15.0 18.0
0 469.5 48.0 11.0 16.0
0 465.0 81.0 12.0 14.0
0 487.0 83.0 12.0 14.0
0 515.0 42.5 10.0 13.0
0 532.5 72.0 9.0 14.0
0 542.0 79.0 10.0 14.0
0 516.5 74.5 9.0 11.0
0 521.5 80.0 11.0 14.0
0 577.0 76.5 12.0 15.0
0 599.0 33.5 8.0 15.0
0 594.0 70.5 10.0 13.0
0 613.5 64.0 11.0 14.0
0 615.0 94.5 14.0 17.0
0 621.5 79.5 11.0 17.0
0 631.5 63.0 9.0 14.0
0 632.0 69.5 12.0 15.0
0 656.0 64.5 12.0 15.0
0 683.0 64.0 10.0 14.0
0 683.5 72.0 11.0 14.0
0 234.5 197.0 41.0 48.0
