0 169.0 281.0 44.0 48.0
0 262.5 153.5 19.0 19.0
0 283.5 158.5 21.0 23.0
0 307.0 150.0 22.0 26.0
0 310.5 176.5 27.0 27.0
0 335.0 130.5 20.0 21.0
0 367.5 156.5 25.0 21.0
0 408.5 166.5 29.0 29.0
0 394.5 156.0 17.0 20.0
0 381.5 126.5 25.0 23.0
0 364.5 122.0 17.0 20.0
0 405.0 109.5 20.0 23.0
0 416.0 126.5 20.0 23.0
0 454.5 141.0 23.0 26.0
0 456.5 111.0 19.0 26.0
0 430.5 106.0 19.0 22.0
0 504.5 136.0 25.0 26.0
0 519.5 117.5 19.0 23.0
0 498.0 109.0 20.0 26.0
0 485.5 91.5 17.0 19.0
0 471.0 92.0 16.0 18.0
0 507.0 79.5 14.0 19.0
0 518.0 88.5 16.0 17.0
0 555.5 123.0 25.0 28.0
0 556.5 101.0 19.0 20.0
0 577.5 91.5 17.0 21.0
0 579.5 73.0 13.0 16.0
0 594.5 84.0 13.0 18.0
0 600.0 99.0 18.0 20.0
0 615.5 76.0 15.0 18.0
0 628.5 80.0 15.0 18.0
0 652.5 82.0 15.0 16.0
0 656.5 69.5 17.0 21.0
0 674.0 82.0 20.0 22.0
0 702.5 72.0 15.0 20.0
0 555.5 175.0 35.0 34.0
0 581.5 146.0 29.0 28.0
0 611.0 170.0 32.0 36.0
0 660.0 180.0 32.0 38.0
0 659.0 139.5 24.0 31.0
0 666.5 116.5 23.0 25.0
0 707.0 159.5 32.0 37.0
0 715.0 124.0 24.0 28.0
0 700.5 106.5 19.0 27.0
0 726.0 88.5 18.0 23.0
0 738.0 105.0 22.0 26.0
0 747.0 135.5 22.0 31.0
0 777.0 114.0 22.0 26.0
0 764.5 97.0 15.0 22.0
0 754.0 78.0 18.0 22.0
0 773.0 77.5 16.0 23.0
0 786.0 84.0 14.0 20.0
0 815.0 112.5 22.0 25.0
0 809.0 138.0 24.0 34.0
0 808.0 93.0 18.0 24.0
0 825.5 85.5 15.0 21.0
0 847.0 97.0 20.0 24.0
0 881.0 89.0 22.0 22.0
0 892.5 111.0 17.0 24.0
0 907.5 97.5 17.0 21.0
0 933.0 104.5 16.0 25.0
0 945.0 92.0 18.0 22.0
0 871.5 133.5 21.0 29.0
0 816.5 175.0 27.0 36.0
0 755.0 169.0 26.0 32.0
0 884.5 197.5 29.0 37.0
0 906.0 157.0 26.0 34.0
0 992.5 152.5 25.0 31.0
0 972.5 143.5 21.0 31.0
