0 83.5 275.0 51.0 54.0
0 206.5 169.0 23.0 28.0
0 234.0 179.0 30.0 30.0
0 286.0 149.5 28.0 29.0
0 334.5 151.0 25.0 30.0
0 365.0 142.5 24.0 29.0
0 338.5 129.5 25.0 25.0
0 384.0 133.5 24.0 29.0
0 404.0 123.5 28.0 29.0
0 436.5 120.0 25.0 26.0
0 412.0 162.5 28.0 35.0
0 446.0 143.5 24.0 27.0
0 493.5 191.0 31.0 34.0
0 476.0 110.0 20.0 22.0
0 489.5 121.5 23.0 21.0
0 535.0 155.0 26.0 28.0
0 508.0 108.0 22.0 24.0
0 536.5 116.5 27.0 25.0
0 566.0 98.0 20.0 20.0
0 567.5 132.0 25.0 24.0
0 597.5 109.0 19.0 22.0
0 638.0 139.0 22.0 24.0
0 657.5 125.0 21.0 20.0
0 645.0 103.5 20.0 21.0
0 639.0 85.0 20.0 18.0
0 679.0 85.5 22.0 21.0
0 691.5 77.0 21.0 20.0
0 674.5 109.5 21.0 21.0
0 705.5 98.5 21.0 19.0
0 710.5 113.5 19.0 25.0
0 726.0 125.0 22.0 22.0
0 736.0 82.5 20.0 21.0
0 767.0 95.5 22.0 27.0
0 770.0 114.0 18.0 20.0
0 781.5 90.5 19.0 23.0
0 807.0 86.0 18.0 20.0
0 807.0 103.5 18.0 23.0
0 833.0 104.5 18.0 23.0
0 807.5 131.5 21.0 25.0
0 786.5 142.0 29.0 28.0
0 717.5 179.5 31.0 39.0
0 666.5 206.0 31.0 36.0
0 698.0 234.0 38.0 42.0
0 779.0 243.5 34.0 43.0
0 844.5 172.5 31.0 33.0
0 874.5 144.0 19.0 26.0
0 861.0 138.5 20.0 23.0
0 883.5 117.0 19.0 22.0
0 913.5 136.0 21.0 28.0
0 917.0 120.0 20.0 20.0
0 958.0 119.5 22.0 27.0
0 967.5 142.0 23.0 30.0
0 985.5 135.0 17.0 24.0
0 934.5 163.0 25.0 32.0
0 966.0 187.5 28.0 31.0
0 887.0 181.0 28.0 34.0
0 849.0 255.5 30.0 39.0
0 926.5 281.0 43.0 54.0
0 1034.0 296.5 36.0 47.0
0 1050.5 250.0 29.0 40.0
0 1024.5 231.0 31.0 40.0
0 1037.0 188.0 24.0 32.0
0 1060.5 174.0 25.0 26.0
0 1031.5 144.0 21.0 24.0
0 1074.5 159.0 17.0 22.0
0 1073.0 141.5 22.0 21.0
0 1111.5 167.5 17.0 25.0
0 1134.0 155.0 20.0 28.0
0 1104.5 198.5 27.0 33.0
0 1130.5 232.0 27.0 42.0
0 1143.5 274.5 39.0 43.0
0 1162.0 225.0 30.0 38.0
0 1170.0 196.5 18.0 27.0
0 1173.5 159.0 17.0 22.0
