0 298.0 120.0 20.0 20.0
0 342.5 118.0 19.0 20.0
0 358.0 137.0 16.0 24.0
0 373.0 111.0 14.0 20.0
0 417.0 133.5 32.0 31.0
0 388.0 98.0 18.0 20.0
0 430.5 87.0 19.0 18.0
0 449.0 123.0 30.0 28.0
0 446.5 101.0 13.0 20.0
0 459.5 85.0 17.0 14.0
0 479.0 87.5 16.0 17.0
0 488.5 128.5 29.0 31.0
0 494.0 101.0 14.0 20.0
0 507.5 105.0 21.0 20.0
0 519.0 77.0 18.0 16.0
0 539.0 116.0 24.0 24.0
0 536.0 79.5 16.0 17.0
0 558.5 142.0 29.0 28.0
0 573.0 162.5 26.0 29.0
0 551.0 82.0 12.0 20.0
0 557.0 81.5 20.0 19.0
0 586.5 73.5 17.0 21.0
0 588.5 99.0 17.0 20.0
0 620.0 94.5 16.0 19.0
0 618.0 78.0 14.0 16.0
0 632.5 69.0 15.0 16.0
0 639.0 58.0 14.0 16.0
0 658.0 61.0 16.0 18.0
0 635.5 115.0 21.0 22.0
0 628.0 141.5 26.0 33.0
0 679.0 61.0 12.0 16.0
0 692.0 69.5 12.0 15.0
0 712.0 69.0 14.0 16.0
0 662.5 145.5 25.0 27.0
0 670.0 125.0 22.0 24.0
0 700.0 96.5 20.0 23.0
0 702.0 109.0 20.0 24.0
0 711.0 131.5 20.0 25.0
0 763.5 71.0 19.0 16.0
0 739.0 93.5 18.0 19.0
0 727.0 162.5 26.0 33.0
0 750.5 109.5 23.0 21.0
0 762.0 91.5 16.0 19.0
0 772.0 146.0 26.0 32.0
0 783.5 85.0 19.0 24.0
0 794.0 167.5 32.0 35.0
0 838.0 176.0 26.0 38.0
0 808.0 124.0 18.0 24.0
0 797.5 87.0 13.0 18.0
0 810.5 86.0 13.0 26.0
0 839.5 130.5 23.0 29.0
0 826.5 100.5 15.0 21.0
0 824.0 80.5 14.0 19.0
0 842.5 84.0 15.0 24.0
0 844.5 107.0 13.0 16.0
0 870.5 113.0 19.0 22.0
0 886.5 89.0 23.0 24.0
0 914.5 90.5 19.0 17.0
0 896.0 118.5 16.0 15.0
0 884.5 147.5 25.0 31.0
0 900.0 194.0 34.0 34.0
0 919.5 168.0 25.0 30.0
0 927.5 121.0 15.0 20.0
0 939.5 102.0 17.0 20.0
0 718.0 86.0 24.0 22.0
0 658.5 84.5 27.0 25.0
0 501.5 78.0 21.0 20.0
0 445.0 144.0 36.0 26.0
0 399.0 133.0 14.0 24.0
0 947.5 124.5 15.0 21.0
0 396.5 108.5 15.0 19.0
