0 191.5 194.0 39.0 40.0
0 303.0 125.5 20.0 21.0
0 320.0 105.5 18.0 19.0
0 337.0 108.5 16.0 17.0
0 403.0 105.0 16.0 20.0
0 409.0 93.0 14.0 14.0
0 406.0 83.5 14.0 13.0
0 440.5 81.0 15.0 14.0
0 430.0 110.0 20.0 20.0
0 456.0 104.5 16.0 19.0
0 462.5 118.5 21.0 25.0
0 456.5 71.5 13.0 13.0
0 471.0 77.5 14.0 15.0
0 487.5 71.5 13.0 13.0
0 496.5 61.0 13.0 12.0
0 496.5 84.0 11.0 14.0
0 516.5 80.5 15.0 15.0
0 517.5 64.5 11.0 11.0
0 528.5 68.5 11.0 13.0
0 541.5 71.5 11.0 13.0
0 553.5 72.0 13.0 12.0
0 564.5 61.0 13.0 12.0
0 550.0 95.0 14.0 18.0
0 566.5 92.0 15.0 18.0
0 514.5 144.0 21.0 26.0
0 575.0 124.0 18.0 20.0
0 576.0 156.5 24.0 25.0
0 607.5 157.0 29.0 32.0
0 616.0 127.5 18.0 19.0
0 613.5 106.0 19.0 22.0
0 645.5 111.5 19.0 19.0
0 647.0 94.5 16.0 17.0
0 673.0 65.0 12.0 14.0
0 681.0 62.0 12.0 10.0
0 667.0 64.5 10.0 9.0
0 638.5 57.0 11.0 12.0
0 624.0 59.0 10.0 12.0
0 611.0 76.0 14.0 12.0
0 610.0 52.5 12.0 13.0
0 592.5 65.0 11.0 14.0
0 583.0 73.0 14.0 14.0
0 690.0 100.0 16.0 22.0
0 685.5 85.5 13.0 13.0
0 719.0 82.5 14.0 17.0
0 729.0 78.5 14.0 13.0
0 722.0 68.0 14.0 14.0
0 742.5 69.5 11.0 15.0
0 755.0 68.5 10.0 13.0
0 691.5 136.5 19.0 23.0
0 671.5 167.0 25.0 34.0
0 635.5 148.0 21.0 26.0
0 768.5 105.5 17.0 23.0
0 764.5 90.5 15.0 17.0
0 781.5 90.5 13.0 17.0
0 792.5 98.0 13.0 18.0
0 804.5 92.0 13.0 16.0
0 810.0 111.5 16.0 21.0
0 786.0 141.0 20.0 26.0
0 766.0 154.0 22.0 26.0
0 743.0 203.5 28.0 37.0
0 804.0 195.0 26.0 36.0
0 821.5 173.5 21.0 27.0
0 830.5 141.0 19.0 26.0
0 884.0 208.5 24.0 35.0
0 894.5 177.5 27.0 27.0
0 913.0 148.5 22.0 23.0
0 887.5 125.5 17.0 21.0
0 857.5 122.0 15.0 20.0
0 861.5 107.5 19.0 19.0
0 840.5 94.5 13.0 17.0
0 826.0 100.5 16.0 17.0
0 826.0 79.0 12.0 14.0
0 853.0 80.0 12.0 14.0
0 850.5 86.0 13.0 14.0
0 889.0 90.5 14.0 19.0
0 913.5 98.0 13.0 16.0
0 912.0 110.0 14.0 16.0
