0 636.0 148.5 30.0 33.0
0 789.5 135.5 17.0 21.0
0 794.0 118.5 18.0 19.0
0 828.0 135.5 16.0 17.0
0 842.0 113.5 12.0 17.0
0 848.0 89.0 12.0 16.0
0 820.0 91.0 12.0 16.0
0 810.0 108.5 10.0 13.0
0 767.0 100.5 16.0 19.0
0 795.0 79.5 12.0 15.0
0 774.0 74.0 12.0 14.0
0 748.5 69.5 11.0 11.0
0 752.0 84.5 14.0 15.0
0 733.5 95.5 13.0 19.0
0 722.0 84.0 14.0 14.0
0 729.5 79.5 15.0 15.0
0 718.0 68.5 14.0 15.0
0 703.5 78.0 15.0 18.0
0 684.5 69.5 9.0 15.0
0 668.0 75.5 14.0 13.0
0 663.5 88.0 15.0 16.0
0 690.5 91.0 11.0 14.0
0 703.0 104.5 16.0 23.0
0 645.5 77.5 11.0 13.0
0 625.5 86.0 13.0 16.0
0 642.0 98.5 14.0 13.0
0 653.5 111.5 17.0 19.0
0 596.5 99.0 17.0 18.0
0 590.5 121.0 19.0 22.0
0 573.0 105.5 18.0 21.0
0 535.0 112.5 18.0 21.0
0 564.5 87.0 15.0 18.0
0 597.0 70.0 14.0 16.0
0 600.0 60.5 12.0 9.0
0 618.5 55.0 11.0 14.0
0 639.0 59.0 12.0 8.0
0 560.5 53.5 9.0 7.0
0 565.5 63.0 9.0 12.0
0 534.5 69.0 11.0 14.0
0 526.5 59.5 11.0 9.0
0 515.5 72.5 15.0 15.0
0 490.5 69.5 11.0 13.0
0 472.5 63.0 11.0 12.0
0 455.0 64.5 12.0 11.0
0 437.5 69.5 13.0 11.0
0 426.5 66.5 11.0 11.0
0 428.5 78.0 13.0 12.0
0 421.5 87.5 11.0 13.0
0 450.5 96.5 17.0 15.0
0 410.5 106.5 15.0 19.0
0 395.5 85.5 13.0 15.0
0 401.5 74.0 11.0 14.0
0 388.5 78.0 11.0 12.0
0 376.5 88.0 13.0 16.0
0 338.5 92.5 13.0 13.0
0 330.5 102.5 15.0 15.0
0 292.5 109.0 15.0 12.0
0 484.5 114.5 17.0 15.0
0 456.0 79.5 16.0 9.0
0 488.5 95.0 15.0 14.0
0 516.0 96.0 18.0 14.0
