0 95.5 269.0 51.0 60.0
0 197.5 171.0 29.0 22.0
0 232.5 166.0 35.0 30.0
0 286.0 138.0 26.0 26.0
0 331.5 148.5 21.0 23.0
0 353.0 136.0 26.0 26.0
0 336.5 119.5 23.0 23.0
0 387.5 120.0 23.0 24.0
0 413.5 148.0 19.0 30.0
0 403.0 114.5 26.0 21.0
0 436.0 107.5 24.0 23.0
0 444.0 138.5 22.0 25.0
0 487.5 112.0 23.0 24.0
0 489.0 93.5 20.0 21.0
0 509.0 90.5 20.0 25.0
0 497.0 181.0 38.0 32.0
0 536.5 141.0 27.0 32.0
0 555.0 89.5 16.0 19.0
0 563.0 91.0 20.0 28.0
0 560.0 119.5 24.0 27.0
0 594.0 97.5 26.0 27.0
0 604.5 88.5 21.0 23.0
0 612.5 130.5 23.0 27.0
0 648.5 93.5 25.0 25.0
0 639.5 77.0 19.0 18.0
0 674.5 76.0 19.0 20.0
0 664.0 111.5 18.0 25.0
0 675.5 96.0 19.0 22.0
0 696.0 68.0 20.0 18.0
0 707.5 87.0 21.0 22.0
0 703.5 108.5 19.0 21.0
0 726.5 112.0 21.0 26.0
0 736.5 72.0 17.0 22.0
0 755.5 85.0 17.0 24.0
0 769.0 70.5 16.0 23.0
0 809.5 73.5 17.0 19.0
0 805.0 91.0 20.0 22.0
0 840.0 88.0 18.0 20.0
0 771.0 101.0 16.0 22.0
0 766.0 149.0 30.0 36.0
0 832.5 119.5 19.0 25.0
0 861.5 124.5 21.0 25.0
0 874.0 130.0 18.0 30.0
0 853.5 150.0 25.0 28.0
0 886.5 166.0 25.0 28.0
0 894.0 115.0 18.0 24.0
0 914.5 105.0 17.0 22.0
0 922.5 119.5 25.0 23.0
0 959.0 106.0 20.0 18.0
0 966.5 128.0 21.0 24.0
0 982.5 121.5 17.0 23.0
0 936.5 147.5 23.0 31.0
0 966.0 172.5 24.0 35.0
0 720.5 165.5 31.0 33.0
0 665.5 195.0 35.0 32.0
0 702.0 214.5 34.0 37.0
0 773.0 232.0 40.0 34.0
0 858.5 228.5 41.0 39.0
0 939.0 269.0 38.0 52.0
0 1030.0 131.5 18.0 23.0
0 1058.0 155.5 18.0 25.0
0 1049.5 139.0 17.0 18.0
0 1077.5 134.5 17.0 23.0
0 1072.0 148.0 18.0 24.0
0 1112.5 155.5 15.0 27.0
0 1030.5 182.0 21.0 28.0
0 1019.0 196.0 22.0 28.0
0 1045.5 251.0 27.0 38.0
0 1022.0 290.5 32.0 51.0
0 1141.0 268.0 26.0 44.0
0 1131.5 225.0 25.0 38.0
0 1119.5 192.5 25.0 33.0
0 1136.5 141.0 19.0 24.0
0 1178.5 165.5 19.0 29.0
0 1166.5 179.5 15.0 27.0
0 1154.5 186.0 19.0 30.0
0 1160.0 211.0 24.0 32.0
