0 175.0 293.5 36.0 47.0
0 276.5 158.0 17.0 16.0
0 316.0 156.5 20.0 21.0
0 335.5 158.5 21.0 27.0
0 354.0 126.5 14.0 17.0
0 379.5 133.5 19.0 15.0
0 377.0 122.5 16.0 15.0
0 372.0 158.5 22.0 23.0
0 424.0 155.0 20.0 22.0
0 460.0 153.0 22.0 24.0
0 419.5 131.0 17.0 20.0
0 400.5 107.5 13.0 15.0
0 427.5 109.5 15.0 17.0
0 445.5 112.5 15.0 19.0
0 462.5 119.0 15.0 18.0
0 475.5 136.5 17.0 25.0
0 501.0 145.0 18.0 24.0
0 509.5 120.5 19.0 17.0
0 474.5 94.0 15.0 16.0
0 500.5 95.5 17.0 15.0
0 543.0 116.5 16.0 17.0
0 562.5 123.0 19.0 24.0
0 576.5 101.5 15.0 19.0
0 559.0 100.5 16.0 19.0
0 526.0 78.5 12.0 11.0
0 617.5 104.0 15.0 18.0
0 602.0 89.0 14.0 14.0
0 620.5 87.5 19.0 19.0
0 607.5 73.5 13.0 17.0
0 622.5 73.5 13.0 17.0
0 651.0 86.5 16.0 17.0
0 641.0 74.5 12.0 15.0
0 651.0 69.5 14.0 15.0
0 678.5 82.0 15.0 18.0
0 683.5 71.0 13.0 16.0
0 710.5 74.0 13.0 18.0
0 532.0 187.0 30.0 28.0
0 579.0 183.5 26.0 31.0
0 584.0 151.0 22.0 24.0
0 633.0 206.0 30.0 34.0
0 657.0 123.5 20.0 19.0
0 666.0 155.0 26.0 26.0
0 715.5 148.5 27.0 29.0
0 692.0 127.0 20.0 22.0
0 703.5 106.5 15.0 21.0
0 746.5 107.5 15.0 19.0
0 744.0 91.0 16.0 20.0
0 768.5 98.0 15.0 18.0
0 749.0 132.0 18.0 24.0
0 765.5 159.0 25.0 32.0
0 813.5 143.0 21.0 30.0
0 779.5 122.0 17.0 24.0
0 819.0 96.0 14.0 20.0
0 814.5 76.5 13.0 15.0
0 807.5 92.0 13.0 16.0
0 802.5 70.5 13.0 15.0
0 836.5 95.0 13.0 16.0
0 856.5 101.5 21.0 21.0
0 879.0 77.0 14.0 20.0
0 900.5 112.0 15.0 20.0
0 908.5 97.5 13.0 19.0
0 886.0 124.5 16.0 23.0
0 821.5 183.0 29.0 32.0
0 902.5 201.5 27.0 33.0
0 917.5 159.0 25.0 30.0
0 975.5 158.5 23.0 29.0
0 979.0 147.0 22.0 28.0
0 951.0 128.0 16.0 20.0
0 943.0 104.0 14.0 16.0
0 960.5 110.0 15.0 20.0
0 950.5 89.5 13.0 15.0
