0 177.0 168.0 32.0 38.0
0 235.5 127.5 15.0 15.0
0 276.5 134.0 17.0 18.0
0 288.0 122.0 16.0 18.0
0 357.0 134.0 16.0 20.0
0 370.0 108.0 12.0 16.0
0 354.0 103.5 16.0 17.0
0 307.0 101.0 14.0 16.0
0 321.0 95.5 12.0 11.0
0 353.5 83.5 11.0 13.0
0 388.0 102.5 14.0 17.0
0 391.5 93.5 13.0 13.0
0 374.0 75.5 12.0 15.0
0 404.0 64.0 8.0 8.0
0 412.0 83.0 12.0 12.0
0 396.5 81.5 9.0 13.0
0 389.5 75.5 11.0 11.0
0 454.5 78.0 13.0 12.0
0 445.0 97.0 14.0 14.0
0 435.0 65.0 14.0 14.0
0 471.0 82.0 14.0 14.0
0 484.5 74.5 11.0 15.0
0 467.5 59.5 11.0 11.0
0 493.0 50.5 10.0 11.0
0 510.5 56.5 9.0 15.0
0 574.5 48.5 9.0 11.0
0 400.5 154.5 21.0 19.0
0 459.5 144.5 19.0 25.0
0 500.0 161.0 26.0 24.0
0 564.0 158.0 26.0 30.0
0 479.0 117.0 16.0 22.0
0 509.0 122.0 16.0 20.0
0 516.0 99.0 14.0 22.0
0 560.0 98.5 18.0 21.0
0 565.5 76.5 13.0 17.0
0 577.0 89.5 14.0 17.0
0 589.5 103.5 19.0 21.0
0 592.5 70.0 11.0 12.0
0 616.0 60.0 14.0 14.0
0 630.5 54.5 13.0 15.0
0 626.0 32.0 12.0 14.0
0 641.5 63.5 11.0 11.0
0 628.0 73.0 14.0 12.0
0 620.0 79.5 12.0 13.0
0 629.5 92.5 13.0 17.0
0 595.5 134.5 23.0 25.0
0 552.0 126.5 18.0 21.0
0 646.0 150.5 22.0 25.0
0 729.0 108.5 16.0 21.0
0 772.0 88.5 14.0 15.0
0 810.5 84.5 17.0 25.0
0 756.5 64.0 9.0 12.0
0 741.5 63.5 11.0 11.0
0 731.5 64.0 13.0 12.0
0 723.0 68.5 8.0 13.0
0 717.0 74.0 12.0 12.0
0 708.5 83.5 11.0 13.0
0 739.0 87.0 12.0 14.0
0 685.5 78.5 9.0 11.0
0 691.5 65.0 13.0 12.0
0 681.0 62.0 10.0 14.0
0 670.5 67.5 11.0 11.0
0 669.0 88.0 18.0 20.0
