0 94.5 276.0 51.0 58.0
0 270.0 170.5 20.0 19.0
0 313.5 155.5 17.0 21.0
0 325.0 157.5 18.0 27.0
0 335.0 179.0 22.0 24.0
0 353.5 129.5 15.0 19.0
0 378.5 131.5 15.0 23.0
0 405.0 157.5 22.0 25.0
0 395.5 137.5 17.0 21.0
0 395.5 128.0 15.0 16.0
0 416.5 119.0 19.0 18.0
0 443.5 105.0 17.0 18.0
0 446.5 135.0 19.0 26.0
0 473.5 97.5 13.0 19.0
0 484.5 86.5 11.0 15.0
0 489.0 101.0 14.0 22.0
0 470.5 119.0 15.0 20.0
0 477.0 131.5 16.0 21.0
0 468.5 156.0 21.0 28.0
0 503.5 117.0 17.0 22.0
0 507.0 103.0 16.0 20.0
0 508.5 90.0 13.0 16.0
0 522.5 82.0 11.0 14.0
0 543.0 101.5 18.0 17.0
0 536.5 114.5 17.0 21.0
0 554.5 82.0 15.0 16.0
0 572.5 84.0 15.0 18.0
0 601.5 70.5 15.0 17.0
0 640.0 61.5 14.0 17.0
0 660.5 65.0 9.0 16.0
0 668.5 67.0 13.0 22.0
0 686.0 62.0 14.0 16.0
0 669.0 84.0 16.0 20.0
0 612.5 98.5 17.0 23.0
0 628.5 80.0 13.0 18.0
0 633.0 72.5 12.0 15.0
0 595.0 97.5 16.0 19.0
0 624.5 93.5 15.0 19.0
0 563.5 127.5 21.0 23.0
0 542.0 135.5 22.0 29.0
0 530.5 169.0 29.0 32.0
0 578.5 187.0 29.0 38.0
0 608.0 145.5 20.0 29.0
0 653.0 151.0 24.0 30.0
0 677.0 114.0 22.0 30.0
0 654.5 195.0 29.0 34.0
0 708.5 151.0 25.0 30.0
0 700.5 136.5 19.0 19.0
0 726.0 69.5 14.0 19.0
0 749.5 61.5 13.0 19.0
0 712.0 101.5 18.0 23.0
0 742.5 106.5 17.0 21.0
0 744.5 86.0 17.0 20.0
0 756.0 86.5 12.0 19.0
0 787.5 78.0 15.0 16.0
0 782.5 95.0 15.0 22.0
0 798.0 111.0 18.0 22.0
0 746.5 133.5 25.0 29.0
0 807.5 138.0 21.0 30.0
0 731.0 198.0 30.0 38.0
0 777.0 188.5 26.0 31.0
0 842.5 177.0 25.0 38.0
0 864.5 141.0 21.0 30.0
0 809.0 106.0 18.0 22.0
0 800.0 87.0 14.0 16.0
0 804.5 67.5 15.0 15.0
0 823.0 80.5 14.0 19.0
0 838.5 74.0 13.0 20.0
0 855.5 79.5 13.0 19.0
0 876.0 76.5 14.0 15.0
0 856.0 105.0 18.0 24.0
0 873.0 100.0 16.0 22.0
0 892.5 84.5 15.0 19.0
0 906.0 113.0 18.0 26.0
0 913.0 97.5 16.0 21.0
0 926.0 90.0 16.0 18.0
0 927.0 75.5 14.0 19.0
0 960.5 77.5 11.0 19.0
0 960.5 96.5 13.0 17.0
0 953.0 105.0 14.0 22.0
0 944.5 120.0 17.0 20.0
0 938.0 136.5 18.0 23.0
0 990.5 169.5 21.0 31.0
0 1000.0 121.5 16.0 23.0
0 984.0 110.0 16.0 22.0
0 993.0 94.5 12.0 19.0
