0 192.5 193.0 39.0 50.0
0 396.0 105.5 16.0 19.0
0 415.5 110.0 17.0 20.0
0 409.0 131.5 18.0 23.0
0 419.5 87.5 13.0 17.0
0 451.5 112.5 13.0 19.0
0 471.5 136.0 19.0 26.0
0 500.0 125.0 18.0 26.0
0 476.5 114.0 17.0 22.0
0 451.5 78.0 11.0 14.0
0 461.5 91.5 13.0 19.0
0 476.0 93.5 12.0 17.0
0 496.5 101.0 15.0 20.0
0 527.5 107.0 17.0 22.0
0 495.5 84.5 13.0 15.0
0 489.0 77.0 12.0 10.0
0 510.5 74.5 11.0 15.0
0 524.0 63.0 10.0 14.0
0 565.0 83.0 12.0 16.0
0 577.5 90.0 15.0 22.0
0 564.0 105.5 16.0 21.0
0 605.5 71.5 13.0 17.0
0 616.5 54.0 9.0 14.0
0 641.5 51.0 9.0 14.0
0 635.0 66.0 12.0 16.0
0 654.5 63.0 11.0 14.0
0 651.0 76.0 14.0 16.0
0 615.0 90.5 16.0 21.0
0 619.0 82.0 16.0 16.0
0 587.5 153.5 21.0 23.0
0 639.5 139.0 25.0 34.0
0 653.5 161.5 29.0 33.0
0 670.5 121.0 19.0 26.0
0 726.0 183.0 24.0 48.0
0 761.5 153.5 27.0 33.0
0 791.5 134.0 19.0 30.0
0 787.0 112.0 20.0 24.0
0 826.0 153.5 24.0 27.0
0 822.5 126.5 15.0 21.0
0 872.0 186.0 22.0 34.0
0 926.0 146.5 16.0 31.0
0 943.5 141.0 17.0 22.0
0 937.0 129.5 14.0 23.0
0 971.5 176.5 19.0 29.0
0 877.0 124.5 16.0 23.0
0 973.5 140.5 13.0 15.0
0 942.0 110.5 12.0 21.0
0 981.0 86.0 10.0 16.0
0 985.0 104.5 12.0 17.0
0 1000.5 114.0 13.0 20.0
0 917.5 96.5 13.0 19.0
0 900.0 105.5 12.0 19.0
0 866.0 96.5 12.0 19.0
0 880.5 83.5 13.0 21.0
0 814.5 101.5 13.0 19.0
0 800.0 87.0 14.0 16.0
0 817.5 71.0 11.0 14.0
0 823.5 86.0 13.0 20.0
0 748.0 103.0 14.0 22.0
0 766.0 95.5 14.0 19.0
0 776.5 70.5 11.0 17.0
0 696.5 112.0 19.0 22.0
0 692.5 50.5 9.0 15.0
0 697.5 67.5 13.0 17.0
0 721.5 60.0 11.0 14.0
0 735.5 62.0 11.0 16.0
0 727.0 87.5 14.0 19.0
