0 353.0 121.0 20.0 20.0
0 423.0 133.5 22.0 23.0
0 435.0 126.5 16.0 19.0
0 453.5 127.0 19.0 26.0
0 504.0 123.0 22.0 28.0
0 516.5 108.5 21.0 23.0
0 520.0 78.0 14.0 20.0
0 551.0 113.0 24.0 26.0
0 602.5 100.0 19.0 24.0
0 641.5 78.0 19.0 22.0
0 660.0 147.5 26.0 33.0
0 684.5 111.5 21.0 27.0
0 723.5 178.0 29.0 36.0
0 745.0 107.0 22.0 22.0
0 787.5 149.0 23.0 26.0
0 873.5 194.5 25.0 35.0
0 896.0 167.5 26.0 35.0
0 859.5 132.5 23.0 29.0
0 869.5 115.5 19.0 25.0
0 919.5 130.0 19.0 24.0
0 956.5 121.0 17.0 26.0
0 961.5 167.0 23.0 26.0
