0 179.0 164.0 38.0 44.0
0 289.0 108.5 18.0 19.0
0 337.5 94.0 15.0 16.0
0 346.0 84.0 16.0 20.0
0 362.0 100.5 18.0 19.0
0 382.0 104.0 16.0 18.0
0 382.0 93.0 14.0 18.0
0 387.5 78.0 15.0 16.0
0 372.0 137.0 22.0 24.0
0 359.5 132.5 19.0 23.0
0 406.0 103.0 18.0 22.0
0 406.5 81.0 15.0 16.0
0 413.0 85.0 16.0 16.0
0 421.5 91.0 15.0 18.0
0 439.5 113.5 19.0 23.0
0 430.5 66.0 11.0 14.0
0 444.5 66.0 11.0 14.0
0 463.5 94.5 17.0 19.0
0 473.5 84.5 17.0 19.0
0 492.0 96.5 16.0 21.0
0 503.5 85.0 13.0 18.0
0 496.5 70.5 13.0 15.0
0 509.5 69.0 15.0 18.0
0 529.5 84.5 15.0 19.0
0 439.0 40.0 12.0 10.0
0 494.5 31.0 11.0 10.0
0 530.5 60.0 15.0 16.0
0 537.0 76.0 14.0 10.0
0 569.5 63.0 9.0 12.0
0 573.5 53.5 11.0 13.0
0 619.0 59.5 14.0 15.0
0 636.0 58.5 12.0 15.0
0 664.5 34.0 13.0 16.0
0 533.0 132.5 20.0 25.0
0 552.5 151.5 25.0 31.0
0 553.5 129.5 25.0 29.0
0 579.0 106.0 18.0 24.0
0 605.0 95.5 18.0 21.0
0 645.5 91.0 17.0 20.0
0 648.0 80.5 14.0 17.0
0 658.5 74.0 13.0 16.0
0 663.5 84.0 13.0 18.0
0 675.5 104.0 19.0 22.0
0 682.0 131.0 18.0 24.0
0 658.0 149.0 28.0 30.0
0 697.0 83.0 14.0 20.0
0 707.0 91.0 16.0 20.0
0 713.0 106.0 18.0 20.0
0 718.5 81.5 11.0 17.0
0 711.5 71.0 13.0 20.0
0 741.0 88.0 18.0 22.0
0 774.5 59.0 17.0 20.0
0 796.0 97.0 14.0 18.0
0 812.0 96.5 14.0 21.0
0 798.0 127.5 18.0 25.0
0 790.5 142.0 21.0 28.0
0 766.0 138.5 20.0 27.0
0 760.0 115.0 16.0 22.0
0 766.5 168.0 29.0 32.0
0 817.5 147.5 19.0 27.0
0 826.5 164.5 23.0 31.0
0 845.5 120.5 15.0 23.0
0 853.0 96.5 14.0 21.0
0 853.5 70.5 15.0 21.0
0 841.5 66.0 13.0 20.0
0 822.0 71.5 14.0 19.0
