0 177.5 165.5 21.0 29.0
0 240.5 170.5 33.0 29.0
0 422.0 175.5 24.0 23.0
0 389.0 184.0 24.0 22.0
0 382.5 157.5 21.0 23.0
0 338.5 141.0 15.0 16.0
0 354.0 139.0 16.0 18.0
0 374.0 142.5 14.0 21.0
0 408.0 144.0 18.0 20.0
0 411.0 113.5 12.0 15.0
0 427.0 114.5 12.0 17.0
0 447.5 116.5 17.0 21.0
0 501.5 145.5 21.0 27.0
0 491.0 121.5 18.0 17.0
0 509.5 123.0 15.0 20.0
0 481.5 110.5 15.0 17.0
0 493.5 140.5 15.0 17.0
0 527.0 95.0 14.0 18.0
0 564.0 106.5 20.0 21.0
0 590.5 98.5 15.0 21.0
0 634.0 101.5 14.0 19.0
0 619.5 82.5 17.0 17.0
0 531.0 184.5 24.0 29.0
0 667.0 153.5 20.0 27.0
0 675.0 127.0 16.0 26.0
0 707.5 123.0 15.0 22.0
0 729.5 133.5 19.0 25.0
0 704.0 165.5 22.0 33.0
0 745.5 99.0 15.0 18.0
0 786.0 121.5 20.0 23.0
0 824.5 99.5 15.0 21.0
0 762.0 168.5 20.0 25.0
0 811.5 149.5 21.0 27.0
0 816.0 190.0 24.0 32.0
0 898.5 199.5 25.0 37.0
0 989.5 143.0 21.0 30.0
