0 187.5 288.5 45.0 49.0
0 360.0 345.0 58.0 68.0
0 357.0 155.5 18.0 23.0
0 388.0 158.5 22.0 23.0
0 454.0 167.0 24.0 24.0
0 440.0 131.0 20.0 20.0
0 478.5 138.5 21.0 23.0
0 478.5 114.5 17.0 19.0
0 517.0 118.5 14.0 19.0
0 483.5 92.0 15.0 10.0
0 514.0 88.0 16.0 12.0
0 498.5 116.5 17.0 17.0
0 560.5 131.0 19.0 18.0
0 560.5 85.5 15.0 17.0
0 593.5 89.0 13.0 12.0
0 608.5 96.5 17.0 15.0
0 509.5 195.5 29.0 33.0
0 703.0 149.0 26.0 30.0
0 768.0 170.5 26.0 35.0
0 830.0 170.5 24.0 31.0
0 736.5 90.0 13.0 18.0
0 761.5 97.5 17.0 19.0
0 751.5 85.5 17.0 17.0
0 787.0 77.0 14.0 16.0
0 799.5 70.5 19.0 19.0
0 858.0 105.0 18.0 20.0
0 857.5 77.0 11.0 16.0
0 932.0 131.5 20.0 29.0
