0 232.0 326.5 46.0 55.0
0 290.5 241.5 17.0 23.0
0 329.5 248.0 23.0 28.0
0 367.5 257.5 25.0 27.0
0 358.5 218.0 19.0 22.0
0 424.0 257.5 24.0 27.0
0 452.0 233.0 18.0 22.0
0 448.0 209.5 18.0 25.0
0 480.0 238.0 16.0 18.0
0 507.5 237.0 21.0 20.0
0 553.5 239.5 19.0 23.0
0 509.0 216.0 18.0 22.0
0 509.0 195.0 18.0 18.0
0 491.5 184.5 15.0 17.0
0 546.5 193.5 19.0 19.0
0 542.0 218.5 16.0 21.0
0 585.0 215.5 14.0 19.0
0 582.5 191.0 17.0 18.0
0 573.5 175.0 9.0 14.0
0 583.0 168.5 16.0 15.0
0 615.0 190.5 16.0 21.0
0 621.5 224.0 21.0 26.0
0 640.0 199.0 18.0 20.0
0 694.5 178.5 15.0 17.0
0 648.5 180.0 15.0 18.0
0 661.0 184.5 18.0 19.0
0 697.5 155.0 13.0 14.0
0 709.5 173.5 13.0 17.0
0 748.0 161.0 16.0 18.0
0 756.5 146.0 13.0 18.0
0 774.5 158.5 13.0 17.0
0 785.0 177.0 16.0 18.0
0 746.5 183.0 15.0 14.0
0 708.0 197.5 20.0 21.0
0 819.0 151.0 12.0 16.0
0 832.5 164.0 13.0 20.0
0 852.0 163.0 18.0 18.0
0 825.5 196.0 17.0 20.0
0 624.0 272.0 32.0 34.0
0 675.5 288.0 31.0 30.0
0 669.0 265.0 28.0 22.0
0 740.0 233.5 24.0 27.0
0 757.5 301.0 37.0 40.0
0 824.5 264.0 29.0 28.0
0 800.0 245.0 22.0 28.0
0 782.0 216.5 20.0 25.0
0 867.5 187.0 13.0 20.0
0 889.0 204.0 16.0 24.0
0 916.0 159.5 18.0 19.0
0 833.0 312.0 44.0 44.0
0 870.0 367.5 42.0 53.0
0 911.0 289.5 30.0 31.0
0 850.0 253.0 26.0 28.0
0 970.0 290.0 24.0 32.0
0 987.0 346.5 32.0 37.0
0 1038.5 311.0 27.0 34.0
0 1119.0 333.0 36.0 44.0
0 1125.5 283.5 23.0 27.0
0 1140.0 252.0 16.0 26.0
0 1054.0 292.5 26.0 35.0
0 995.5 259.5 23.0 27.0
0 918.5 195.0 13.0 14.0
0 942.0 202.5 16.0 21.0
0 940.5 181.5 13.0 13.0
0 960.5 168.0 15.0 20.0
0 966.5 197.5 15.0 17.0
0 998.5 219.5 19.0 21.0
0 1001.0 199.5 16.0 15.0
0 998.0 174.5 16.0 19.0
0 1034.0 186.5 14.0 21.0
0 1052.0 189.5 14.0 19.0
0 1073.0 183.5 14.0 21.0
0 1101.5 207.0 17.0 22.0
0 1150.5 202.5 15.0 17.0
0 1149.0 215.0 16.0 18.0
0 1145.0 224.5 18.0 19.0
0 1047.5 224.5 17.0 21.0
0 1064.0 244.5 18.0 29.0
0 1090.5 230.5 19.0 23.0
0 1062.5 206.5 17.0 21.0
