0 260.5 305.0 45.0 62.0
0 338.5 191.0 17.0 22.0
0 359.5 190.5 17.0 23.0
0 393.0 165.0 16.0 22.0
0 407.0 202.5 20.0 29.0
0 422.5 164.5 19.0 25.0
0 463.5 181.0 21.0 28.0
0 478.5 189.0 23.0 30.0
0 501.0 202.0 26.0 36.0
0 505.0 141.0 16.0 18.0
0 515.5 128.0 17.0 22.0
0 539.0 131.5 16.0 21.0
0 533.5 166.0 23.0 26.0
0 572.0 159.0 20.0 24.0
0 608.0 162.5 22.0 31.0
0 570.5 113.0 15.0 20.0
0 580.0 123.0 14.0 18.0
0 650.5 132.5 17.0 25.0
0 641.5 95.0 11.0 14.0
0 663.5 96.5 13.0 19.0
0 689.0 141.0 20.0 24.0
0 684.5 128.0 19.0 26.0
0 699.0 107.5 14.0 21.0
0 712.5 121.5 21.0 29.0
0 754.0 75.5 14.0 17.0
0 730.0 103.0 16.0 18.0
0 723.5 171.5 23.0 31.0
0 734.0 118.0 18.0 20.0
0 662.5 206.5 23.0 35.0
0 700.0 220.5 34.0 39.0
0 762.0 189.0 26.0 40.0
0 771.5 105.5 15.0 21.0
0 779.5 151.5 21.0 31.0
0 805.5 88.0 17.0 18.0
0 786.0 91.0 14.0 16.0
0 814.0 126.5 20.0 29.0
0 854.0 79.5 14.0 19.0
0 834.0 163.0 24.0 32.0
0 832.0 191.5 28.0 35.0
0 875.0 226.0 34.0 42.0
0 894.0 203.0 28.0 40.0
0 860.5 123.0 19.0 26.0
0 891.5 165.0 29.0 30.0
0 880.5 139.0 21.0 24.0
0 943.0 160.5 22.0 25.0
0 991.0 196.5 30.0 45.0
0 927.5 117.5 17.0 23.0
0 954.5 128.5 19.0 25.0
0 939.0 138.0 20.0 22.0
0 965.0 102.0 18.0 20.0
0 990.0 108.0 16.0 22.0
0 1008.5 99.0 15.0 22.0
0 1052.0 103.5 14.0 21.0
0 1013.5 131.5 19.0 25.0
0 990.5 140.5 21.0 27.0
0 1033.5 167.0 21.0 34.0
0 1060.0 150.5 20.0 31.0
0 1098.0 107.5 12.0 21.0
0 1119.5 146.5 17.0 23.0
0 1107.5 157.0 21.0 30.0
0 1090.5 177.0 25.0 32.0
0 1103.5 220.0 27.0 40.0
0 1143.5 185.5 23.0 31.0
0 958.5 236.5 33.0 47.0
