0 179.0 281.5 44.0 41.0
0 268.0 157.0 14.0 18.0
0 290.0 160.5 16.0 15.0
0 314.5 153.0 15.0 16.0
0 314.0 177.0 18.0 24.0
0 374.0 157.5 18.0 17.0
0 394.5 163.5 17.0 21.0
0 416.5 173.5 19.0 23.0
0 344.0 133.0 16.0 14.0
0 368.5 124.0 13.0 12.0
0 383.5 134.0 19.0 16.0
0 423.0 132.5 20.0 21.0
0 465.0 137.5 18.0 23.0
0 509.0 138.0 22.0 20.0
0 526.0 119.0 16.0 16.0
0 505.5 113.0 13.0 18.0
0 463.0 115.0 18.0 18.0
0 433.0 113.5 18.0 17.0
0 411.0 111.5 20.0 19.0
0 475.0 92.5 12.0 15.0
0 489.5 95.0 15.0 14.0
0 522.0 93.0 14.0 16.0
0 511.0 80.5 12.0 13.0
0 555.5 96.5 17.0 15.0
0 558.5 123.0 17.0 22.0
0 584.0 97.5 14.0 19.0
0 606.5 98.0 19.0 18.0
0 586.5 75.5 13.0 15.0
0 621.5 77.5 11.0 13.0
0 658.5 86.0 13.0 16.0
0 634.0 84.0 12.0 16.0
0 650.0 73.5 12.0 11.0
0 681.5 81.0 11.0 16.0
0 709.0 74.5 12.0 17.0
0 561.0 178.0 28.0 32.0
0 609.0 133.0 20.0 26.0
0 615.0 173.0 24.0 28.0
0 643.0 193.5 28.0 29.0
0 664.0 144.0 22.0 26.0
0 670.0 118.5 18.0 19.0
0 708.0 107.5 14.0 17.0
0 716.5 128.0 17.0 22.0
0 709.0 159.5 24.0 29.0
0 760.0 172.0 22.0 24.0
0 753.5 139.0 21.0 26.0
0 745.5 110.0 15.0 20.0
0 733.0 94.0 14.0 16.0
0 755.5 93.5 15.0 15.0
0 774.5 101.0 15.0 16.0
0 787.5 89.5 15.0 15.0
0 778.5 76.5 15.0 15.0
0 784.5 120.5 19.0 19.0
0 816.5 139.0 21.0 28.0
0 822.0 116.5 20.0 23.0
0 814.0 96.0 16.0 14.0
0 817.5 73.0 9.0 14.0
0 834.0 85.5 18.0 19.0
0 858.0 109.5 18.0 23.0
0 882.0 129.5 18.0 21.0
0 922.0 136.5 16.0 25.0
0 899.5 115.5 15.0 19.0
0 886.0 90.0 16.0 18.0
0 919.0 93.5 18.0 19.0
0 824.0 175.0 24.0 32.0
0 889.5 202.0 25.0 28.0
0 999.0 157.5 14.0 31.0
0 971.5 154.5 15.0 19.0
0 943.5 106.0 15.0 20.0
0 953.5 89.0 15.0 20.0
0 928.0 119.0 12.0 14.0
