0 890.0 93.5 8.0 13.0
0 878.5 98.5 11.0 19.0
0 888.5 106.5 13.0 17.0
0 887.5 119.5 13.0 17.0
0 886.0 124.5 12.0 17.0
0 849.5 115.5 15.0 15.0
0 834.5 85.0 9.0 14.0
0 811.0 77.5 8.0 13.0
0 775.5 78.0 11.0 14.0
0 819.0 109.5 12.0 19.0
0 837.5 123.5 15.0 21.0
0 827.5 146.0 13.0 22.0
0 721.5 74.5 9.0 13.0
0 787.0 101.0 12.0 18.0
0 768.0 87.0 12.0 16.0
0 753.0 91.5 12.0 17.0
0 759.5 112.0 13.0 18.0
0 773.5 113.0 13.0 18.0
0 733.0 98.0 10.0 16.0
0 698.0 97.5 12.0 17.0
0 693.0 82.5 12.0 19.0
0 657.5 97.0 11.0 18.0
0 686.0 124.5 18.0 23.0
0 672.0 105.0 16.0 20.0
0 669.0 66.0 8.0 12.0
0 639.0 60.5 8.0 11.0
0 623.0 63.0 8.0 8.0
0 569.0 36.5 8.0 11.0
0 586.0 58.0 8.0 8.0
0 478.5 44.0 9.0 10.0
0 520.0 65.5 8.0 11.0
0 549.0 68.0 10.0 14.0
0 563.5 75.5 11.0 15.0
0 569.5 84.5 11.0 13.0
0 543.5 78.0 11.0 16.0
0 599.0 76.5 12.0 15.0
0 592.5 72.5 9.0 13.0
0 599.0 89.0 16.0 14.0
0 625.0 103.5 14.0 21.0
0 635.0 116.0 14.0 22.0
0 591.5 120.0 17.0 22.0
0 536.5 132.5 19.0 23.0
0 499.0 71.5 10.0 13.0
0 512.0 82.0 10.0 14.0
0 527.5 100.0 13.0 18.0
0 497.0 99.5 12.0 19.0
0 490.5 92.5 13.0 17.0
0 427.5 82.5 11.0 15.0
0 407.0 81.0 10.0 14.0
0 436.5 91.0 11.0 18.0
0 455.0 73.5 12.0 15.0
0 470.0 72.0 10.0 12.0
0 455.0 82.5 12.0 13.0
0 431.0 124.0 16.0 22.0
0 455.5 96.5 17.0 19.0
0 305.5 109.0 15.0 16.0
0 352.0 105.5 12.0 15.0
0 363.5 97.5 13.0 15.0
0 390.0 95.0 12.0 16.0
0 616.5 171.0 35.0 42.0
