0 275.5 197.0 31.0 24.0
0 152.0 333.0 54.0 70.0
0 296.0 161.0 18.0 26.0
0 360.0 160.5 24.0 25.0
0 365.0 142.0 24.0 20.0
0 403.5 127.5 27.0 21.0
0 432.0 138.0 26.0 28.0
0 457.0 129.5 20.0 21.0
0 473.0 121.0 22.0 22.0
0 507.0 114.5 20.0 25.0
0 487.0 157.0 28.0 26.0
0 516.0 143.0 20.0 22.0
0 556.0 119.0 20.0 22.0
0 567.0 101.0 18.0 24.0
0 590.0 101.0 22.0 18.0
0 614.5 107.0 23.0 28.0
0 635.0 94.5 18.0 23.0
0 670.0 104.0 26.0 30.0
0 709.0 85.5 20.0 21.0
0 738.5 84.5 19.0 23.0
0 767.0 72.0 18.0 20.0
0 807.5 79.5 19.0 19.0
0 846.0 84.5 16.0 17.0
0 880.0 85.0 20.0 22.0
0 905.5 94.0 17.0 18.0
0 845.0 110.0 20.0 20.0
0 864.0 110.5 22.0 19.0
0 779.0 95.0 26.0 18.0
0 783.0 107.5 20.0 21.0
0 794.5 121.0 21.0 26.0
0 848.0 151.5 26.0 37.0
0 889.5 130.5 23.0 23.0
0 738.5 120.0 23.0 22.0
0 713.0 133.5 22.0 23.0
0 641.5 124.5 23.0 21.0
0 608.0 149.5 26.0 27.0
0 564.5 184.0 31.0 34.0
0 951.0 117.5 18.0 19.0
0 983.5 110.0 21.0 20.0
0 991.5 127.5 19.0 19.0
0 1026.5 115.5 21.0 23.0
0 1014.0 149.0 22.0 28.0
0 1041.0 141.5 22.0 21.0
0 1070.0 131.0 20.0 24.0
0 1095.0 140.5 16.0 19.0
0 1113.0 139.5 18.0 25.0
0 1150.0 142.0 20.0 20.0
0 1143.0 159.0 22.0 20.0
0 1203.0 150.0 18.0 22.0
0 1245.0 165.0 18.0 18.0
0 1236.5 187.5 17.0 21.0
0 1226.5 196.0 21.0 26.0
0 1233.0 220.0 22.0 32.0
0 1201.0 227.5 26.0 37.0
0 1175.5 199.0 19.0 30.0
0 1179.0 165.0 18.0 24.0
0 1125.0 175.0 26.0 26.0
0 1105.0 189.0 26.0 22.0
0 1093.0 203.5 24.0 29.0
0 1037.5 178.5 25.0 33.0
0 959.0 172.5 28.0 25.0
0 944.5 138.5 27.0 21.0
0 923.0 161.0 26.0 28.0
0 784.5 176.0 29.0 32.0
0 741.5 202.5 31.0 33.0
0 777.0 225.0 32.0 34.0
0 839.5 245.5 33.0 33.0
0 928.0 239.0 32.0 36.0
0 1013.5 271.5 37.0 49.0
0 1087.0 319.5 36.0 43.0
0 1121.0 238.5 30.0 35.0
0 1216.5 268.0 33.0 38.0
