0 93.0 334.5 42.0 47.0
0 365.0 191.0 22.0 24.0
0 407.5 199.5 17.0 21.0
0 392.0 161.5 16.0 17.0
0 433.0 168.5 18.0 21.0
0 427.0 156.0 16.0 18.0
0 456.5 183.0 19.0 22.0
0 491.0 190.5 20.0 25.0
0 473.0 167.5 18.0 23.0
0 498.0 161.0 20.0 20.0
0 521.5 187.0 23.0 32.0
0 528.0 141.5 18.0 15.0
0 530.5 131.0 21.0 16.0
0 561.5 137.0 17.0 16.0
0 571.5 156.0 23.0 24.0
0 625.0 165.5 22.0 23.0
0 604.5 142.0 21.0 22.0
0 633.0 130.0 20.0 20.0
0 666.5 127.5 17.0 23.0
0 708.5 134.0 19.0 24.0
0 725.0 112.5 16.0 19.0
0 695.0 104.0 16.0 18.0
0 706.0 87.5 14.0 15.0
0 676.0 97.0 14.0 16.0
0 637.0 109.0 18.0 20.0
0 627.5 98.5 17.0 17.0
0 586.5 107.5 19.0 23.0
0 566.0 122.0 14.0 14.0
0 560.0 110.5 16.0 17.0
0 738.5 94.0 17.0 16.0
0 781.0 104.0 16.0 16.0
0 729.0 80.0 14.0 14.0
0 740.0 77.0 14.0 18.0
0 752.0 76.0 14.0 14.0
0 762.0 81.5 12.0 17.0
0 793.5 92.0 13.0 18.0
0 818.0 100.0 20.0 22.0
0 809.0 76.5 20.0 21.0
0 827.0 81.5 12.0 21.0
0 863.5 79.0 19.0 20.0
0 665.5 209.5 29.0 35.0
0 701.5 180.5 25.0 29.0
0 750.0 236.5 32.0 39.0
0 785.5 174.5 21.0 25.0
0 771.0 155.5 20.0 25.0
0 815.0 163.0 22.0 26.0
0 834.5 192.0 29.0 36.0
0 837.5 148.5 23.0 25.0
0 890.5 161.0 29.0 28.0
0 928.5 182.5 25.0 29.0
0 964.0 223.0 28.0 42.0
0 1014.0 293.5 46.0 51.0
0 1115.0 254.5 28.0 39.0
0 1140.5 234.5 25.0 31.0
0 1043.0 227.5 28.0 37.0
0 1021.0 179.0 22.0 24.0
0 1062.0 183.5 28.0 31.0
0 1094.5 155.0 17.0 24.0
0 1151.0 167.5 24.0 31.0
0 1115.0 136.5 18.0 23.0
0 1135.5 111.5 15.0 15.0
0 1144.0 100.0 14.0 16.0
0 1165.0 114.5 16.0 19.0
0 1175.5 113.0 15.0 24.0
0 1165.0 145.5 16.0 19.0
0 1067.0 121.0 16.0 20.0
0 1091.5 124.0 19.0 20.0
0 1082.0 106.5 18.0 21.0
0 1093.5 101.0 15.0 20.0
0 1008.0 125.0 16.0 16.0
0 1020.5 109.0 15.0 20.0
0 1029.0 97.0 14.0 20.0
0 1052.0 90.5 16.0 19.0
0 971.0 150.0 24.0 24.0
0 980.0 119.5 18.0 29.0
0 1008.5 88.0 15.0 18.0
0 981.0 82.0 14.0 18.0
0 916.5 129.5 15.0 17.0
0 899.0 120.0 14.0 18.0
0 901.0 97.5 16.0 17.0
0 922.0 97.5 18.0 21.0
0 941.5 115.5 21.0 25.0
