0 124.5 269.5 51.0 53.0
0 226.5 162.5 19.0 21.0
0 260.0 171.5 26.0 29.0
0 310.0 141.0 20.0 20.0
0 357.0 146.0 20.0 24.0
0 364.0 119.5 16.0 23.0
0 389.0 138.0 16.0 26.0
0 410.0 129.0 18.0 28.0
0 439.5 153.0 19.0 28.0
0 426.0 118.0 18.0 20.0
0 461.0 112.5 16.0 17.0
0 464.0 145.0 20.0 24.0
0 515.0 115.5 16.0 21.0
0 528.0 101.5 12.0 21.0
0 548.0 108.0 18.0 16.0
0 590.5 122.0 13.0 20.0
0 560.5 148.5 21.0 29.0
0 514.5 186.5 19.0 27.0
0 662.5 132.0 19.0 20.0
0 591.0 90.0 14.0 16.0
0 624.0 101.0 18.0 26.0
0 669.5 94.0 15.0 18.0
0 665.5 77.5 17.0 15.0
0 697.5 79.0 17.0 16.0
0 699.0 99.5 16.0 17.0
0 688.0 119.5 18.0 21.0
0 736.5 104.0 15.0 18.0
0 714.0 72.5 18.0 17.0
0 752.0 117.0 16.0 22.0
0 794.5 110.0 15.0 20.0
0 785.5 87.0 15.0 18.0
0 763.5 76.5 15.0 21.0
0 731.5 88.0 15.0 12.0
0 802.5 76.0 17.0 20.0
0 832.0 78.5 16.0 15.0
0 831.5 98.5 17.0 21.0
0 865.0 92.0 14.0 20.0
0 804.5 138.5 23.0 23.0
0 689.5 202.5 27.0 27.0
0 740.0 172.5 24.0 31.0
0 858.0 129.0 16.0 22.0
0 879.5 155.5 23.0 29.0
0 898.5 136.0 15.0 20.0
0 944.0 125.5 16.0 19.0
0 908.0 114.5 18.0 19.0
0 943.5 107.0 13.0 14.0
0 986.0 112.0 16.0 20.0
0 992.0 135.5 16.0 21.0
0 966.0 147.0 16.0 26.0
0 904.0 175.0 18.0 28.0
0 736.5 222.0 29.0 34.0
0 804.0 238.0 34.0 32.0
0 875.5 243.0 29.0 36.0
0 953.0 266.0 32.0 46.0
0 1056.5 307.5 35.0 49.0
0 1064.0 252.5 26.0 41.0
0 988.5 176.5 21.0 31.0
0 1063.5 187.0 23.0 28.0
0 1085.5 171.0 17.0 22.0
0 1008.5 128.5 19.0 23.0
0 1056.5 135.5 17.0 21.0
0 1101.0 133.0 16.0 18.0
0 1102.5 153.0 13.0 18.0
0 1136.0 160.0 16.0 24.0
0 1127.0 188.0 18.0 28.0
0 1047.5 222.5 19.0 31.0
0 1170.5 270.5 25.0 37.0
0 1159.0 225.0 18.0 30.0
0 1190.0 219.5 16.0 29.0
0 1191.5 191.0 17.0 28.0
0 1201.0 152.5 14.0 25.0
0 1160.0 144.5 16.0 23.0
