0 176.5 282.0 49.0 50.0
0 261.5 156.0 23.0 22.0
0 288.0 145.5 20.0 25.0
0 397.5 151.0 23.0 22.0
0 383.0 104.0 18.0 22.0
0 358.5 141.0 21.0 22.0
0 406.5 128.0 17.0 22.0
0 412.5 99.5 15.0 15.0
0 440.0 132.5 20.0 25.0
0 451.5 115.5 19.0 19.0
0 462.0 86.0 16.0 16.0
0 486.5 84.5 15.0 19.0
0 488.0 105.5 18.0 21.0
0 511.5 105.5 19.0 23.0
0 520.5 71.5 13.0 13.0
0 547.0 71.0 16.0 14.0
0 557.0 112.0 22.0 22.0
0 589.0 99.5 24.0 23.0
0 597.0 81.5 16.0 19.0
0 629.5 84.0 19.0 18.0
0 577.0 39.5 16.0 21.0
0 667.0 83.5 18.0 21.0
0 663.0 64.5 14.0 15.0
0 669.5 28.0 13.0 14.0
0 712.5 34.5 19.0 21.0
0 709.5 109.5 23.0 25.0
0 675.5 125.5 27.0 27.0
0 624.0 151.5 26.0 31.0
0 570.0 149.0 24.0 30.0
0 553.0 185.5 28.0 31.0
0 500.5 181.5 37.0 35.0
0 694.0 183.5 38.0 39.0
0 733.5 156.5 29.0 39.0
0 762.0 134.5 22.0 29.0
0 749.0 106.5 24.0 29.0
0 801.5 111.0 23.0 30.0
0 830.0 136.0 24.0 28.0
0 795.5 165.0 27.0 28.0
0 778.0 182.0 32.0 42.0
0 818.0 234.5 36.0 45.0
0 817.0 77.0 16.0 20.0
0 849.0 79.5 18.0 21.0
0 864.0 73.5 14.0 17.0
0 892.0 74.5 16.0 19.0
0 850.0 117.0 22.0 32.0
0 851.5 175.5 37.0 39.0
0 917.5 215.5 45.0 51.0
0 926.5 182.0 33.0 42.0
0 887.5 144.5 23.0 33.0
0 896.5 122.0 19.0 28.0
0 942.5 126.5 25.0 31.0
0 940.5 162.5 29.0 35.0
0 927.0 83.0 18.0 18.0
0 954.0 89.0 16.0 24.0
