0 100.5 251.5 25.0 31.0
0 84.0 288.0 26.0 30.0
0 154.5 353.5 29.0 43.0
0 57.5 142.5 17.0 17.0
0 60.5 132.0 15.0 20.0
0 199.0 93.0 16.0 22.0
0 157.0 134.0 20.0 22.0
0 233.5 121.0 15.0 20.0
0 217.5 160.0 19.0 22.0
0 307.5 171.0 21.0 28.0
0 296.5 206.5 25.0 31.0
0 262.5 256.5 25.0 31.0
0 240.5 85.0 13.0 18.0
0 282.5 90.0 13.0 16.0
0 306.5 80.0 13.0 18.0
0 373.0 98.0 18.0 24.0
0 369.5 122.5 21.0 21.0
0 388.5 139.5 21.0 23.0
0 411.5 138.5 15.0 19.0
0 448.5 59.5 13.0 17.0
0 476.0 108.0 16.0 20.0
0 501.0 62.0 16.0 16.0
0 527.0 60.5 14.0 15.0
0 526.0 111.0 20.0 16.0
0 572.5 77.0 19.0 12.0
0 583.5 76.5 11.0 17.0
0 635.0 70.0 14.0 12.0
0 673.0 52.5 12.0 15.0
0 595.0 132.0 24.0 24.0
0 600.5 171.0 25.0 26.0
0 626.5 110.5 15.0 21.0
0 698.5 185.0 25.0 26.0
0 687.0 104.5 14.0 21.0
0 722.5 62.5 11.0 15.0
0 718.5 90.0 13.0 18.0
0 742.0 84.5 14.0 15.0
0 772.0 74.5 16.0 13.0
0 718.5 122.5 15.0 21.0
0 773.0 133.0 18.0 20.0
0 807.0 93.5 14.0 17.0
0 701.0 284.0 32.0 34.0
0 849.0 196.5 26.0 31.0
0 863.5 130.5 19.0 19.0
0 903.5 133.5 13.0 17.0
0 892.5 110.5 15.0 17.0
0 964.0 129.5 20.0 17.0
0 1014.5 142.5 19.0 19.0
0 979.0 219.0 22.0 28.0
0 1051.5 160.0 17.0 20.0
0 1152.5 214.5 23.0 25.0
0 881.5 162.5 21.0 23.0
0 583.0 101.5 14.0 13.0
