0 110.5 380.5 45.0 49.0
0 206.5 242.0 19.0 24.0
0 252.0 247.5 22.0 29.0
0 283.0 220.5 22.0 21.0
0 283.5 262.0 31.0 34.0
0 321.5 272.0 33.0 28.0
0 352.0 236.5 28.0 25.0
0 365.0 206.5 20.0 19.0
0 405.5 233.0 21.0 20.0
0 433.0 239.0 28.0 28.0
0 414.0 182.0 20.0 18.0
0 459.5 177.0 19.0 16.0
0 486.5 181.0 17.0 18.0
0 500.0 170.0 18.0 16.0
0 512.0 155.0 14.0 14.0
0 570.0 167.5 20.0 17.0
0 552.0 188.5 18.0 19.0
0 567.0 192.5 20.0 21.0
0 611.5 191.5 21.0 21.0
0 607.0 169.5 20.0 25.0
0 629.5 172.5 23.0 19.0
0 627.0 150.0 16.0 16.0
0 643.0 149.5 24.0 17.0
0 683.0 143.5 22.0 21.0
0 700.5 149.0 19.0 20.0
0 716.5 152.5 13.0 21.0
0 744.5 146.5 19.0 19.0
0 763.0 150.5 18.0 19.0
0 715.5 174.5 17.0 21.0
0 669.0 172.0 20.0 16.0
0 503.5 223.5 27.0 23.0
0 549.0 226.5 24.0 25.0
0 483.0 245.0 28.0 30.0
0 427.0 210.5 20.0 19.0
0 512.5 285.5 35.0 37.0
0 595.0 251.0 24.0 28.0
0 598.5 283.0 29.0 36.0
0 666.5 236.0 29.0 28.0
0 672.5 269.5 31.0 27.0
0 660.5 321.5 33.0 43.0
0 708.5 333.5 35.0 39.0
0 814.0 285.5 30.0 35.0
0 794.5 373.0 41.0 48.0
0 880.5 301.0 33.0 36.0
0 936.5 354.0 35.0 46.0
0 971.0 327.0 36.0 40.0
0 1050.5 331.5 37.0 39.0
0 983.0 267.0 28.0 36.0
0 927.0 250.5 22.0 27.0
0 941.5 236.0 25.0 28.0
0 930.0 209.5 20.0 25.0
0 921.5 166.5 17.0 19.0
0 890.5 165.0 17.0 16.0
0 845.5 169.5 23.0 25.0
0 871.5 183.5 29.0 27.0
0 805.0 207.5 28.0 27.0
0 797.5 178.0 19.0 24.0
0 765.5 221.0 25.0 26.0
0 754.0 190.0 20.0 22.0
0 715.5 251.5 29.0 35.0
0 746.5 260.0 27.0 32.0
0 779.5 254.0 29.0 24.0
0 710.0 211.5 30.0 29.0
0 962.0 173.5 16.0 17.0
0 979.0 191.5 18.0 25.0
0 1004.0 176.5 20.0 21.0
0 1000.5 233.0 23.0 28.0
0 975.5 227.0 25.0 28.0
0 1025.5 231.5 19.0 31.0
0 1031.0 206.5 20.0 19.0
0 1080.5 198.0 13.0 16.0
0 1074.5 220.0 23.0 22.0
0 1054.0 239.5 22.0 21.0
0 1071.5 259.0 25.0 22.0
