0 204.5 255.5 55.0 61.0
0 264.5 157.5 19.0 21.0
0 292.5 149.0 21.0 20.0
0 321.5 152.0 21.0 20.0
0 333.5 159.0 21.0 22.0
0 356.0 162.5 28.0 25.0
0 382.5 160.5 23.0 23.0
0 416.5 166.5 25.0 27.0
0 316.5 135.0 19.0 18.0
0 342.0 135.0 20.0 20.0
0 389.5 118.0 23.0 24.0
0 438.5 148.0 21.0 24.0
0 478.5 134.5 23.0 29.0
0 432.5 127.5 19.0 21.0
0 437.0 113.0 18.0 20.0
0 418.5 103.0 15.0 16.0
0 465.5 93.0 17.0 22.0
0 486.5 92.0 17.0 20.0
0 523.0 107.5 18.0 19.0
0 494.0 121.0 18.0 28.0
0 561.0 111.5 20.0 23.0
0 519.0 75.5 16.0 17.0
0 528.5 79.0 13.0 14.0
0 568.5 87.5 19.0 21.0
0 544.5 90.0 15.0 18.0
0 612.0 95.5 18.0 19.0
0 598.5 76.5 15.0 13.0
0 617.5 60.5 17.0 17.0
0 631.0 73.0 12.0 14.0
0 625.0 89.0 14.0 18.0
0 644.5 83.0 15.0 14.0
0 664.5 66.0 13.0 16.0
0 683.0 73.0 16.0 16.0
0 542.5 167.0 27.0 30.0
0 574.0 180.0 32.0 34.0
0 591.5 144.5 27.0 27.0
0 644.5 125.0 23.0 26.0
0 667.0 104.0 22.0 24.0
0 679.0 135.0 22.0 28.0
0 650.0 151.0 26.0 26.0
0 673.0 159.5 26.0 25.0
0 689.0 196.0 36.0 48.0
0 730.0 169.0 34.0 36.0
0 730.5 137.0 29.0 34.0
0 703.0 98.5 20.0 23.0
0 736.0 112.0 20.0 26.0
0 753.0 94.0 18.0 24.0
0 768.5 89.5 17.0 21.0
0 786.0 105.5 20.0 23.0
0 763.5 116.5 19.0 21.0
0 770.0 144.5 24.0 29.0
0 804.0 172.5 28.0 33.0
0 810.5 204.5 47.0 51.0
0 885.0 175.0 28.0 34.0
0 850.0 137.5 24.0 31.0
0 809.0 112.0 22.0 26.0
0 791.5 73.5 17.0 19.0
0 811.0 88.0 18.0 22.0
0 822.5 77.0 19.0 20.0
0 831.5 101.0 19.0 24.0
0 849.5 100.0 17.0 22.0
0 860.0 83.0 14.0 22.0
0 876.5 106.0 17.0 24.0
0 868.0 126.5 16.0 21.0
0 898.5 141.5 23.0 33.0
0 910.5 130.0 15.0 22.0
0 918.0 113.5 14.0 17.0
0 939.5 160.0 21.0 30.0
0 907.0 89.5 18.0 25.0
