0 232.0 228.0 48.0 54.0
0 290.0 128.5 16.0 25.0
0 321.5 122.5 19.0 19.0
0 326.5 133.5 19.0 23.0
0 343.0 104.0 14.0 20.0
0 375.0 107.0 18.0 24.0
0 388.0 100.0 14.0 16.0
0 409.0 93.0 22.0 14.0
0 400.5 115.5 19.0 21.0
0 367.0 141.5 20.0 25.0
0 419.0 132.5 22.0 21.0
0 432.0 143.0 24.0 26.0
0 429.5 105.0 19.0 18.0
0 436.0 90.0 14.0 16.0
0 457.5 110.0 19.0 20.0
0 459.0 84.5 12.0 17.0
0 479.0 77.0 14.0 16.0
0 481.5 90.0 15.0 18.0
0 493.5 112.5 19.0 25.0
0 493.0 102.0 16.0 18.0
0 510.0 84.0 14.0 18.0
0 514.5 68.0 9.0 14.0
0 526.0 74.5 22.0 17.0
0 535.5 97.5 17.0 17.0
0 547.0 84.5 16.0 19.0
0 563.5 86.5 15.0 19.0
0 560.5 72.0 15.0 18.0
0 580.5 82.0 13.0 20.0
0 590.0 66.0 14.0 16.0
0 618.5 65.0 15.0 16.0
0 623.5 72.5 17.0 19.0
0 638.5 76.0 15.0 20.0
0 646.5 66.0 15.0 22.0
0 660.0 63.5 14.0 17.0
0 670.0 67.0 14.0 20.0
0 696.0 70.0 14.0 20.0
0 702.0 61.5 12.0 15.0
0 722.5 61.0 15.0 16.0
0 692.0 100.0 18.0 20.0
0 660.0 87.5 20.0 21.0
0 596.0 95.5 20.0 21.0
0 572.0 106.0 20.0 20.0
0 769.0 72.0 14.0 20.0
0 753.5 83.5 17.0 19.0
0 755.5 100.0 19.0 20.0
0 772.0 110.5 20.0 23.0
0 728.5 106.5 19.0 19.0
0 739.0 138.5 24.0 27.0
0 682.0 137.5 20.0 25.0
0 693.0 156.0 22.0 30.0
0 633.5 140.5 25.0 33.0
0 632.0 121.5 20.0 21.0
0 575.5 134.0 31.0 32.0
0 677.0 198.0 32.0 40.0
0 765.5 216.0 35.0 38.0
0 778.0 141.0 22.0 30.0
0 817.5 164.5 23.0 31.0
0 859.5 147.5 21.0 27.0
0 869.0 125.0 20.0 24.0
0 841.5 106.5 15.0 21.0
0 821.5 116.5 21.0 21.0
0 808.5 93.5 13.0 19.0
0 799.5 83.0 15.0 14.0
0 802.0 74.5 12.0 17.0
0 829.5 81.5 13.0 19.0
0 845.0 79.5 12.0 19.0
0 864.5 95.0 19.0 24.0
0 895.0 94.5 14.0 25.0
0 912.5 134.5 19.0 31.0
0 945.0 143.0 16.0 32.0
0 964.5 120.5 15.0 25.0
0 981.5 130.5 15.0 23.0
0 929.5 114.0 15.0 18.0
0 933.0 88.0 12.0 16.0
0 944.0 191.5 24.0 33.0
