0 169.0 167.0 38.0 42.0
0 254.0 115.0 12.0 14.0
0 269.0 106.5 10.0 13.0
0 289.5 109.5 13.0 15.0
0 294.0 125.0 14.0 16.0
0 321.0 106.0 14.0 16.0
0 325.0 96.0 16.0 12.0
0 357.5 88.0 13.0 12.0
0 373.0 92.0 12.0 12.0
0 358.0 103.5 14.0 15.0
0 384.5 105.5 15.0 15.0
0 361.0 134.0 20.0 22.0
0 394.0 95.5 12.0 11.0
0 384.0 81.5 12.0 13.0
0 404.0 82.0 12.0 12.0
0 422.5 95.5 13.0 13.0
0 436.0 101.0 14.0 18.0
0 397.5 74.0 11.0 12.0
0 410.0 65.0 10.0 12.0
0 442.5 71.5 13.0 15.0
0 459.5 78.5 13.0 17.0
0 481.0 86.0 14.0 16.0
0 487.0 76.5 12.0 13.0
0 469.5 59.0 9.0 12.0
0 495.0 52.0 10.0 10.0
0 517.0 50.5 8.0 11.0
0 513.0 59.0 10.0 10.0
0 521.5 68.5 13.0 15.0
0 540.5 49.0 9.0 12.0
0 535.5 55.5 9.0 11.0
0 554.5 60.5 13.0 13.0
0 518.0 99.5 16.0 19.0
0 473.0 120.0 18.0 20.0
0 507.5 126.0 17.0 22.0
0 458.5 147.0 21.0 26.0
0 411.5 148.0 23.0 24.0
0 508.0 158.0 24.0 26.0
0 556.5 126.0 19.0 20.0
0 567.0 157.0 20.0 30.0
0 602.5 136.0 19.0 24.0
0 599.5 108.5 19.0 23.0
0 556.5 98.5 17.0 21.0
0 551.0 85.0 14.0 14.0
0 579.0 49.5 12.0 17.0
0 604.0 68.5 12.0 15.0
0 582.0 87.0 14.0 20.0
0 615.0 79.5 12.0 15.0
0 627.0 91.5 16.0 25.0
0 627.5 72.0 11.0 14.0
0 641.5 80.0 13.0 18.0
0 619.5 59.0 11.0 14.0
0 630.5 54.5 11.0 15.0
0 644.5 64.5 11.0 15.0
0 670.5 66.0 9.0 16.0
0 680.5 65.5 9.0 15.0
0 670.5 85.0 13.0 22.0
0 690.5 83.0 11.0 16.0
0 698.0 69.0 10.0 16.0
0 715.0 75.5 12.0 17.0
0 725.0 67.0 8.0 10.0
0 728.0 73.5 12.0 15.0
0 748.5 79.0 11.0 14.0
0 757.5 67.0 9.0 14.0
0 780.5 76.5 11.0 17.0
0 743.5 93.5 15.0 17.0
0 772.5 98.0 15.0 20.0
0 708.0 92.0 12.0 16.0
0 730.5 111.0 17.0 22.0
0 768.0 135.5 18.0 27.0
0 646.0 138.5 20.0 27.0
