0 225.0 210.0 48.0 56.0
0 272.0 163.5 24.0 19.0
0 314.0 152.5 16.0 19.0
0 341.5 150.5 25.0 25.0
0 363.0 172.0 30.0 30.0
0 349.0 124.0 12.0 14.0
0 370.0 126.0 14.0 18.0
0 379.0 99.0 18.0 16.0
0 410.0 120.0 18.0 22.0
0 433.0 99.5 16.0 17.0
0 448.0 159.5 24.0 25.0
0 444.5 131.5 19.0 21.0
0 481.5 100.0 17.0 14.0
0 493.0 119.0 12.0 16.0
0 499.0 88.5 14.0 15.0
0 503.0 147.0 28.0 24.0
0 551.5 88.0 17.0 18.0
0 559.5 125.5 21.0 21.0
0 605.5 104.5 17.0 17.0
0 638.5 30.5 11.0 13.0
0 674.0 45.0 16.0 18.0
0 713.0 70.0 16.0 20.0
0 730.5 55.5 15.0 19.0
0 525.5 176.0 35.0 44.0
0 566.5 193.5 25.0 35.0
0 608.5 139.0 23.0 26.0
0 650.0 122.0 24.0 26.0
0 646.5 154.0 25.0 28.0
0 652.5 193.5 29.0 39.0
0 718.0 212.0 32.0 28.0
0 705.5 126.5 21.0 23.0
0 728.0 123.0 20.0 22.0
0 708.0 97.0 22.0 20.0
0 754.5 78.0 13.0 20.0
0 765.0 93.0 18.0 20.0
0 792.0 84.5 16.0 21.0
0 792.5 61.0 19.0 22.0
0 794.5 116.0 19.0 22.0
0 812.5 139.0 19.0 28.0
0 796.0 165.5 24.0 35.0
0 834.0 178.0 20.0 36.0
0 817.0 73.0 14.0 18.0
0 835.5 68.5 13.0 17.0
0 845.0 107.0 18.0 20.0
0 850.0 79.5 12.0 17.0
0 864.0 75.0 12.0 16.0
0 884.0 77.0 18.0 20.0
0 901.0 115.0 20.0 22.0
0 921.0 85.5 18.0 23.0
0 953.5 78.5 13.0 21.0
0 987.0 59.5 12.0 23.0
0 940.5 111.0 17.0 20.0
0 952.5 97.5 13.0 25.0
0 922.5 136.0 17.0 26.0
0 990.5 113.5 19.0 25.0
0 972.5 160.5 21.0 29.0
0 944.0 89.0 10.0 16.0
0 743.5 106.5 25.0 23.0
0 634.5 93.0 17.0 20.0
0 572.0 96.0 14.0 18.0
0 472.5 112.5 17.0 21.0
0 481.5 133.0 19.0 18.0
0 517.0 120.0 18.0 20.0
