0 146.0 340.0 58.0 68.0
0 329.5 160.0 19.0 22.0
0 346.0 162.0 16.0 22.0
0 377.0 153.5 22.0 27.0
0 422.0 140.5 22.0 27.0
0 405.0 133.5 18.0 27.0
0 452.5 143.0 21.0 26.0
0 467.5 173.0 23.0 28.0
0 557.0 194.5 28.0 29.0
0 608.0 152.5 26.0 29.0
0 547.0 128.0 26.0 22.0
0 526.0 112.5 18.0 25.0
0 474.5 123.0 19.0 20.0
0 505.5 158.0 25.0 22.0
0 606.5 110.0 19.0 20.0
0 587.0 103.0 18.0 20.0
0 630.5 98.0 15.0 18.0
0 671.5 99.0 17.0 24.0
0 665.5 144.0 19.0 26.0
0 736.0 125.5 16.0 19.0
0 707.5 102.5 19.0 19.0
0 704.0 85.5 18.0 19.0
0 733.0 86.5 18.0 23.0
0 755.5 83.5 19.0 19.0
0 771.5 112.5 13.0 19.0
0 783.0 123.5 18.0 19.0
0 785.5 98.0 19.0 18.0
0 799.0 79.0 16.0 22.0
0 821.0 87.5 18.0 23.0
0 828.0 120.0 20.0 22.0
0 875.5 87.5 17.0 19.0
0 863.5 100.0 17.0 26.0
0 904.5 97.0 17.0 20.0
0 830.5 155.5 25.0 31.0
0 779.5 184.0 27.0 32.0
0 705.0 210.0 28.0 32.0
0 764.5 234.0 27.0 38.0
0 833.0 250.0 34.0 34.0
0 922.0 245.5 32.0 43.0
0 894.5 177.0 25.0 32.0
0 900.0 133.5 18.0 23.0
0 942.5 144.5 17.0 23.0
0 966.5 174.5 17.0 25.0
0 1006.0 161.5 20.0 21.0
0 955.0 121.0 18.0 20.0
0 934.0 128.5 16.0 23.0
0 986.5 136.0 17.0 22.0
0 987.0 109.0 18.0 22.0
0 1023.0 122.5 16.0 23.0
0 1049.5 133.5 19.0 23.0
0 1031.5 185.0 23.0 40.0
0 1027.5 150.0 17.0 28.0
0 995.0 271.5 32.0 45.0
0 1102.5 307.0 41.0 52.0
0 1115.5 258.0 23.0 44.0
0 1204.0 276.0 28.0 40.0
0 1159.5 196.5 21.0 29.0
0 1121.0 178.0 20.0 28.0
0 1080.0 220.0 22.0 28.0
0 1093.0 148.0 16.0 20.0
0 1111.0 144.0 14.0 22.0
0 1133.0 153.5 16.0 23.0
0 1141.5 142.0 19.0 22.0
0 1181.0 167.0 14.0 26.0
0 1197.0 150.5 16.0 21.0
0 1233.5 162.0 13.0 18.0
0 1231.0 182.5 16.0 19.0
0 1227.5 204.0 17.0 22.0
0 1233.0 227.0 22.0 34.0
0 1199.5 237.0 25.0 38.0
