0 77.5 322.0 59.0 64.0
0 214.5 169.0 25.0 24.0
0 251.0 160.5 28.0 35.0
0 283.0 142.0 22.0 30.0
0 343.5 134.0 25.0 30.0
0 354.0 115.5 24.0 27.0
0 380.5 125.5 23.0 33.0
0 401.0 116.5 20.0 27.0
0 430.0 145.0 24.0 34.0
0 462.0 134.5 22.0 27.0
0 423.0 107.5 20.0 25.0
0 454.5 103.5 23.0 27.0
0 503.5 104.5 21.0 21.0
0 499.0 87.5 20.0 19.0
0 505.0 180.0 30.0 36.0
0 553.5 140.5 27.0 31.0
0 530.5 90.5 21.0 23.0
0 562.5 93.0 23.0 26.0
0 582.0 111.0 18.0 22.0
0 623.5 124.0 21.0 26.0
0 583.5 82.0 19.0 20.0
0 610.5 92.0 21.0 26.0
0 624.5 87.0 17.0 24.0
0 654.0 71.0 18.0 22.0
0 661.5 86.5 23.0 21.0
0 688.0 70.0 20.0 22.0
0 707.5 63.5 21.0 23.0
0 691.0 94.0 22.0 24.0
0 680.5 113.5 25.0 27.0
0 717.0 104.5 22.0 27.0
0 722.5 80.5 17.0 21.0
0 741.5 107.5 23.0 25.0
0 750.0 66.5 20.0 25.0
0 773.0 78.5 20.0 23.0
0 785.5 67.0 21.0 28.0
0 784.0 99.5 18.0 21.0
0 823.0 86.0 18.0 22.0
0 831.5 70.5 21.0 21.0
0 852.5 85.0 21.0 26.0
0 661.5 193.5 31.0 43.0
0 706.0 223.5 30.0 39.0
0 737.0 164.0 36.0 38.0
0 790.0 149.0 30.0 36.0
0 788.0 228.0 34.0 36.0
0 872.0 225.5 34.0 39.0
0 955.0 256.0 38.0 48.0
0 873.5 147.5 27.0 33.0
0 903.0 163.5 28.0 31.0
0 889.0 125.5 24.0 29.0
0 849.5 116.0 19.0 22.0
0 919.0 108.5 14.0 19.0
0 934.5 110.0 25.0 38.0
0 975.5 103.5 21.0 27.0
0 988.0 123.0 22.0 24.0
0 999.5 117.0 19.0 34.0
0 952.0 145.0 24.0 28.0
0 980.5 165.5 25.0 35.0
0 1035.0 192.0 26.0 30.0
0 1049.5 175.0 25.0 38.0
0 1075.0 157.5 20.0 29.0
0 1046.5 126.0 19.0 24.0
0 1087.5 144.0 17.0 26.0
0 1094.5 129.0 17.0 24.0
0 1123.0 188.5 24.0 31.0
0 1126.5 151.0 15.0 24.0
0 1145.5 132.5 17.0 23.0
0 1070.5 240.5 29.0 47.0
0 1046.5 282.5 41.0 45.0
0 1159.0 269.0 28.0 48.0
0 1165.0 209.0 24.0 28.0
0 1180.5 208.0 21.0 32.0
0 1172.5 179.5 19.0 29.0
0 1182.0 171.5 16.0 19.0
0 1189.0 142.5 18.0 23.0
