0 215.0 264.0 58.0 60.0
0 282.5 159.0 23.0 20.0
0 316.5 159.0 23.0 24.0
0 326.0 150.0 18.0 16.0
0 347.0 164.5 24.0 21.0
0 385.0 155.0 26.0 26.0
0 415.5 157.5 23.0 25.0
0 443.0 155.0 24.0 26.0
0 364.5 126.5 21.0 19.0
0 392.0 129.0 18.0 20.0
0 415.0 135.5 18.0 21.0
0 404.5 110.0 19.0 20.0
0 437.5 107.5 17.0 17.0
0 446.5 117.0 19.0 20.0
0 468.5 118.0 17.0 20.0
0 480.5 135.0 23.0 24.0
0 512.0 135.5 24.0 23.0
0 479.5 94.5 17.0 17.0
0 508.0 101.5 18.0 19.0
0 522.0 115.5 16.0 21.0
0 529.0 81.5 14.0 15.0
0 548.0 118.0 14.0 22.0
0 564.0 95.0 16.0 16.0
0 566.5 122.5 19.0 25.0
0 589.0 148.5 24.0 33.0
0 530.0 178.5 26.0 31.0
0 581.0 190.0 34.0 36.0
0 593.0 94.5 16.0 19.0
0 611.5 101.5 19.0 21.0
0 608.5 88.0 13.0 14.0
0 606.0 75.5 16.0 15.0
0 540.0 88.0 14.0 14.0
0 630.5 90.0 15.0 18.0
0 631.5 72.5 15.0 17.0
0 652.5 94.0 17.0 20.0
0 657.5 72.5 15.0 19.0
0 664.0 69.0 14.0 20.0
0 686.0 69.5 14.0 17.0
0 689.5 84.0 17.0 20.0
0 716.0 74.5 16.0 17.0
0 747.5 89.5 17.0 19.0
0 748.0 108.0 16.0 24.0
0 755.5 127.5 21.0 27.0
0 710.0 128.5 24.0 29.0
0 713.5 109.0 21.0 26.0
0 662.5 119.5 19.0 25.0
0 672.0 147.0 24.0 32.0
0 730.0 151.0 24.0 28.0
0 661.5 196.5 37.0 33.0
0 772.0 176.5 28.0 33.0
0 761.5 92.0 19.0 20.0
0 798.0 69.5 12.0 17.0
0 818.5 75.5 15.0 17.0
0 809.5 83.0 17.0 18.0
0 787.0 98.0 18.0 20.0
0 783.5 115.5 25.0 25.0
0 811.5 143.0 27.0 36.0
0 828.0 169.0 26.0 32.0
0 823.5 98.5 19.0 21.0
0 836.5 118.5 19.0 25.0
0 843.5 89.5 15.0 19.0
0 865.5 101.5 19.0 19.0
0 892.5 90.0 13.0 20.0
0 916.0 95.0 16.0 20.0
0 901.0 105.0 20.0 24.0
0 885.0 127.0 22.0 26.0
0 918.5 157.5 23.0 35.0
0 905.5 190.0 27.0 38.0
0 982.5 161.0 19.0 32.0
0 983.0 144.0 20.0 24.0
0 956.0 124.5 18.0 25.0
0 943.0 99.0 14.0 20.0
0 955.5 94.0 15.0 20.0
0 968.5 112.5 15.0 21.0
