0 229.0 117.0 18.0 22.0
0 290.5 104.0 15.0 16.0
0 335.0 103.0 14.0 16.0
0 337.0 92.5 16.0 15.0
0 375.0 86.0 12.0 14.0
0 396.5 90.0 17.0 18.0
0 398.0 77.0 10.0 12.0
0 416.0 88.0 14.0 16.0
0 426.0 88.0 12.0 16.0
0 417.5 108.5 17.0 21.0
0 435.0 80.0 14.0 14.0
0 432.0 66.5 14.0 11.0
0 453.5 91.5 17.0 19.0
0 447.5 65.5 11.0 13.0
0 484.0 113.0 16.0 14.0
0 486.0 76.0 16.0 16.0
0 519.0 96.0 16.0 18.0
0 512.5 70.0 13.0 16.0
0 525.5 64.0 11.0 10.0
0 533.5 73.0 13.0 14.0
0 556.5 88.0 11.0 12.0
0 555.5 55.0 11.0 10.0
0 563.5 67.5 11.0 11.0
0 598.0 69.5 12.0 15.0
0 596.5 59.5 9.0 9.0
0 608.5 58.0 9.0 12.0
0 642.0 61.5 10.0 11.0
0 619.5 87.0 15.0 18.0
0 570.5 107.5 19.0 25.0
0 596.0 116.5 20.0 23.0
0 595.0 97.5 16.0 17.0
0 640.0 112.0 18.0 26.0
0 638.0 97.5 18.0 17.0
0 652.0 76.5 14.0 15.0
0 661.0 89.0 14.0 20.0
0 666.0 77.0 12.0 12.0
0 683.5 70.0 13.0 14.0
0 687.5 93.5 13.0 17.0
0 725.5 107.0 17.0 18.0
0 698.5 77.0 13.0 18.0
0 715.5 81.5 11.0 15.0
0 716.0 71.5 12.0 13.0
0 729.5 80.5 13.0 15.0
0 745.0 68.5 12.0 15.0
0 743.5 94.5 13.0 19.0
0 768.5 108.0 17.0 18.0
0 780.0 139.0 20.0 22.0
0 794.5 118.5 17.0 21.0
0 826.5 136.0 19.0 24.0
0 842.0 117.0 16.0 20.0
0 816.0 94.0 12.0 18.0
0 802.0 107.0 16.0 16.0
0 785.0 82.0 12.0 16.0
0 766.0 77.0 12.0 14.0
0 846.5 89.5 13.0 15.0
0 844.0 103.0 12.0 12.0
