0 205.0 286.5 48.0 49.0
0 186.5 173.0 27.0 28.0
0 296.5 167.0 23.0 26.0
0 341.5 139.5 17.0 19.0
0 360.0 145.5 18.0 21.0
0 381.5 140.0 17.0 22.0
0 397.5 121.0 25.0 24.0
0 432.0 121.5 16.0 17.0
0 422.5 131.0 17.0 22.0
0 463.0 136.0 22.0 22.0
0 521.0 128.5 16.0 25.0
0 512.5 116.0 13.0 20.0
0 529.5 115.5 21.0 23.0
0 650.0 64.5 20.0 25.0
0 672.5 35.5 15.0 19.0
0 709.0 88.0 14.0 16.0
0 726.0 89.5 14.0 13.0
0 728.0 75.0 12.0 16.0
0 733.0 48.0 10.0 12.0
0 806.0 51.5 12.0 15.0
0 813.0 51.0 14.0 16.0
0 829.5 48.5 11.0 17.0
0 842.5 44.5 11.0 11.0
0 845.5 56.5 15.0 13.0
0 829.5 89.0 15.0 18.0
0 912.5 158.5 23.0 27.0
0 987.5 164.0 21.0 20.0
0 1018.0 162.0 20.0 26.0
0 961.0 119.0 18.0 22.0
0 1039.5 118.5 17.0 21.0
