0 90.5 138.5 19.0 23.0
0 291.0 122.5 18.0 21.0
0 360.5 108.5 21.0 25.0
0 378.0 93.5 18.0 19.0
0 398.5 98.0 13.0 20.0
0 415.5 127.0 27.0 34.0
0 418.5 96.0 17.0 16.0
0 424.5 83.0 15.0 16.0
0 452.0 115.5 18.0 23.0
0 484.0 122.0 24.0 24.0
0 488.0 98.5 20.0 21.0
0 482.5 83.5 13.0 19.0
0 461.0 77.0 14.0 14.0
0 495.5 85.0 13.0 14.0
0 515.5 92.5 19.0 19.0
0 510.0 73.5 14.0 15.0
0 538.5 78.0 13.0 18.0
0 554.5 105.5 21.0 27.0
0 575.0 99.5 16.0 21.0
0 572.0 70.5 10.0 15.0
0 581.0 73.0 12.0 16.0
0 609.5 96.0 19.0 20.0
0 616.5 77.0 17.0 16.0
0 601.0 63.5 18.0 15.0
0 627.5 64.0 13.0 18.0
0 647.5 80.0 19.0 16.0
0 655.0 62.5 14.0 17.0
0 680.5 68.5 13.0 15.0
0 677.5 58.0 15.0 16.0
0 707.0 64.5 12.0 15.0
0 728.0 77.0 16.0 20.0
0 564.0 153.5 30.0 33.0
0 560.0 137.5 24.0 19.0
0 615.5 114.5 19.0 21.0
0 620.0 142.0 22.0 30.0
0 664.5 118.5 21.0 25.0
0 654.0 112.0 18.0 20.0
0 679.0 106.0 20.0 26.0
0 690.0 99.0 18.0 20.0
0 672.5 147.0 27.0 26.0
0 712.0 127.5 26.0 29.0
0 742.5 117.5 21.0 21.0
0 739.0 149.0 24.0 30.0
0 760.5 144.5 23.0 27.0
0 789.0 178.5 26.0 35.0
0 846.0 183.5 28.0 31.0
0 908.5 204.5 27.0 37.0
0 872.0 144.0 24.0 30.0
0 921.0 168.5 22.0 31.0
0 789.0 121.5 22.0 29.0
0 737.0 100.0 12.0 16.0
0 756.0 107.0 14.0 20.0
0 762.5 80.0 15.0 18.0
0 776.0 87.5 16.0 17.0
0 793.0 91.0 14.0 22.0
0 792.0 73.5 14.0 21.0
0 808.0 84.0 18.0 22.0
0 816.0 77.0 18.0 20.0
0 834.5 136.0 19.0 26.0
0 838.0 110.0 20.0 20.0
0 833.5 87.0 15.0 14.0
0 848.0 83.5 16.0 19.0
0 861.0 103.0 14.0 20.0
0 867.0 95.5 14.0 19.0
0 885.5 88.0 15.0 22.0
0 906.0 91.5 16.0 23.0
0 893.0 110.0 18.0 22.0
0 925.0 130.5 18.0 25.0
0 940.5 119.0 15.0 22.0
0 949.0 106.5 12.0 21.0
0 885.5 130.5 21.0 19.0
