0 168.5 235.0 53.0 62.0
0 270.5 105.0 15.0 18.0
0 291.0 110.0 14.0 20.0
0 305.5 109.0 13.0 18.0
0 322.5 109.0 15.0 18.0
0 331.5 123.0 17.0 20.0
0 349.5 103.5 13.0 17.0
0 377.0 122.5 14.0 19.0
0 392.0 126.0 18.0 28.0
0 393.0 78.0 10.0 14.0
0 409.0 78.0 10.0 18.0
0 435.5 64.5 11.0 15.0
0 430.0 90.5 12.0 17.0
0 439.0 101.5 16.0 23.0
0 467.0 90.5 12.0 15.0
0 488.0 87.0 12.0 16.0
0 518.0 89.5 16.0 19.0
0 524.5 79.0 11.0 18.0
0 533.0 118.5 18.0 27.0
0 611.5 52.5 11.0 11.0
0 599.5 77.0 15.0 18.0
0 663.0 52.0 10.0 16.0
0 584.0 104.0 18.0 20.0
0 595.0 122.5 18.0 25.0
0 621.0 88.0 12.0 16.0
0 623.5 108.0 13.0 22.0
0 642.5 127.0 19.0 26.0
0 627.0 171.0 28.0 36.0
0 702.0 195.0 30.0 34.0
0 657.0 82.0 14.0 20.0
0 670.0 90.5 16.0 17.0
0 687.0 72.0 14.0 20.0
0 696.5 86.0 13.0 18.0
0 709.5 63.5 11.0 17.0
0 730.5 65.0 7.0 18.0
0 706.5 95.5 13.0 21.0
0 689.5 117.0 17.0 22.0
0 713.5 124.5 19.0 27.0
0 739.0 69.0 10.0 14.0
0 752.5 64.5 13.0 15.0
0 773.0 62.0 12.0 14.0
0 746.5 102.5 13.0 21.0
0 746.5 82.0 15.0 14.0
0 743.5 145.5 21.0 29.0
0 767.5 130.5 21.0 29.0
0 778.5 87.0 13.0 14.0
0 784.0 73.5 12.0 17.0
0 787.5 112.0 15.0 24.0
0 810.5 83.0 15.0 18.0
0 821.5 84.0 11.0 18.0
0 852.0 79.0 14.0 14.0
0 849.5 94.5 11.0 17.0
0 837.0 117.0 16.0 22.0
0 869.0 130.5 18.0 25.0
0 864.5 111.0 15.0 20.0
0 877.5 101.0 11.0 18.0
0 887.5 94.5 9.0 13.0
0 861.5 177.0 21.0 30.0
0 763.5 102.0 13.0 20.0
0 800.5 110.0 17.0 20.0
0 554.5 76.0 11.0 16.0
0 563.5 75.5 13.0 19.0
0 564.5 51.0 9.0 12.0
0 572.0 53.0 8.0 12.0
0 579.5 63.5 11.0 15.0
0 584.0 54.0 12.0 14.0
0 613.0 65.5 10.0 15.0
0 632.5 62.5 13.0 17.0
0 503.0 69.5 12.0 15.0
0 472.0 70.0 12.0 16.0
0 451.0 72.5 12.0 17.0
0 457.5 76.0 11.0 16.0
0 389.5 92.0 13.0 16.0
0 387.5 107.0 17.0 20.0
0 366.0 79.5 14.0 13.0
0 371.5 88.0 15.0 16.0
0 320.5 87.0 11.0 18.0
0 319.5 95.0 13.0 18.0
