0 254.0 223.0 46.0 58.0
0 209.0 270.0 48.0 62.0
0 286.0 140.5 20.0 27.0
0 356.5 170.0 23.0 24.0
0 455.0 173.0 24.0 34.0
0 511.5 196.5 25.0 33.0
0 411.5 114.0 19.0 20.0
0 450.5 130.5 19.0 21.0
0 480.5 136.5 21.0 19.0
0 477.5 115.5 15.0 23.0
0 504.0 123.0 18.0 20.0
0 485.0 93.0 10.0 16.0
0 501.5 93.0 13.0 16.0
0 542.5 106.0 15.0 22.0
0 558.0 125.5 16.0 21.0
0 566.0 85.0 16.0 22.0
0 595.5 91.5 13.0 19.0
0 618.5 97.5 13.0 19.0
0 613.5 66.0 11.0 16.0
0 681.5 59.0 15.0 24.0
0 731.5 59.5 13.0 19.0
0 768.5 47.5 13.0 15.0
0 650.0 147.0 26.0 26.0
0 699.0 151.0 22.0 30.0
0 767.5 170.5 25.0 31.0
0 824.0 186.5 24.0 31.0
0 933.5 137.0 17.0 24.0
0 908.0 120.0 18.0 28.0
0 854.0 111.5 14.0 19.0
0 730.0 94.5 18.0 23.0
0 760.5 90.0 17.0 22.0
0 778.5 99.0 13.0 18.0
0 799.0 88.0 16.0 24.0
0 809.0 104.5 18.0 19.0
0 802.5 66.5 11.0 21.0
0 867.0 78.5 10.0 19.0
0 517.0 81.5 12.0 13.0
0 513.0 100.5 16.0 17.0
