0 163.0 164.5 26.0 29.0
0 217.0 232.0 50.0 56.0
0 226.5 162.5 31.0 33.0
0 305.0 152.5 22.0 25.0
0 348.5 169.5 25.0 25.0
0 362.0 157.0 24.0 30.0
0 405.5 121.0 19.0 20.0
0 434.0 142.0 20.0 20.0
0 457.5 141.0 25.0 26.0
0 448.5 169.0 31.0 32.0
0 450.5 104.5 21.0 21.0
0 466.5 117.5 21.0 19.0
0 499.5 123.0 19.0 26.0
0 496.0 95.5 16.0 19.0
0 475.5 93.0 13.0 14.0
0 528.0 102.5 18.0 19.0
0 510.0 82.5 16.0 13.0
0 549.0 90.5 20.0 19.0
0 564.5 79.5 17.0 19.0
0 587.0 91.0 18.0 20.0
0 589.0 70.5 16.0 15.0
0 611.5 98.5 15.0 19.0
0 615.0 79.0 16.0 20.0
0 625.0 65.5 12.0 17.0
0 646.5 74.0 13.0 14.0
0 649.0 91.0 14.0 16.0
0 731.5 65.0 13.0 20.0
0 508.0 197.5 28.0 33.0
0 582.0 185.5 34.0 39.0
0 602.0 147.5 28.0 33.0
0 642.0 151.5 26.0 29.0
0 647.0 192.5 42.0 39.0
0 656.5 122.0 29.0 30.0
0 697.0 158.0 28.0 28.0
0 718.5 124.0 23.0 34.0
0 726.5 99.5 23.0 23.0
0 745.5 108.0 19.0 22.0
0 756.0 130.0 24.0 26.0
0 758.5 173.0 27.0 38.0
0 821.5 193.5 31.0 35.0
0 801.5 113.0 21.0 24.0
0 798.0 90.5 22.0 23.0
0 752.0 83.5 22.0 21.0
0 784.0 73.5 20.0 19.0
0 792.0 70.5 14.0 17.0
0 809.5 75.0 17.0 22.0
0 845.5 80.0 17.0 22.0
0 861.0 80.0 16.0 18.0
0 846.0 113.0 20.0 26.0
0 870.5 96.5 17.0 21.0
0 896.5 114.5 19.0 23.0
0 924.0 138.5 24.0 27.0
0 955.5 115.5 21.0 25.0
0 987.0 115.0 20.0 28.0
