0 69.5 237.5 39.0 41.0
0 277.0 169.5 20.0 19.0
0 304.0 165.5 18.0 23.0
0 319.0 154.5 18.0 23.0
0 362.0 171.0 18.0 24.0
0 374.0 155.5 16.0 21.0
0 339.5 133.0 15.0 18.0
0 354.5 148.5 15.0 19.0
0 368.5 128.5 15.0 19.0
0 459.5 166.5 29.0 29.0
0 530.0 137.5 22.0 21.0
0 494.0 116.5 20.0 17.0
0 474.0 135.5 20.0 21.0
0 444.0 132.0 20.0 16.0
0 400.5 136.0 19.0 18.0
0 406.5 121.5 19.0 15.0
0 435.5 100.5 13.0 15.0
0 451.5 108.0 17.0 16.0
0 482.5 101.0 15.0 18.0
0 482.0 86.0 14.0 12.0
0 511.0 97.0 16.0 16.0
0 504.5 89.0 11.0 12.0
0 520.0 79.5 16.0 15.0
0 533.0 106.5 18.0 17.0
0 535.5 88.5 13.0 13.0
0 550.5 112.0 11.0 16.0
0 583.0 114.0 16.0 22.0
0 568.0 102.5 18.0 19.0
0 583.0 94.0 14.0 16.0
0 564.0 80.0 18.0 20.0
0 623.0 92.0 18.0 20.0
0 592.0 82.5 16.0 15.0
0 606.5 67.0 15.0 14.0
0 664.5 85.5 15.0 15.0
0 627.0 75.5 12.0 13.0
0 636.5 68.5 13.0 13.0
0 658.0 58.5 10.0 11.0
0 657.0 71.0 14.0 12.0
0 674.0 73.5 12.0 13.0
0 684.5 61.5 11.0 17.0
0 716.0 72.5 16.0 17.0
0 740.5 56.5 13.0 17.0
0 519.0 178.5 26.0 29.0
0 602.0 178.0 26.0 30.0
0 640.0 205.0 30.0 34.0
0 715.5 211.0 25.0 32.0
0 607.0 143.0 18.0 24.0
0 646.5 159.5 25.0 25.0
0 649.0 131.0 18.0 24.0
0 693.5 132.0 21.0 26.0
0 693.5 105.5 17.0 21.0
0 738.0 110.0 14.0 20.0
0 723.0 146.5 24.0 27.0
0 757.5 177.5 23.0 25.0
0 833.5 172.5 21.0 29.0
0 734.5 83.5 15.0 17.0
0 754.5 80.0 15.0 20.0
0 781.0 95.0 16.0 20.0
0 752.0 127.5 20.0 21.0
0 803.0 143.0 22.0 30.0
0 795.5 108.0 17.0 20.0
0 808.0 97.0 16.0 18.0
0 795.0 85.5 12.0 19.0
0 787.0 66.5 16.0 17.0
0 802.5 59.5 15.0 17.0
0 811.5 75.5 15.0 17.0
0 850.5 81.5 15.0 17.0
0 842.0 71.0 14.0 18.0
0 866.0 74.0 14.0 14.0
0 868.5 92.5 13.0 17.0
0 852.0 109.0 20.0 22.0
0 923.5 134.0 19.0 24.0
0 993.5 165.5 21.0 25.0
0 934.5 112.0 17.0 22.0
0 907.5 114.5 17.0 23.0
0 909.5 92.5 15.0 19.0
0 884.0 80.0 16.0 16.0
0 927.0 71.5 16.0 15.0
0 927.5 91.0 11.0 14.0
0 954.0 105.0 12.0 16.0
0 951.0 96.0 12.0 16.0
0 956.0 76.0 12.0 14.0
0 996.5 99.0 15.0 22.0
0 992.5 92.0 13.0 16.0
