0 18.5 304.5 33.0 37.0
0 285.5 242.5 21.0 25.0
0 315.5 264.5 25.0 31.0
0 354.5 266.5 27.0 29.0
0 355.0 217.5 24.0 27.0
0 408.5 256.5 27.0 29.0
0 440.5 238.5 23.0 27.0
0 435.0 214.0 16.0 24.0
0 473.5 233.5 23.0 23.0
0 499.0 240.0 28.0 28.0
0 504.0 214.5 24.0 21.0
0 501.5 194.0 19.0 22.0
0 485.0 190.5 18.0 21.0
0 528.0 179.5 20.0 23.0
0 551.0 189.0 20.0 24.0
0 535.0 259.5 28.0 33.0
0 579.5 215.0 27.0 26.0
0 583.0 190.0 18.0 20.0
0 577.5 168.5 19.0 25.0
0 622.5 191.0 19.0 20.0
0 638.5 198.5 25.0 25.0
0 637.5 179.5 17.0 21.0
0 654.5 178.5 19.0 25.0
0 615.0 230.0 24.0 28.0
0 683.5 199.5 21.0 23.0
0 712.5 192.0 19.0 22.0
0 703.5 175.0 19.0 20.0
0 704.5 161.0 21.0 20.0
0 685.0 164.0 18.0 20.0
0 735.0 178.0 20.0 20.0
0 735.5 160.0 17.0 18.0
0 749.0 148.5 20.0 21.0
0 654.5 253.0 31.0 38.0
0 571.0 292.5 36.0 43.0
0 649.5 305.5 43.0 39.0
0 727.0 320.5 46.0 47.0
0 782.0 318.0 42.0 48.0
0 751.5 260.0 27.0 36.0
0 735.0 239.5 26.0 25.0
0 778.5 214.0 25.0 32.0
0 778.5 178.5 19.0 23.0
0 767.5 156.0 15.0 22.0
0 786.0 162.5 20.0 23.0
0 806.5 150.5 15.0 19.0
0 826.0 160.5 16.0 19.0
0 855.5 161.5 17.0 21.0
0 862.5 178.0 19.0 22.0
0 828.0 193.5 20.0 29.0
0 802.0 263.5 30.0 41.0
0 794.5 242.5 23.0 25.0
0 843.5 253.5 29.0 31.0
0 898.5 288.0 35.0 38.0
0 874.0 343.5 50.0 51.0
0 960.5 305.0 33.0 40.0
0 994.5 259.5 27.0 39.0
0 889.5 206.0 21.0 26.0
0 897.5 186.0 19.0 24.0
0 913.5 169.0 19.0 16.0
0 915.5 177.5 15.0 17.0
0 930.5 188.0 17.0 20.0
0 948.0 203.0 18.0 24.0
0 952.0 177.5 16.0 17.0
0 965.0 177.0 16.0 20.0
0 997.0 191.0 20.0 22.0
0 1003.0 222.0 24.0 26.0
0 1030.0 244.0 24.0 32.0
0 1047.0 202.5 20.0 21.0
0 1030.5 184.5 21.0 25.0
0 1067.0 180.5 14.0 23.0
0 1098.5 204.5 19.0 25.0
0 1084.5 226.5 21.0 23.0
0 1054.0 264.0 30.0 38.0
0 1063.0 244.5 22.0 29.0
0 1034.5 334.5 37.0 45.0
0 1009.0 372.0 46.0 52.0
0 1117.5 333.0 39.0 40.0
0 1118.0 231.5 24.0 33.0
0 1141.0 249.0 28.0 28.0
0 1143.0 202.5 20.0 21.0
