0 344.0 105.5 12.0 21.0
0 376.5 132.5 17.0 19.0
0 389.0 93.0 14.0 18.0
0 387.5 120.5 15.0 17.0
0 414.5 100.0 13.0 18.0
0 420.0 118.5 16.0 23.0
0 406.5 146.5 19.0 25.0
0 433.5 85.0 11.0 16.0
0 443.0 100.0 14.0 18.0
0 463.5 74.5 11.0 15.0
0 457.5 108.5 15.0 17.0
0 472.0 81.5 10.0 13.0
0 486.0 70.5 12.0 13.0
0 468.0 132.0 16.0 24.0
0 490.0 111.5 16.0 19.0
0 506.0 90.5 14.0 19.0
0 517.5 81.5 11.0 19.0
0 529.5 78.5 11.0 13.0
0 520.0 111.5 16.0 23.0
0 535.0 95.0 18.0 16.0
0 562.0 67.0 12.0 16.0
0 561.5 82.5 13.0 19.0
0 573.0 93.5 14.0 21.0
0 589.0 57.5 10.0 13.0
0 583.5 73.5 11.0 15.0
0 634.0 64.5 12.0 17.0
0 665.5 74.5 13.0 13.0
0 680.5 72.0 13.0 20.0
0 575.5 132.5 19.0 23.0
0 599.5 136.0 23.0 30.0
0 623.5 121.0 19.0 22.0
0 617.5 167.5 25.0 35.0
0 683.0 180.5 24.0 33.0
0 687.5 106.0 15.0 24.0
0 693.5 92.0 15.0 22.0
0 705.0 84.5 14.0 17.0
0 738.5 78.0 17.0 10.0
0 760.5 74.5 13.0 19.0
0 740.0 91.5 16.0 21.0
0 757.0 97.5 12.0 17.0
0 768.5 93.0 11.0 20.0
0 735.5 112.0 19.0 26.0
0 769.5 118.5 13.0 21.0
0 754.0 132.5 16.0 25.0
0 721.0 147.0 24.0 34.0
0 805.0 208.0 38.0 62.0
0 801.0 151.5 20.0 29.0
0 813.0 124.5 14.0 19.0
0 805.5 104.5 13.0 19.0
0 810.0 90.5 14.0 21.0
0 839.0 107.0 14.0 20.0
0 846.0 102.5 12.0 21.0
0 873.0 110.0 12.0 24.0
0 865.0 116.0 16.0 18.0
0 913.0 92.5 14.0 17.0
0 915.5 107.0 13.0 16.0
0 908.0 113.0 14.0 18.0
0 908.5 136.5 15.0 21.0
0 862.5 134.5 19.0 27.0
0 833.5 144.5 19.0 27.0
0 828.5 177.0 23.0 32.0
0 898.0 166.0 20.0 30.0
0 712.5 105.0 15.0 18.0
0 644.0 76.0 12.0 18.0
0 615.5 80.0 13.0 16.0
0 459.0 95.0 12.0 14.0
0 452.5 122.5 15.0 23.0
