0 74.0 249.0 44.0 48.0
0 278.5 167.5 23.0 27.0
0 303.5 160.5 23.0 23.0
0 321.0 154.5 24.0 23.0
0 343.0 131.0 22.0 22.0
0 369.0 127.5 18.0 23.0
0 364.0 167.5 20.0 21.0
0 373.5 150.0 17.0 20.0
0 398.0 136.0 26.0 24.0
0 410.5 120.0 21.0 22.0
0 449.0 131.0 20.0 22.0
0 475.0 133.0 24.0 26.0
0 466.5 160.5 27.0 29.0
0 523.5 176.0 29.0 36.0
0 533.5 135.5 25.0 27.0
0 439.0 100.5 14.0 21.0
0 457.5 107.5 17.0 23.0
0 498.5 119.0 25.0 22.0
0 484.5 102.5 17.0 17.0
0 486.0 86.0 20.0 18.0
0 507.0 86.0 16.0 18.0
0 513.0 98.0 18.0 20.0
0 541.0 100.5 18.0 25.0
0 554.0 111.5 20.0 21.0
0 586.5 114.0 23.0 24.0
0 586.5 94.0 19.0 20.0
0 593.0 81.0 20.0 22.0
0 565.0 77.5 20.0 23.0
0 525.5 78.0 17.0 18.0
0 627.0 92.0 22.0 22.0
0 613.5 63.0 13.0 16.0
0 667.0 83.5 18.0 19.0
0 676.0 74.0 14.0 14.0
0 687.0 61.0 16.0 18.0
0 660.5 58.5 13.0 15.0
0 638.0 67.0 14.0 18.0
0 739.5 57.0 19.0 18.0
0 719.5 71.5 19.0 19.0
0 757.5 78.0 19.0 20.0
0 737.5 80.0 15.0 20.0
0 698.0 103.0 22.0 26.0
0 653.5 130.0 23.0 34.0
0 648.5 162.5 33.0 33.0
0 598.5 174.0 31.0 36.0
0 603.0 151.5 34.0 37.0
0 644.0 202.5 32.0 39.0
0 716.5 204.5 37.0 45.0
0 726.0 142.0 28.0 34.0
0 697.5 133.5 31.0 33.0
0 739.5 105.0 21.0 22.0
0 752.0 126.0 30.0 32.0
0 759.5 171.5 27.0 35.0
0 836.0 169.5 36.0 39.0
0 804.0 141.5 24.0 31.0
0 798.0 110.5 20.0 29.0
0 785.5 93.5 25.0 29.0
0 801.5 83.5 19.0 21.0
0 817.0 98.5 20.0 27.0
0 789.5 65.0 19.0 24.0
0 812.0 73.5 14.0 17.0
0 812.5 61.0 19.0 20.0
0 846.0 70.5 16.0 23.0
0 853.5 78.0 15.0 22.0
0 869.0 91.5 18.0 19.0
0 868.5 73.0 13.0 20.0
0 885.0 80.0 16.0 26.0
0 856.0 108.5 22.0 27.0
0 908.0 116.5 20.0 33.0
0 909.5 89.0 17.0 20.0
0 927.0 87.0 18.0 24.0
0 927.5 71.5 15.0 21.0
0 930.0 129.0 24.0 26.0
0 937.0 118.0 22.0 26.0
0 955.0 102.5 16.0 21.0
0 958.0 72.5 18.0 23.0
0 997.0 98.0 20.0 24.0
0 994.5 163.0 31.0 36.0
