0 67.5 117.5 17.0 21.0
0 56.0 136.0 18.0 20.0
0 72.0 146.0 20.0 24.0
0 112.5 243.5 29.0 31.0
0 95.0 279.5 30.0 31.0
0 132.5 317.0 33.0 42.0
0 248.5 250.0 27.0 34.0
0 301.0 211.5 28.0 31.0
0 320.5 168.5 25.0 25.0
0 221.0 157.5 22.0 25.0
0 219.5 137.0 19.0 18.0
0 171.5 143.0 23.0 22.0
0 152.5 129.5 21.0 21.0
0 200.0 92.0 18.0 22.0
0 214.5 105.0 17.0 18.0
0 247.0 108.0 22.0 24.0
0 263.0 75.5 14.0 17.0
0 278.0 77.0 14.0 18.0
0 318.0 71.5 16.0 17.0
0 380.5 83.5 19.0 19.0
0 376.0 95.5 20.0 21.0
0 368.5 117.0 23.0 22.0
0 406.0 133.5 18.0 23.0
0 436.0 120.0 22.0 20.0
0 474.5 104.0 19.0 24.0
0 455.0 49.0 16.0 18.0
0 513.5 52.5 17.0 17.0
0 541.5 49.0 17.0 18.0
0 605.0 52.5 16.0 19.0
0 589.0 78.5 18.0 17.0
0 594.5 95.5 19.0 19.0
0 625.5 100.5 21.0 21.0
0 615.5 128.5 23.0 25.0
0 581.5 162.0 25.0 26.0
0 708.5 100.5 17.0 19.0
0 720.0 117.5 18.0 21.0
0 726.0 84.0 18.0 18.0
0 749.0 80.0 20.0 16.0
0 738.0 60.0 14.0 18.0
0 779.5 68.0 21.0 16.0
0 655.0 45.5 16.0 13.0
0 648.0 62.5 18.0 13.0
0 710.5 180.0 31.0 30.0
0 716.5 266.5 29.0 41.0
0 792.5 142.5 21.0 19.0
0 807.0 89.0 16.0 18.0
0 881.0 126.5 16.0 19.0
0 896.5 124.5 19.0 17.0
0 914.5 116.5 19.0 21.0
0 892.0 157.0 24.0 20.0
0 858.0 190.5 30.0 27.0
0 979.0 213.5 28.0 27.0
0 974.0 121.0 22.0 20.0
0 1021.0 138.0 22.0 16.0
0 1072.0 159.0 18.0 22.0
0 1155.0 202.5 22.0 21.0
