0 187.0 196.0 24.0 30.0
0 260.0 343.5 52.0 55.0
0 426.5 164.0 23.0 24.0
0 472.5 170.5 29.0 29.0
0 506.5 167.0 25.0 30.0
0 514.5 143.5 27.0 27.0
0 557.5 160.0 25.0 30.0
0 621.5 138.0 31.0 32.0
0 714.0 181.5 34.0 39.0
0 828.0 162.0 24.0 32.0
0 894.0 167.0 32.0 36.0
0 885.0 84.5 22.0 31.0
0 749.0 77.0 14.0 18.0
0 957.5 83.0 23.0 26.0
0 985.0 209.5 32.0 37.0
0 1033.5 271.0 41.0 50.0
0 1131.0 281.5 38.0 55.0
0 1147.0 244.5 32.0 45.0
0 1113.0 223.0 32.0 46.0
0 1163.0 168.5 30.0 35.0
0 1145.0 213.0 32.0 44.0
0 1101.0 162.0 26.0 32.0
0 1046.5 141.0 23.0 32.0
0 1077.5 114.5 17.0 19.0
0 1127.0 131.0 20.0 24.0
