0 250.5 131.0 25.0 28.0
0 287.5 119.5 19.0 25.0
0 322.0 117.0 28.0 30.0
0 381.0 103.0 14.0 22.0
0 407.5 122.5 19.0 23.0
0 411.0 91.5 18.0 17.0
0 421.5 74.0 15.0 16.0
0 445.0 91.0 18.0 22.0
0 503.5 89.5 15.0 21.0
0 516.0 97.0 16.0 20.0
0 566.0 71.5 16.0 21.0
0 581.0 65.5 12.0 17.0
0 616.0 86.5 16.0 21.0
0 616.0 115.5 20.0 25.0
0 568.5 113.0 23.0 24.0
0 583.5 135.5 19.0 23.0
0 578.5 166.0 29.0 38.0
0 614.5 152.5 25.0 25.0
0 630.0 191.5 30.0 33.0
0 678.5 112.0 23.0 30.0
0 749.0 130.0 24.0 26.0
0 807.5 138.0 21.0 28.0
0 859.0 126.5 18.0 23.0
