0 57.5 242.0 41.0 44.0
0 277.0 169.5 24.0 23.0
0 311.0 158.0 22.0 20.0
0 325.0 155.0 22.0 28.0
0 336.5 168.0 17.0 18.0
0 345.0 133.5 20.0 23.0
0 375.0 131.0 18.0 24.0
0 392.5 135.0 17.0 18.0
0 395.5 125.5 17.0 17.0
0 403.5 155.0 21.0 24.0
0 410.5 120.0 19.0 22.0
0 443.5 134.5 19.0 23.0
0 465.5 158.5 23.0 27.0
0 475.5 132.5 21.0 25.0
0 473.5 115.0 19.0 22.0
0 451.0 111.5 18.0 17.0
0 446.0 101.5 18.0 17.0
0 480.5 90.0 15.0 16.0
0 487.5 100.0 13.0 16.0
0 501.5 116.0 15.0 18.0
0 511.5 97.0 15.0 18.0
0 506.0 86.0 12.0 12.0
0 521.5 81.0 13.0 18.0
0 542.5 97.0 17.0 22.0
0 534.0 114.0 20.0 22.0
0 542.0 133.0 30.0 26.0
0 573.5 122.0 23.0 22.0
0 554.5 79.0 15.0 20.0
0 572.0 82.5 18.0 19.0
0 598.5 66.0 17.0 18.0
0 593.5 92.0 19.0 22.0
0 611.0 99.0 18.0 24.0
0 624.5 89.0 17.0 20.0
0 630.5 72.5 13.0 17.0
0 641.0 59.0 14.0 16.0
0 662.0 61.5 12.0 19.0
0 667.0 83.5 16.0 21.0
0 686.5 70.5 15.0 17.0
0 698.0 57.0 16.0 20.0
0 726.5 66.5 15.0 17.0
0 750.0 59.0 14.0 22.0
0 528.5 170.0 27.0 32.0
0 571.5 186.0 33.0 36.0
0 604.0 140.5 24.0 25.0
0 651.0 152.5 32.0 29.0
0 653.0 196.5 36.0 37.0
0 730.0 197.0 34.0 34.0
0 707.5 154.0 25.0 28.0
0 703.5 122.0 23.0 26.0
0 673.5 111.0 23.0 26.0
0 711.0 99.5 16.0 23.0
0 735.5 82.5 17.0 21.0
0 756.0 82.5 20.0 23.0
0 748.5 107.5 19.0 21.0
0 747.0 133.5 24.0 29.0
0 778.0 177.0 38.0 34.0
0 812.0 131.5 24.0 29.0
0 795.5 108.5 19.0 27.0
0 779.5 90.0 19.0 22.0
0 787.5 74.0 19.0 16.0
0 798.5 84.0 15.0 18.0
0 805.0 63.0 12.0 16.0
0 826.0 78.0 18.0 22.0
0 837.5 66.5 15.0 19.0
0 855.5 75.0 13.0 18.0
0 853.5 106.0 19.0 24.0
0 872.5 97.5 17.0 19.0
0 875.5 74.5 15.0 17.0
0 888.5 83.5 17.0 19.0
0 906.5 113.0 21.0 26.0
0 921.5 94.0 23.0 26.0
0 930.0 72.5 18.0 19.0
0 957.0 74.5 16.0 21.0
0 954.0 96.0 14.0 20.0
0 952.5 115.5 19.0 27.0
0 929.5 126.5 19.0 23.0
0 868.5 149.0 23.0 32.0
0 840.5 176.5 27.0 35.0
0 984.0 166.0 24.0 30.0
0 989.5 118.5 19.0 23.0
0 995.0 102.0 14.0 16.0
0 996.5 91.5 11.0 17.0
0 810.0 99.5 18.0 23.0
