0 159.0 340.0 38.0 48.0
0 93.0 276.0 30.0 40.0
0 75.0 227.5 28.0 33.0
0 54.0 138.5 20.0 23.0
0 57.5 121.0 19.0 20.0
0 160.5 114.5 19.0 21.0
0 197.0 86.5 18.0 19.0
0 211.5 99.5 19.0 23.0
0 233.5 113.5 17.0 21.0
0 220.0 152.5 20.0 27.0
0 272.0 249.5 38.0 41.0
0 284.5 190.5 27.0 31.0
0 301.5 167.0 21.0 32.0
0 264.5 70.5 15.0 17.0
0 272.5 80.5 15.0 19.0
0 313.0 73.5 14.0 19.0
0 362.0 92.5 20.0 21.0
0 361.0 117.0 22.0 26.0
0 376.5 125.0 19.0 24.0
0 427.0 121.5 22.0 23.0
0 475.0 96.5 20.0 23.0
0 450.5 49.5 17.0 19.0
0 499.0 55.0 16.0 22.0
0 515.0 95.0 18.0 20.0
0 577.0 154.0 22.0 30.0
0 590.0 121.0 24.0 28.0
0 669.0 265.0 34.0 38.0
0 693.5 172.5 29.0 33.0
0 758.5 132.5 21.0 21.0
0 843.5 185.5 29.0 31.0
0 975.5 211.5 31.0 33.0
0 1060.5 156.0 19.0 26.0
0 1083.0 164.0 20.0 26.0
0 1151.5 208.0 23.0 24.0
0 1010.5 133.0 19.0 22.0
0 962.0 115.5 18.0 21.0
0 872.0 121.5 22.0 23.0
0 883.0 156.0 24.0 26.0
0 812.5 85.5 17.0 19.0
0 766.5 60.0 15.0 18.0
0 736.5 74.5 19.0 21.0
0 712.0 114.0 24.0 24.0
0 685.5 90.5 17.0 17.0
0 617.5 96.5 19.0 21.0
0 582.0 94.5 16.0 17.0
0 572.5 72.0 19.0 20.0
0 598.0 66.5 16.0 19.0
0 596.0 42.5 16.0 15.0
0 632.5 59.5 15.0 15.0
0 671.5 43.0 15.0 16.0
0 720.0 55.0 16.0 20.0
0 536.5 50.0 15.0 20.0
