0 311.5 120.0 19.0 16.0
0 365.0 113.0 16.0 18.0
0 370.0 100.0 16.0 18.0
0 412.0 98.5 14.0 17.0
0 427.5 99.0 15.0 20.0
0 448.0 128.0 22.0 22.0
0 470.5 104.0 15.0 16.0
0 437.0 91.0 14.0 16.0
0 436.0 81.5 12.0 15.0
0 457.5 83.0 15.0 16.0
0 458.5 101.0 15.0 18.0
0 490.5 81.0 15.0 14.0
0 492.0 74.5 12.0 13.0
0 521.5 71.5 13.0 13.0
0 513.5 74.0 13.0 16.0
0 530.5 84.0 13.0 14.0
0 537.5 78.5 11.0 13.0
0 515.0 93.0 18.0 18.0
0 516.5 106.5 17.0 19.0
0 550.5 107.0 17.0 22.0
0 568.5 79.5 11.0 13.0
0 586.5 79.0 15.0 14.0
0 604.0 60.5 12.0 13.0
0 587.5 97.0 15.0 20.0
0 564.0 132.0 22.0 28.0
0 619.5 76.5 13.0 15.0
0 624.5 90.5 15.0 19.0
0 611.0 123.0 20.0 28.0
0 645.5 112.5 17.0 23.0
0 655.0 121.0 18.0 26.0
0 642.5 71.0 11.0 14.0
0 651.5 62.0 11.0 14.0
0 666.0 64.0 12.0 14.0
0 659.0 80.5 10.0 15.0
0 675.5 85.0 11.0 14.0
0 697.5 69.5 11.0 15.0
0 688.0 101.5 14.0 21.0
0 703.5 102.0 15.0 24.0
0 707.0 126.5 22.0 25.0
0 715.5 82.0 13.0 18.0
0 725.0 101.0 14.0 22.0
0 748.5 174.5 35.0 45.0
0 732.0 85.0 12.0 16.0
0 751.0 79.5 12.0 17.0
0 766.5 87.5 13.0 19.0
0 760.0 104.0 16.0 22.0
0 781.5 94.5 15.0 19.0
0 789.5 74.5 11.0 15.0
0 800.0 90.5 14.0 19.0
0 819.0 75.0 12.0 18.0
0 817.5 99.0 13.0 20.0
0 792.5 117.5 15.0 25.0
0 804.0 115.0 14.0 20.0
0 843.5 80.0 11.0 18.0
0 850.0 111.0 14.0 20.0
0 871.5 128.5 15.0 23.0
0 866.5 153.0 17.0 28.0
0 876.5 90.5 11.0 17.0
0 888.0 119.0 14.0 18.0
0 901.0 102.5 14.0 17.0
0 929.0 94.0 12.0 16.0
0 925.5 109.5 11.0 17.0
0 925.0 127.5 16.0 23.0
