0 101.0 297.5 54.0 59.0
0 369.5 132.0 17.0 24.0
0 377.0 119.5 16.0 21.0
0 377.5 109.0 19.0 18.0
0 446.5 120.5 19.0 21.0
0 462.5 103.0 19.0 18.0
0 459.5 90.5 11.0 15.0
0 502.0 84.5 14.0 17.0
0 526.5 88.5 15.0 17.0
0 534.0 80.5 14.0 15.0
0 544.0 74.5 14.0 17.0
0 570.0 75.5 14.0 15.0
0 593.5 72.5 17.0 15.0
0 585.0 87.5 14.0 21.0
0 612.0 91.0 20.0 20.0
0 589.5 110.0 15.0 24.0
0 510.0 108.0 20.0 20.0
0 489.0 108.5 20.0 19.0
0 489.5 129.0 21.0 22.0
0 522.0 137.5 22.0 27.0
0 640.5 62.5 13.0 17.0
0 668.5 58.0 13.0 16.0
0 694.5 61.5 13.0 15.0
0 717.5 60.5 13.0 15.0
0 738.5 65.5 13.0 15.0
0 748.0 73.0 16.0 16.0
0 761.5 65.5 13.0 15.0
0 785.5 83.5 19.0 23.0
0 775.5 98.5 17.0 17.0
0 715.0 82.5 14.0 19.0
0 681.5 92.0 15.0 16.0
0 649.0 84.0 16.0 18.0
0 641.0 112.0 20.0 20.0
0 678.5 124.0 21.0 30.0
0 627.5 151.5 21.0 27.0
0 569.5 164.0 23.0 30.0
0 600.0 175.0 28.0 30.0
0 661.5 185.0 29.0 36.0
0 693.5 155.5 23.0 33.0
0 724.5 128.0 21.0 24.0
0 730.5 105.5 17.0 21.0
0 764.5 124.0 19.0 22.0
0 733.5 153.5 23.0 25.0
0 781.0 136.0 20.0 26.0
0 826.0 73.5 18.0 15.0
0 822.5 86.5 17.0 21.0
0 849.5 83.5 17.0 19.0
0 841.0 109.5 16.0 23.0
0 862.0 125.0 18.0 26.0
0 875.5 101.0 13.0 16.0
0 877.5 114.0 19.0 22.0
0 905.0 103.0 16.0 20.0
0 914.0 91.0 16.0 20.0
0 912.0 127.0 18.0 22.0
0 927.0 112.0 14.0 20.0
0 945.5 106.0 13.0 20.0
0 959.5 91.0 13.0 20.0
0 1001.5 98.5 13.0 21.0
0 992.0 103.0 14.0 18.0
0 982.5 108.5 17.0 19.0
0 973.0 120.5 16.0 25.0
0 964.0 134.5 22.0 27.0
0 950.5 163.5 23.0 35.0
0 928.5 184.0 21.0 34.0
0 882.0 163.0 18.0 26.0
0 853.5 161.0 23.0 34.0
0 827.5 208.0 29.0 42.0
0 737.0 200.0 36.0 40.0
0 910.5 216.5 29.0 37.0
0 1027.0 109.5 14.0 23.0
0 1033.0 123.0 16.0 20.0
0 1015.5 148.5 19.0 25.0
0 1010.0 173.0 26.0 28.0
0 999.0 206.5 20.0 37.0
