0 159.0 290.5 40.0 57.0
0 301.0 129.5 24.0 23.0
0 327.0 131.0 20.0 26.0
0 372.0 101.5 16.0 21.0
0 393.5 92.5 17.0 23.0
0 436.5 95.5 15.0 21.0
0 446.5 87.0 13.0 14.0
0 505.0 77.0 14.0 18.0
0 363.0 130.0 20.0 18.0
0 412.0 117.5 14.0 21.0
0 429.5 118.5 23.0 29.0
0 416.0 138.0 18.0 24.0
0 444.5 146.5 21.0 21.0
0 488.0 123.5 18.0 21.0
0 477.5 102.0 17.0 18.0
0 506.5 104.5 15.0 17.0
0 534.5 89.0 17.0 12.0
0 531.5 77.5 17.0 21.0
0 539.5 68.5 11.0 15.0
0 560.0 67.0 14.0 8.0
0 552.5 97.0 19.0 22.0
0 569.0 113.5 18.0 23.0
0 592.5 96.0 13.0 20.0
0 601.0 79.5 12.0 17.0
0 637.0 39.0 10.0 16.0
0 627.0 72.0 16.0 18.0
0 625.5 90.5 17.0 21.0
0 604.0 136.5 18.0 25.0
0 650.5 139.0 19.0 22.0
0 707.0 63.5 18.0 19.0
0 675.0 71.0 12.0 20.0
0 658.0 73.5 18.0 21.0
0 697.0 78.0 12.0 20.0
0 735.5 73.0 13.0 26.0
0 775.5 41.5 13.0 17.0
0 785.0 44.0 14.0 16.0
0 773.5 80.5 19.0 21.0
0 759.5 100.5 21.0 23.0
0 714.0 126.0 20.0 20.0
0 716.0 158.5 22.0 29.0
0 770.5 140.0 21.0 28.0
0 785.5 108.0 19.0 20.0
0 738.5 196.0 35.0 46.0
0 785.0 215.5 28.0 39.0
0 796.5 136.0 25.0 36.0
0 805.0 88.5 12.0 19.0
0 831.0 101.0 14.0 20.0
0 840.5 125.0 17.0 24.0
0 836.5 169.0 29.0 32.0
0 861.0 144.5 22.0 27.0
0 874.0 121.5 18.0 23.0
0 848.5 84.0 15.0 16.0
0 899.0 55.0 12.0 20.0
0 881.0 94.5 12.0 19.0
0 909.5 104.0 13.0 22.0
0 945.5 83.0 15.0 24.0
0 988.0 92.5 16.0 19.0
0 949.5 112.0 15.0 22.0
0 943.0 136.0 22.0 22.0
0 977.5 134.0 19.0 22.0
0 982.5 117.5 15.0 21.0
0 954.0 199.0 28.0 38.0
0 669.0 89.5 18.0 21.0
0 463.5 100.5 15.0 19.0
0 384.0 111.0 16.0 18.0
0 703.5 99.0 19.0 20.0
0 719.0 68.5 14.0 23.0
0 446.0 114.0 20.0 24.0
