0 932.0 73.0 12.0 16.0
0 964.0 76.5 10.0 15.0
0 995.0 84.5 8.0 13.0
0 993.0 93.0 12.0 16.0
0 983.0 122.0 16.0 22.0
0 986.5 159.0 19.0 30.0
0 924.5 89.5 15.0 19.0
0 953.0 107.0 14.0 18.0
0 942.0 117.5 16.0 21.0
0 929.0 130.0 16.0 26.0
0 911.0 112.0 14.0 22.0
0 906.0 90.0 16.0 22.0
0 889.5 82.0 15.0 20.0
0 802.5 66.0 11.0 16.0
0 783.5 70.0 13.0 16.0
0 790.5 79.5 15.0 21.0
0 809.0 82.0 12.0 18.0
0 848.5 70.5 11.0 17.0
0 840.5 78.5 13.0 19.0
0 854.5 105.0 17.0 22.0
0 871.0 102.0 14.0 22.0
0 823.5 131.5 19.0 33.0
0 832.5 173.5 23.0 35.0
0 785.5 108.5 17.0 25.0
0 752.5 77.5 15.0 23.0
0 736.5 59.0 13.0 18.0
0 710.0 76.0 14.0 18.0
0 730.5 87.0 15.0 22.0
0 730.0 109.0 20.0 28.0
0 746.5 132.5 23.0 29.0
0 756.0 171.5 26.0 31.0
0 704.0 149.5 22.0 27.0
0 706.5 123.0 21.0 26.0
0 688.5 105.0 17.0 24.0
0 716.5 198.5 31.0 37.0
0 651.0 118.5 20.0 25.0
0 634.0 151.0 22.0 28.0
0 608.0 144.0 18.0 26.0
0 599.0 175.5 22.0 33.0
0 650.0 195.0 30.0 34.0
0 666.5 57.5 13.0 17.0
0 682.5 59.5 11.0 13.0
0 684.0 73.5 10.0 17.0
0 653.0 69.5 12.0 15.0
0 663.5 82.5 15.0 21.0
0 633.0 58.5 12.0 17.0
0 599.5 63.0 11.0 14.0
0 625.0 92.5 16.0 19.0
0 586.0 90.5 14.0 21.0
0 561.5 82.0 15.0 18.0
0 482.0 84.5 10.0 13.0
0 485.5 98.5 11.0 15.0
0 512.0 96.0 12.0 18.0
0 508.0 86.0 10.0 12.0
0 548.0 101.0 16.0 16.0
0 576.0 115.0 16.0 22.0
0 519.5 117.5 15.0 19.0
0 497.0 113.5 14.0 19.0
0 437.5 96.0 9.0 12.0
0 460.0 100.0 12.0 18.0
0 415.5 117.0 13.0 16.0
0 447.5 129.0 17.0 20.0
0 479.5 129.5 17.0 25.0
0 465.5 163.5 23.0 31.0
0 502.0 146.5 20.0 27.0
0 517.5 174.5 21.0 31.0
0 365.5 130.0 17.0 20.0
0 379.0 137.5 18.0 15.0
0 394.0 147.5 20.0 19.0
0 366.0 167.5 16.0 23.0
0 351.0 158.5 18.0 25.0
0 332.0 143.5 14.0 15.0
0 324.0 152.5 18.0 19.0
0 275.0 169.0 14.0 14.0
0 298.5 163.5 15.0 15.0
0 63.5 307.0 49.0 64.0
0 869.0 80.0 10.0 12.0
