0 143.0 359.0 48.0 52.0
0 251.5 228.0 21.0 22.0
0 284.0 244.0 22.0 28.0
0 316.0 260.0 24.0 26.0
0 320.5 208.5 19.0 21.0
0 361.5 221.5 21.0 19.0
0 379.0 244.5 22.0 23.0
0 401.5 224.0 21.0 22.0
0 403.5 198.5 21.0 21.0
0 434.5 234.0 23.0 24.0
0 470.0 223.0 24.0 24.0
0 466.5 200.5 21.0 23.0
0 448.5 175.0 17.0 18.0
0 491.5 173.5 15.0 17.0
0 513.5 174.5 17.0 17.0
0 522.0 230.5 26.0 25.0
0 498.0 212.5 20.0 21.0
0 547.0 206.0 18.0 16.0
0 556.0 175.0 18.0 16.0
0 542.0 161.5 14.0 15.0
0 545.5 155.5 15.0 13.0
0 592.0 176.0 18.0 18.0
0 598.0 166.0 16.0 14.0
0 651.5 149.0 15.0 16.0
0 669.0 144.5 18.0 15.0
0 634.5 180.5 19.0 21.0
0 652.0 189.5 20.0 21.0
0 676.0 178.0 18.0 20.0
0 705.0 166.0 16.0 18.0
0 707.0 145.5 16.0 17.0
0 713.5 137.0 15.0 16.0
0 737.5 140.5 15.0 17.0
0 751.0 148.5 14.0 17.0
0 749.0 160.5 14.0 17.0
0 791.5 138.0 15.0 16.0
0 794.0 152.0 14.0 16.0
0 806.0 148.0 14.0 16.0
0 584.0 221.0 20.0 22.0
0 557.0 272.0 30.0 34.0
0 638.5 280.0 31.0 32.0
0 629.5 240.5 27.0 27.0
0 685.0 311.0 38.0 46.0
0 747.5 318.0 39.0 46.0
0 725.0 243.5 24.0 27.0
0 705.0 220.0 22.0 24.0
0 745.0 203.0 20.0 20.0
0 771.5 243.5 27.0 29.0
0 792.0 183.0 18.0 20.0
0 797.0 209.0 26.0 28.0
0 832.5 164.5 17.0 23.0
0 831.0 198.5 22.0 23.0
0 817.5 240.5 27.0 35.0
0 854.5 269.5 33.0 33.0
0 827.0 368.5 40.0 45.0
0 951.0 386.0 38.0 50.0
0 997.0 319.5 34.0 39.0
0 931.0 284.5 32.0 31.0
0 1100.5 319.0 33.0 38.0
0 1010.5 279.5 27.0 31.0
0 1108.0 272.5 24.0 27.0
0 1091.5 216.5 19.0 21.0
0 1112.0 207.5 20.0 21.0
0 1111.5 181.5 15.0 19.0
0 1065.0 186.0 18.0 22.0
0 1057.0 213.0 16.0 24.0
0 1036.0 226.5 20.0 25.0
0 1005.0 209.0 18.0 22.0
0 1014.5 181.5 21.0 23.0
0 1045.0 170.5 14.0 17.0
0 1002.5 171.0 17.0 16.0
0 968.0 181.5 16.0 17.0
0 959.5 159.5 15.0 19.0
0 941.5 198.5 25.0 25.0
0 920.0 193.0 22.0 26.0
0 930.0 176.0 16.0 20.0
0 925.0 158.0 18.0 20.0
0 872.0 170.5 16.0 23.0
0 871.0 159.0 16.0 16.0
0 882.5 157.5 13.0 17.0
0 960.5 243.5 23.0 25.0
0 961.5 227.5 21.0 19.0
