0 112.5 254.0 43.0 48.0
0 324.0 148.5 14.0 19.0
0 331.0 133.0 18.0 18.0
0 373.0 136.0 16.0 18.0
0 387.5 121.5 15.0 19.0
0 390.0 109.0 12.0 12.0
0 392.0 139.5 18.0 21.0
0 409.5 132.5 17.0 21.0
0 418.0 145.0 16.0 22.0
0 417.5 110.0 17.0 16.0
0 443.0 132.5 18.0 21.0
0 454.0 149.0 22.0 24.0
0 491.5 152.5 21.0 27.0
0 493.0 126.5 16.0 21.0
0 513.0 128.5 18.0 23.0
0 465.0 119.0 12.0 14.0
0 461.0 105.5 14.0 15.0
0 473.0 99.5 10.0 11.0
0 489.5 99.5 15.0 17.0
0 533.5 86.0 11.0 12.0
0 534.5 93.0 15.0 16.0
0 548.5 113.5 15.0 21.0
0 552.5 81.5 11.0 11.0
0 567.5 96.5 15.0 19.0
0 579.0 112.0 18.0 20.0
0 573.0 86.0 10.0 10.0
0 594.5 101.0 15.0 16.0
0 608.0 84.5 14.0 19.0
0 627.0 102.0 14.0 18.0
0 620.0 116.0 18.0 22.0
0 639.0 87.5 14.0 15.0
0 654.0 79.5 10.0 9.0
0 660.0 76.0 10.0 8.0
0 704.0 65.0 12.0 10.0
0 703.5 75.0 13.0 14.0
0 717.0 74.5 14.0 15.0
0 688.5 86.5 13.0 17.0
0 669.5 103.5 17.0 19.0
0 659.5 98.0 13.0 18.0
0 709.5 101.0 15.0 18.0
0 720.5 94.5 15.0 17.0
0 748.5 81.0 15.0 16.0
0 757.0 73.0 12.0 14.0
0 781.0 74.0 12.0 16.0
0 659.0 143.5 24.0 25.0
0 706.0 156.5 26.0 27.0
0 718.5 147.5 21.0 27.0
0 728.0 114.5 16.0 19.0
0 761.5 161.0 21.0 26.0
0 770.0 196.0 34.0 36.0
0 785.0 118.0 18.0 20.0
0 804.0 107.0 18.0 18.0
0 808.5 92.5 15.0 15.0
0 838.5 85.5 13.0 19.0
0 860.0 83.5 12.0 15.0
0 865.5 93.5 13.0 17.0
0 874.5 107.5 13.0 17.0
0 888.5 89.5 11.0 17.0
0 902.5 91.5 11.0 15.0
0 838.0 126.0 18.0 24.0
0 815.0 152.0 20.0 28.0
0 849.5 154.0 21.0 24.0
0 885.0 129.0 18.0 22.0
0 875.5 177.0 25.0 28.0
0 840.5 215.5 29.0 35.0
0 913.5 156.5 21.0 29.0
0 925.0 138.0 20.0 26.0
0 916.0 111.0 14.0 18.0
0 923.5 102.5 15.0 17.0
0 941.0 96.5 12.0 17.0
0 955.5 116.0 15.0 22.0
0 961.5 103.5 13.0 15.0
0 999.0 96.0 12.0 14.0
0 1000.0 106.0 10.0 14.0
0 995.0 118.0 12.0 20.0
0 982.0 133.5 12.0 13.0
0 985.5 145.5 17.0 23.0
0 1034.0 120.0 12.0 14.0
0 1032.5 127.0 15.0 12.0
0 1031.0 137.5 16.0 17.0
0 1033.0 159.5 18.0 25.0
0 1003.0 225.5 22.0 33.0
