0 145.5 213.5 23.0 25.0
0 219.0 177.5 22.0 23.0
0 252.5 177.5 25.0 25.0
0 296.5 160.5 21.0 21.0
0 383.0 196.5 24.0 31.0
0 425.5 159.5 19.0 21.0
0 446.5 154.5 15.0 21.0
0 453.0 192.0 24.0 26.0
0 517.5 204.5 29.0 33.0
0 531.5 163.0 21.0 24.0
0 483.5 146.5 19.0 21.0
0 508.0 141.5 22.0 21.0
0 591.5 117.5 21.0 25.0
0 623.0 153.0 24.0 30.0
0 628.0 207.5 26.0 33.0
0 663.5 144.0 21.0 26.0
0 681.0 126.0 16.0 24.0
0 657.0 108.0 22.0 20.0
0 720.5 124.0 25.0 22.0
0 711.0 105.0 16.0 20.0
0 734.5 114.0 21.0 24.0
0 765.0 79.5 14.0 17.0
0 714.0 219.0 34.0 32.0
0 834.0 252.0 38.0 46.0
0 718.5 174.5 23.0 27.0
0 753.5 183.5 25.0 33.0
0 758.5 161.5 25.0 25.0
0 814.5 134.5 17.0 31.0
0 831.0 154.0 28.0 34.0
0 849.5 117.0 23.0 20.0
0 957.0 262.0 36.0 40.0
0 910.0 182.5 36.0 39.0
0 888.5 164.0 25.0 26.0
0 819.5 195.0 29.0 32.0
0 883.5 135.5 21.0 23.0
0 918.5 141.0 23.0 28.0
0 955.0 165.0 22.0 24.0
0 976.0 150.5 22.0 25.0
0 961.5 130.0 19.0 22.0
0 979.0 94.5 20.0 23.0
0 1013.0 102.0 18.0 24.0
0 1017.5 170.5 23.0 37.0
0 984.5 214.0 29.0 36.0
0 1070.5 207.5 33.0 35.0
0 1094.5 186.0 23.0 34.0
0 1137.0 190.5 24.0 35.0
0 1122.0 142.0 20.0 24.0
0 1039.5 161.5 19.0 31.0
0 1066.5 139.0 15.0 24.0
0 1082.0 108.5 18.0 25.0
0 1035.5 123.0 19.0 24.0
