0 100.5 243.5 39.0 47.0
0 272.0 170.5 14.0 13.0
0 299.0 161.5 16.0 17.0
0 315.0 156.5 18.0 19.0
0 338.0 132.5 14.0 17.0
0 365.5 129.0 17.0 20.0
0 366.0 161.0 20.0 20.0
0 394.5 133.5 15.0 19.0
0 401.0 125.0 12.0 14.0
0 404.5 120.0 15.0 14.0
0 434.5 101.5 15.0 15.0
0 450.0 108.5 18.0 17.0
0 441.5 133.5 19.0 21.0
0 472.5 137.0 19.0 24.0
0 459.5 161.5 23.0 25.0
0 477.5 90.0 13.0 14.0
0 478.0 104.0 20.0 18.0
0 487.0 117.5 24.0 21.0
0 507.5 99.0 15.0 18.0
0 500.0 92.0 14.0 14.0
0 518.0 83.0 12.0 14.0
0 531.5 89.0 13.0 10.0
0 559.5 83.5 17.0 19.0
0 542.5 114.5 15.0 15.0
0 527.5 138.5 21.0 21.0
0 585.0 97.5 20.0 19.0
0 580.5 115.5 19.0 23.0
0 589.0 85.5 16.0 17.0
0 613.5 67.0 11.0 14.0
0 619.5 90.0 17.0 24.0
0 635.0 72.5 14.0 13.0
0 655.0 63.0 12.0 12.0
0 653.5 76.0 11.0 12.0
0 661.0 82.5 16.0 19.0
0 682.0 64.0 14.0 16.0
0 670.0 76.0 16.0 16.0
0 713.0 73.0 16.0 14.0
0 735.5 59.5 15.0 17.0
0 734.0 84.5 14.0 17.0
0 752.0 80.5 16.0 19.0
0 519.5 177.0 25.0 26.0
0 595.5 176.0 25.0 30.0
0 585.0 147.5 20.0 17.0
0 648.0 130.0 20.0 22.0
0 647.5 152.0 23.0 26.0
0 691.5 107.0 21.0 18.0
0 690.5 129.5 23.0 29.0
0 733.5 108.0 17.0 22.0
0 746.0 124.5 22.0 29.0
0 720.5 145.5 23.0 25.0
0 636.5 204.0 29.0 32.0
0 712.0 208.0 28.0 32.0
0 755.0 174.0 26.0 30.0
0 833.5 170.5 27.0 29.0
0 799.0 141.5 22.0 29.0
0 793.5 111.0 17.0 20.0
0 776.5 94.0 15.0 20.0
0 792.0 88.5 16.0 19.0
0 809.0 96.0 16.0 20.0
0 806.5 77.5 15.0 17.0
0 798.5 63.0 13.0 16.0
0 782.0 69.0 16.0 18.0
0 830.5 73.0 13.0 16.0
0 846.0 82.0 12.0 20.0
0 850.0 105.5 14.0 19.0
0 862.5 94.5 15.0 17.0
0 863.0 78.0 12.0 16.0
0 882.5 83.5 15.0 21.0
0 905.0 114.5 16.0 21.0
0 906.5 92.5 15.0 19.0
0 921.0 89.5 16.0 19.0
0 923.0 74.0 12.0 14.0
0 953.0 78.0 10.0 18.0
0 947.0 104.0 16.0 18.0
0 933.5 119.0 17.0 18.0
0 923.5 131.0 19.0 22.0
0 990.0 98.5 14.0 21.0
0 990.0 163.5 20.0 23.0
