0 917.5 87.0 11.0 16.0
0 917.5 101.5 11.0 19.0
0 927.5 115.0 15.0 22.0
0 913.5 131.5 15.0 19.0
0 899.5 166.0 21.0 32.0
0 825.5 82.5 13.0 17.0
0 809.0 98.0 12.0 16.0
0 817.5 118.0 15.0 22.0
0 841.5 99.5 13.0 19.0
0 855.5 94.5 11.0 17.0
0 877.0 102.0 14.0 20.0
0 877.0 118.0 14.0 22.0
0 864.0 132.0 18.0 26.0
0 851.5 152.0 19.0 30.0
0 822.0 169.0 20.0 32.0
0 787.5 138.5 21.0 27.0
0 772.0 71.0 12.0 18.0
0 779.0 84.0 12.0 18.0
0 774.0 96.5 12.0 19.0
0 772.5 112.5 15.0 23.0
0 736.5 134.5 19.0 27.0
0 740.5 102.0 15.0 20.0
0 740.5 75.0 11.0 14.0
0 740.0 87.5 14.0 15.0
0 643.0 54.5 12.0 15.0
0 649.5 68.5 9.0 19.0
0 665.0 64.5 10.0 15.0
0 684.5 63.5 11.0 15.0
0 705.5 83.0 15.0 22.0
0 718.0 91.0 14.0 22.0
0 700.5 98.5 17.0 21.0
0 704.5 154.5 27.0 31.0
0 664.5 99.0 17.0 22.0
0 674.0 178.5 26.0 37.0
0 634.5 164.0 27.0 32.0
0 622.5 126.5 23.0 27.0
0 614.5 115.0 17.0 22.0
0 551.5 142.5 19.0 27.0
0 560.0 63.0 12.0 14.0
0 602.5 55.5 9.0 11.0
0 596.0 67.0 12.0 14.0
0 574.5 82.0 13.0 16.0
0 570.0 99.0 12.0 18.0
0 548.5 76.5 13.0 15.0
0 529.5 102.5 15.0 19.0
0 520.5 85.0 13.0 16.0
0 534.5 91.5 15.0 19.0
0 500.5 101.5 15.0 21.0
0 528.5 74.0 13.0 14.0
0 464.5 70.0 9.0 12.0
0 480.5 73.5 9.0 15.0
0 484.0 66.5 10.0 11.0
0 467.5 84.0 11.0 16.0
0 460.0 94.5 14.0 19.0
0 443.5 90.0 13.0 18.0
0 442.0 108.5 16.0 21.0
0 464.5 128.0 19.0 26.0
0 435.0 132.5 20.0 27.0
0 415.5 82.0 9.0 14.0
0 412.5 99.0 15.0 20.0
0 417.0 111.5 14.0 21.0
0 395.0 111.0 16.0 22.0
0 399.0 132.0 22.0 28.0
0 363.0 109.0 14.0 24.0
0 356.0 130.5 20.0 21.0
0 499.0 218.0 50.0 62.0
0 615.0 75.0 12.0 14.0
