0 218.0 290.0 46.0 54.0
0 211.0 148.5 22.0 27.0
0 298.5 136.5 27.0 31.0
0 316.0 138.0 30.0 36.0
0 387.0 120.0 32.0 34.0
0 360.5 148.5 21.0 25.0
0 406.5 121.5 17.0 21.0
0 470.0 116.5 32.0 37.0
0 490.5 110.5 13.0 17.0
0 481.5 125.5 15.0 21.0
0 519.0 91.0 16.0 18.0
0 543.0 110.0 30.0 32.0
0 543.0 93.0 16.0 18.0
0 564.0 92.5 14.0 15.0
0 577.0 89.5 16.0 21.0
0 596.5 82.5 15.0 19.0
0 562.5 145.5 19.0 19.0
0 556.5 110.5 17.0 23.0
0 629.0 86.5 18.0 19.0
0 667.5 83.5 19.0 19.0
0 694.5 90.5 19.0 21.0
0 727.0 84.5 16.0 19.0
0 648.0 119.5 20.0 23.0
0 601.5 107.5 21.0 17.0
0 594.5 177.0 25.0 36.0
0 651.0 165.0 22.0 24.0
0 674.0 183.0 32.0 34.0
0 726.5 194.5 29.0 31.0
0 733.5 129.0 25.0 30.0
0 768.5 119.0 21.0 22.0
0 769.0 140.0 24.0 26.0
0 820.5 129.5 21.0 25.0
0 834.5 154.5 23.0 29.0
0 860.5 108.5 19.0 25.0
0 913.5 130.5 21.0 31.0
0 930.0 95.0 18.0 26.0
0 962.5 108.5 17.0 21.0
0 1010.0 112.0 18.0 24.0
0 988.0 141.0 18.0 28.0
0 1032.5 147.0 19.0 32.0
0 1083.5 156.0 21.0 30.0
0 1087.0 189.5 22.0 31.0
0 1067.0 227.5 30.0 35.0
0 1013.5 190.0 23.0 24.0
0 991.5 206.0 25.0 36.0
0 931.0 189.5 28.0 39.0
0 945.0 167.0 24.0 28.0
0 1045.0 315.5 34.0 49.0
0 788.0 212.5 34.0 47.0
0 781.0 178.5 22.0 25.0
0 743.0 181.0 28.0 28.0
