0 109.0 243.0 38.0 46.0
0 281.0 171.0 20.0 20.0
0 311.5 158.0 15.0 20.0
0 325.0 160.0 22.0 22.0
0 371.0 163.0 20.0 20.0
0 346.0 135.5 14.0 19.0
0 372.5 128.5 17.0 19.0
0 404.5 135.5 19.0 17.0
0 464.5 163.5 21.0 25.0
0 450.5 134.5 21.0 21.0
0 409.0 124.0 12.0 14.0
0 413.0 117.5 12.0 13.0
0 443.0 102.0 12.0 16.0
0 457.5 110.5 17.0 15.0
0 502.5 120.5 17.0 17.0
0 489.5 118.5 15.0 19.0
0 489.0 101.5 14.0 17.0
0 488.0 86.5 14.0 15.0
0 517.5 99.0 15.0 16.0
0 509.0 88.0 12.0 16.0
0 526.0 80.5 12.0 15.0
0 549.5 118.0 15.0 14.0
0 536.0 139.0 22.0 22.0
0 523.0 179.0 30.0 28.0
0 567.5 82.5 17.0 19.0
0 591.0 94.5 18.0 19.0
0 628.0 93.5 16.0 21.0
0 589.0 116.5 18.0 19.0
0 612.5 67.5 13.0 13.0
0 665.0 85.0 14.0 16.0
0 679.0 75.5 12.0 15.0
0 662.0 73.5 12.0 13.0
0 661.5 59.5 13.0 13.0
0 690.0 63.5 14.0 17.0
0 642.0 70.5 16.0 13.0
0 722.0 73.5 14.0 17.0
0 740.0 83.0 14.0 14.0
0 760.0 82.0 14.0 18.0
0 746.0 61.0 12.0 16.0
0 698.0 103.5 18.0 17.0
0 699.5 126.5 17.0 23.0
0 655.0 129.0 24.0 20.0
0 656.5 154.0 25.0 26.0
0 604.5 177.0 27.0 30.0
0 607.5 148.5 23.0 25.0
0 645.5 204.0 31.0 34.0
0 721.5 209.0 27.0 36.0
0 763.0 175.5 26.0 29.0
0 726.0 145.5 20.0 25.0
0 755.5 127.5 19.0 25.0
0 741.0 109.0 14.0 18.0
0 785.0 93.0 16.0 18.0
0 802.0 110.0 16.0 18.0
0 808.0 143.0 20.0 32.0
0 838.5 172.5 25.0 35.0
0 929.5 131.0 19.0 22.0
0 996.0 161.5 20.0 25.0
0 942.0 118.0 16.0 16.0
0 913.5 115.0 13.0 20.0
0 913.0 94.0 16.0 18.0
0 931.5 90.0 13.0 16.0
0 930.5 75.5 11.0 15.0
0 960.0 76.5 10.0 15.0
0 956.5 109.0 15.0 14.0
0 957.0 94.5 16.0 15.0
0 999.0 98.5 16.0 23.0
0 860.5 106.0 19.0 22.0
0 871.5 95.0 13.0 18.0
0 892.5 82.5 15.0 19.0
0 870.5 78.0 13.0 16.0
0 852.5 80.0 13.0 16.0
0 838.0 71.0 16.0 16.0
0 811.0 93.0 16.0 18.0
0 799.0 86.0 16.0 16.0
0 813.5 76.5 13.0 15.0
0 808.0 62.5 14.0 15.0
0 790.5 67.0 13.0 20.0
