0 56.5 247.0 37.0 40.0
0 270.5 160.5 15.0 21.0
0 303.0 158.5 20.0 17.0
0 344.5 147.0 17.0 18.0
0 361.0 130.0 18.0 18.0
0 391.5 133.5 23.0 21.0
0 392.0 112.5 20.0 21.0
0 421.5 112.0 19.0 20.0
0 443.5 116.0 15.0 22.0
0 430.0 171.0 32.0 26.0
0 389.0 157.5 24.0 17.0
0 367.0 155.5 22.0 21.0
0 474.0 136.5 24.0 19.0
0 510.5 139.5 21.0 19.0
0 500.0 90.0 18.0 12.0
0 528.5 77.0 17.0 16.0
0 563.0 127.5 20.0 29.0
0 531.5 119.0 21.0 18.0
0 610.0 145.5 28.0 33.0
0 619.0 103.0 22.0 20.0
0 586.5 99.0 19.0 18.0
0 538.0 181.0 32.0 30.0
0 583.5 184.0 25.0 36.0
0 659.5 186.5 39.0 31.0
0 662.0 159.5 24.0 25.0
0 681.0 120.0 18.0 20.0
0 721.0 154.5 30.0 25.0
0 752.0 173.5 28.0 29.0
0 717.5 124.5 21.0 23.0
0 743.5 131.5 25.0 25.0
0 755.5 108.0 21.0 22.0
0 773.0 98.0 22.0 22.0
0 809.0 143.0 24.0 24.0
0 852.5 157.0 29.0 32.0
0 902.5 195.0 27.0 34.0
0 924.0 160.0 22.0 30.0
0 993.0 163.0 26.0 26.0
0 978.5 135.0 17.0 22.0
0 890.0 133.0 24.0 24.0
0 837.5 115.5 21.0 23.0
0 811.5 98.5 21.0 17.0
0 794.0 123.0 26.0 18.0
0 796.5 70.5 15.0 13.0
0 850.0 90.0 22.0 18.0
0 871.0 76.5 22.0 13.0
0 898.5 86.5 17.0 17.0
0 900.0 110.0 20.0 26.0
0 930.0 94.0 12.0 24.0
0 964.5 90.0 13.0 18.0
0 959.0 122.5 12.0 23.0
0 692.5 88.5 19.0 13.0
0 732.0 67.5 14.0 17.0
0 744.5 88.5 13.0 15.0
0 722.5 104.0 19.0 12.0
0 634.0 83.0 18.0 14.0
0 604.5 80.0 17.0 14.0
0 660.0 86.0 18.0 16.0
0 689.0 71.5 14.0 13.0
0 661.0 69.5 14.0 11.0
0 824.5 82.0 15.0 14.0
