0 142.5 377.0 51.0 50.0
0 264.0 244.5 20.0 25.0
0 300.5 259.5 23.0 33.0
0 342.5 258.0 23.0 32.0
0 334.0 224.0 22.0 24.0
0 398.0 250.0 28.0 34.0
0 448.0 243.5 22.0 25.0
0 484.0 243.0 20.0 26.0
0 415.5 214.5 23.0 25.0
0 481.5 218.0 19.0 20.0
0 533.0 251.5 26.0 27.0
0 462.0 190.5 16.0 23.0
0 506.0 184.0 16.0 16.0
0 548.0 202.5 20.0 21.0
0 540.0 184.0 16.0 18.0
0 556.5 168.5 13.0 13.0
0 551.0 180.5 14.0 17.0
0 600.5 233.0 27.0 26.0
0 559.5 225.0 25.0 24.0
0 621.0 203.0 26.0 22.0
0 601.0 195.5 18.0 19.0
0 657.5 179.5 17.0 23.0
0 682.0 200.5 20.0 25.0
0 696.5 193.0 17.0 24.0
0 667.5 159.5 17.0 17.0
0 689.5 153.5 19.0 21.0
0 730.0 147.0 18.0 20.0
0 749.5 156.5 17.0 19.0
0 769.0 162.0 22.0 20.0
0 768.0 183.0 22.0 18.0
0 720.0 181.5 18.0 17.0
0 801.5 154.0 17.0 18.0
0 839.5 158.5 19.0 23.0
0 810.5 166.0 15.0 20.0
0 846.0 184.5 24.0 27.0
0 803.0 203.0 24.0 24.0
0 760.5 223.0 23.0 26.0
0 719.0 238.5 32.0 35.0
0 635.0 271.5 34.0 33.0
0 552.0 302.5 40.0 43.0
0 629.5 313.5 43.0 39.0
0 705.5 321.5 39.0 47.0
0 709.5 277.0 31.0 36.0
0 767.5 260.5 21.0 29.0
0 792.0 267.5 28.0 37.0
0 764.5 342.0 37.0 50.0
0 838.5 389.5 49.0 57.0
0 865.5 297.0 33.0 42.0
0 828.0 264.5 28.0 29.0
0 820.5 227.5 25.0 33.0
0 855.5 214.0 23.0 28.0
0 881.0 179.0 18.0 22.0
0 912.0 168.5 18.0 23.0
0 940.0 174.5 18.0 27.0
0 924.5 202.0 19.0 26.0
0 913.0 189.5 18.0 17.0
0 972.0 177.5 20.0 27.0
0 985.0 215.5 26.0 23.0
0 1009.0 184.5 16.0 23.0
0 1029.5 202.0 17.0 30.0
0 1040.5 196.0 15.0 28.0
0 1056.5 187.5 15.0 21.0
0 1076.5 200.0 21.0 30.0
0 1120.0 217.5 22.0 29.0
0 1128.0 202.5 20.0 21.0
0 1019.5 233.5 27.0 27.0
0 1053.5 227.0 21.0 24.0
0 1092.5 242.5 21.0 31.0
0 1119.5 260.5 21.0 35.0
0 974.5 258.0 29.0 44.0
0 987.0 238.0 22.0 20.0
0 1036.0 268.5 30.0 33.0
0 930.0 313.0 40.0 42.0
0 993.0 371.0 40.0 54.0
0 1020.0 334.5 40.0 39.0
0 1098.5 348.5 45.0 53.0
0 1095.0 315.5 26.0 29.0
0 514.0 225.0 22.0 28.0
0 618.0 183.0 18.0 18.0
