0 117.0 315.0 56.0 70.0
0 198.0 170.0 26.0 30.0
0 230.5 168.0 31.0 32.0
0 287.5 141.0 23.0 26.0
0 339.0 139.5 26.0 29.0
0 362.5 131.5 21.0 29.0
0 334.0 122.0 24.0 26.0
0 389.5 122.5 21.0 25.0
0 413.0 150.0 22.0 28.0
0 446.0 141.5 22.0 27.0
0 492.0 189.5 32.0 35.0
0 437.0 114.0 22.0 24.0
0 409.0 116.5 20.0 21.0
0 493.0 111.0 20.0 26.0
0 490.0 95.0 20.0 22.0
0 535.5 144.5 27.0 35.0
0 517.5 95.5 17.0 21.0
0 533.5 99.0 19.0 22.0
0 551.0 99.5 22.0 29.0
0 567.5 119.0 19.0 26.0
0 567.5 86.5 21.0 29.0
0 598.0 98.0 20.0 26.0
0 635.0 127.5 22.0 23.0
0 653.0 95.0 20.0 22.0
0 660.0 124.0 22.0 28.0
0 640.5 80.0 17.0 22.0
0 669.5 76.0 19.0 24.0
0 695.5 73.0 19.0 24.0
0 708.5 88.5 19.0 23.0
0 700.5 109.0 19.0 24.0
0 679.5 101.5 21.0 23.0
0 726.5 115.0 21.0 26.0
0 736.5 75.0 19.0 22.0
0 767.0 106.5 22.0 23.0
0 764.0 84.5 18.0 23.0
0 781.5 80.0 17.0 24.0
0 808.5 93.0 21.0 24.0
0 810.5 78.5 17.0 19.0
0 840.5 88.0 21.0 26.0
0 819.5 126.0 23.0 30.0
0 778.0 147.5 30.0 37.0
0 722.5 167.5 27.0 29.0
0 667.5 196.0 33.0 32.0
0 710.0 222.5 32.0 39.0
0 772.0 234.5 38.0 41.0
0 851.0 237.0 36.0 46.0
0 863.0 156.5 28.0 33.0
0 888.0 168.5 28.0 31.0
0 875.0 136.0 24.0 28.0
0 881.5 108.0 19.0 24.0
0 921.5 119.5 21.0 25.0
0 911.0 105.5 18.0 25.0
0 960.0 112.0 22.0 24.0
0 972.5 130.0 23.0 24.0
0 999.5 126.0 19.0 26.0
0 942.5 148.5 23.0 33.0
0 961.5 172.5 29.0 35.0
0 936.0 264.0 38.0 54.0
0 1029.5 288.5 41.0 53.0
0 1050.5 244.5 31.0 39.0
0 1146.5 260.5 33.0 43.0
0 1007.5 221.5 33.0 39.0
0 1033.0 188.5 30.0 31.0
0 1060.0 162.0 24.0 28.0
0 1096.0 202.0 24.0 30.0
0 1130.0 224.5 28.0 37.0
0 1161.0 213.5 20.0 35.0
0 1035.5 135.0 17.0 24.0
0 1047.0 133.5 16.0 19.0
0 1077.0 132.5 18.0 25.0
0 1073.5 152.0 19.0 24.0
0 1108.0 157.5 18.0 31.0
0 1130.5 142.5 15.0 23.0
0 1161.0 187.0 20.0 24.0
0 1180.5 152.5 21.0 27.0
