0 174.0 246.5 44.0 43.0
0 341.0 148.0 24.0 30.0
0 367.0 172.5 32.0 41.0
0 252.0 116.5 16.0 15.0
0 322.5 99.5 13.0 17.0
0 343.0 99.5 14.0 15.0
0 343.0 115.5 16.0 13.0
0 321.0 126.0 20.0 18.0
0 383.5 108.5 15.0 15.0
0 370.0 99.5 12.0 13.0
0 357.0 97.5 12.0 13.0
0 416.5 115.5 15.0 19.0
0 389.5 136.5 19.0 21.0
0 443.0 110.5 22.0 21.0
0 413.5 91.5 13.0 17.0
0 411.5 74.5 13.0 15.0
0 443.5 89.5 15.0 11.0
0 478.5 96.0 17.0 20.0
0 509.5 102.0 17.0 22.0
0 486.5 87.5 17.0 19.0
0 475.5 71.0 13.0 16.0
0 488.5 67.0 13.0 14.0
0 448.5 78.5 17.0 11.0
0 502.5 71.5 13.0 15.0
0 543.5 89.0 15.0 18.0
0 572.0 61.5 18.0 19.0
0 551.5 64.5 11.0 15.0
0 610.5 63.0 15.0 16.0
0 623.0 54.0 16.0 16.0
0 630.0 68.5 12.0 17.0
0 647.0 57.5 14.0 19.0
0 670.5 63.5 13.0 13.0
0 560.0 130.0 18.0 22.0
0 589.5 133.0 21.0 26.0
0 677.5 127.5 19.0 19.0
0 626.0 160.0 20.0 20.0
0 629.0 94.5 18.0 17.0
0 716.5 184.5 23.0 33.0
0 739.0 171.0 20.0 32.0
0 713.0 150.5 22.0 33.0
0 725.5 145.0 19.0 28.0
0 723.0 106.5 16.0 19.0
0 695.5 103.0 13.0 14.0
0 715.0 95.0 12.0 12.0
0 699.0 80.5 16.0 11.0
0 675.5 87.0 17.0 12.0
0 709.5 72.0 13.0 12.0
0 730.5 81.5 11.0 13.0
0 748.5 83.0 13.0 16.0
0 762.0 78.0 12.0 16.0
0 755.0 65.5 12.0 13.0
0 774.5 70.0 11.0 14.0
0 787.5 80.0 11.0 16.0
0 801.5 79.0 11.0 16.0
0 778.5 97.5 13.0 15.0
0 800.0 119.5 16.0 21.0
0 794.0 108.0 12.0 16.0
0 804.5 98.5 11.0 15.0
0 820.0 86.5 14.0 19.0
0 830.0 76.0 14.0 18.0
0 854.0 79.0 14.0 18.0
0 785.5 189.0 25.0 24.0
0 852.0 206.0 22.0 26.0
0 853.0 169.0 20.0 24.0
0 829.0 135.0 22.0 26.0
0 877.5 151.0 21.0 26.0
0 873.5 128.5 15.0 15.0
0 844.5 106.5 13.0 13.0
0 837.0 120.0 18.0 20.0
0 893.5 107.5 13.0 17.0
0 884.0 101.5 10.0 15.0
0 894.0 90.0 12.0 14.0
