0 299.0 91.0 14.0 20.0
0 315.0 100.5 12.0 19.0
0 343.5 87.0 13.0 14.0
0 368.0 86.5 12.0 13.0
0 381.0 86.0 12.0 18.0
0 385.5 73.0 11.0 14.0
0 394.0 79.5 14.0 13.0
0 419.5 64.0 13.0 12.0
0 442.5 70.5 17.0 13.0
0 447.5 79.5 17.0 13.0
0 468.5 64.0 11.0 14.0
0 479.0 81.0 16.0 16.0
0 501.0 79.0 18.0 14.0
0 511.0 65.5 14.0 13.0
0 519.5 60.5 15.0 13.0
0 535.5 70.5 13.0 13.0
0 556.0 52.5 10.0 11.0
0 588.5 57.0 9.0 8.0
0 607.0 57.0 12.0 10.0
0 593.5 68.0 11.0 16.0
0 632.5 59.5 11.0 11.0
0 556.5 87.0 15.0 18.0
0 519.5 94.5 15.0 17.0
0 473.0 108.5 20.0 17.0
0 447.5 96.5 19.0 17.0
0 419.5 106.0 19.0 18.0
0 426.5 79.5 17.0 13.0
0 684.5 65.5 11.0 15.0
0 698.5 68.0 13.0 18.0
0 717.5 65.0 11.0 12.0
0 742.0 66.5 12.0 17.0
0 767.5 75.5 13.0 15.0
0 788.5 75.5 9.0 13.0
0 819.5 90.5 15.0 19.0
0 845.5 87.0 11.0 16.0
0 840.5 112.0 15.0 20.0
0 832.0 130.5 16.0 25.0
0 790.0 137.0 18.0 22.0
0 790.5 118.5 15.0 23.0
0 770.0 104.5 14.0 23.0
0 726.0 81.0 12.0 16.0
0 707.0 88.5 12.0 15.0
0 694.5 91.0 15.0 20.0
0 664.5 75.5 13.0 11.0
0 647.5 72.5 13.0 17.0
0 624.5 89.5 15.0 17.0
0 641.0 94.5 16.0 23.0
0 658.5 91.5 15.0 17.0
0 587.5 98.5 17.0 21.0
0 564.0 108.0 20.0 24.0
0 592.5 119.5 19.0 21.0
0 657.5 119.5 19.0 21.0
0 716.5 106.0 15.0 18.0
0 726.0 105.0 14.0 16.0
0 534.0 115.0 20.0 30.0
0 799.5 212.5 37.0 49.0
0 561.5 61.0 9.0 10.0
0 489.5 95.5 15.0 11.0
