0 263.0 312.5 54.0 67.0
0 346.5 189.0 21.0 26.0
0 384.5 177.0 17.0 24.0
0 406.0 185.0 18.0 28.0
0 418.0 181.0 22.0 22.0
0 422.0 155.5 16.0 23.0
0 463.0 175.0 26.0 30.0
0 429.5 157.0 19.0 22.0
0 506.0 182.0 22.0 30.0
0 536.0 187.5 24.0 31.0
0 495.0 133.5 16.0 19.0
0 517.5 122.0 15.0 20.0
0 537.0 129.0 16.0 26.0
0 557.5 110.5 15.0 21.0
0 587.0 114.0 16.0 22.0
0 578.0 155.0 20.0 26.0
0 604.5 133.0 17.0 20.0
0 608.5 161.0 23.0 30.0
0 562.0 109.0 12.0 18.0
0 627.5 90.5 11.0 15.0
0 641.5 130.5 17.0 27.0
0 658.0 106.5 16.0 21.0
0 614.0 216.0 26.0 32.0
0 680.5 218.5 31.0 33.0
0 700.0 182.0 26.0 38.0
0 693.0 139.0 20.0 28.0
0 698.0 117.5 22.0 25.0
0 701.0 101.0 18.0 24.0
0 759.5 79.0 21.0 22.0
0 742.0 112.0 20.0 22.0
0 790.5 92.5 17.0 19.0
0 811.5 82.0 15.0 20.0
0 839.5 86.5 15.0 23.0
0 826.5 120.5 21.0 29.0
0 777.0 147.0 24.0 30.0
0 772.0 179.5 30.0 37.0
0 825.0 154.5 24.0 35.0
0 815.5 187.0 29.0 40.0
0 865.0 222.0 32.0 42.0
0 889.5 199.0 31.0 42.0
0 869.5 129.5 23.0 29.0
0 890.0 162.0 28.0 34.0
0 911.5 107.0 19.0 26.0
0 950.5 102.0 15.0 22.0
0 966.5 85.5 17.0 21.0
0 934.5 137.5 19.0 27.0
0 950.5 161.5 23.0 31.0
0 960.5 123.0 13.0 24.0
0 999.0 194.5 24.0 35.0
0 982.0 245.0 40.0 52.0
0 990.0 151.5 20.0 25.0
0 1022.0 162.0 24.0 34.0
0 1071.0 222.5 28.0 43.0
0 1053.0 97.0 14.0 20.0
0 1106.5 103.5 15.0 21.0
0 1014.0 96.0 16.0 22.0
0 1038.5 112.0 15.0 26.0
0 1060.5 138.0 19.0 30.0
0 1037.0 148.0 18.0 32.0
0 1081.5 181.5 25.0 35.0
0 1127.5 178.0 27.0 32.0
0 1122.0 143.5 16.0 23.0
0 1104.5 154.0 23.0 32.0
0 995.0 112.5 14.0 25.0
0 1015.0 126.5 16.0 23.0
