0 372.5 223.0 43.0 50.0
0 261.0 120.0 16.0 18.0
0 283.5 117.0 17.0 18.0
0 314.5 113.5 15.0 17.0
0 331.5 90.5 11.0 15.0
0 336.0 113.0 16.0 16.0
0 353.5 109.5 13.0 15.0
0 358.0 120.0 18.0 20.0
0 371.5 131.5 19.0 23.0
0 374.5 110.0 17.0 16.0
0 365.0 88.5 12.0 13.0
0 394.5 86.0 13.0 14.0
0 400.5 97.0 13.0 16.0
0 403.0 82.0 10.0 10.0
0 425.5 77.0 13.0 14.0
0 421.0 105.0 16.0 18.0
0 447.0 105.5 18.0 21.0
0 425.0 96.0 12.0 14.0
0 424.5 128.0 17.0 20.0
0 463.5 69.5 11.0 13.0
0 467.0 76.0 14.0 14.0
0 472.0 93.0 14.0 16.0
0 478.0 65.0 10.0 12.0
0 492.0 78.0 12.0 14.0
0 502.5 93.0 13.0 16.0
0 520.0 85.0 14.0 16.0
0 528.0 68.5 12.0 17.0
0 549.5 69.5 13.0 13.0
0 532.5 96.5 17.0 17.0
0 499.0 69.5 10.0 9.0
0 564.0 86.0 16.0 18.0
0 576.0 80.5 12.0 15.0
0 595.5 72.0 15.0 14.0
0 576.5 71.0 11.0 12.0
0 572.0 62.0 10.0 8.0
0 606.0 59.0 10.0 10.0
0 613.5 59.0 11.0 14.0
0 622.5 57.5 11.0 15.0
0 628.5 75.0 13.0 16.0
0 617.5 81.5 11.0 15.0
0 570.5 119.5 17.0 19.0
0 573.5 114.0 19.0 14.0
0 613.0 132.5 18.0 19.0
0 628.0 129.0 18.0 16.0
0 637.5 93.5 15.0 17.0
0 660.0 55.5 10.0 11.0
0 664.5 64.5 15.0 15.0
0 683.5 58.0 13.0 16.0
0 674.5 95.0 15.0 18.0
0 690.5 96.0 15.0 16.0
0 707.0 76.5 12.0 15.0
0 716.5 85.0 13.0 18.0
0 726.0 104.0 14.0 18.0
0 708.0 125.0 18.0 22.0
0 666.5 135.5 19.0 23.0
0 670.5 165.5 27.0 31.0
0 736.5 185.0 27.0 32.0
0 769.5 153.5 23.0 25.0
0 800.0 132.0 18.0 24.0
0 745.0 131.5 22.0 21.0
0 772.5 108.0 15.0 20.0
0 764.0 87.5 10.0 13.0
0 753.0 65.5 10.0 15.0
0 779.0 71.5 10.0 13.0
0 792.5 71.5 9.0 13.0
0 809.0 81.0 12.0 14.0
0 802.5 90.0 11.0 16.0
0 790.0 107.5 14.0 15.0
0 811.0 116.5 16.0 23.0
0 824.5 114.5 15.0 19.0
0 840.5 96.5 13.0 17.0
0 845.5 86.5 11.0 17.0
0 825.0 79.5 10.0 15.0
0 877.0 78.0 12.0 14.0
0 876.5 89.0 11.0 14.0
0 869.0 97.5 12.0 17.0
0 871.0 115.0 14.0 16.0
0 864.5 123.0 17.0 24.0
0 911.0 94.5 10.0 11.0
0 922.5 96.0 11.0 10.0
0 899.0 108.5 12.0 15.0
0 895.0 130.0 16.0 18.0
0 879.5 190.0 23.0 32.0
