0 377.0 187.5 20.0 21.0
0 419.0 175.5 28.0 29.0
0 523.5 183.0 27.0 30.0
0 364.0 130.5 18.0 19.0
0 391.5 115.0 13.0 12.0
0 394.5 131.5 17.0 17.0
0 425.0 137.0 14.0 18.0
0 485.5 138.5 19.0 23.0
0 430.5 118.5 15.0 15.0
0 504.0 138.0 20.0 22.0
0 491.5 118.5 17.0 23.0
0 523.5 121.5 13.0 19.0
0 583.0 80.5 22.0 25.0
0 615.0 82.0 12.0 16.0
0 675.0 155.0 24.0 28.0
0 760.5 115.0 19.0 22.0
0 807.5 146.5 23.0 29.0
0 818.0 100.5 18.0 21.0
0 1002.5 148.5 21.0 25.0
0 508.5 110.0 19.0 22.0
0 429.5 109.0 15.0 22.0
0 477.5 116.5 17.0 25.0
