0 203.0 343.0 56.0 54.0
0 364.5 191.5 25.0 29.0
0 398.5 152.0 21.0 24.0
0 411.5 162.5 23.0 27.0
0 413.0 195.5 30.0 31.0
0 440.5 164.5 25.0 31.0
0 465.0 162.0 24.0 30.0
0 454.5 194.5 29.0 31.0
0 500.0 163.0 26.0 26.0
0 507.0 138.5 24.0 25.0
0 533.5 178.0 27.0 32.0
0 561.5 154.5 21.0 27.0
0 536.5 152.5 19.0 27.0
0 537.0 124.0 26.0 26.0
0 595.0 162.5 30.0 29.0
0 610.5 138.0 27.0 26.0
0 566.0 118.0 20.0 20.0
0 562.0 100.0 18.0 20.0
0 582.5 102.5 19.0 21.0
0 615.5 112.0 21.0 20.0
0 619.0 90.0 16.0 18.0
0 636.5 91.0 13.0 14.0
0 651.5 113.0 21.0 24.0
0 669.5 124.5 23.0 29.0
0 677.5 89.0 17.0 22.0
0 697.0 103.0 18.0 20.0
0 720.5 115.0 27.0 26.0
0 700.0 87.0 16.0 16.0
0 706.5 80.5 15.0 15.0
0 727.0 86.5 22.0 21.0
0 738.0 73.0 16.0 18.0
0 758.5 111.0 21.0 22.0
0 756.5 95.5 15.0 15.0
0 773.0 67.5 18.0 19.0
0 795.5 72.5 17.0 17.0
0 809.5 90.5 19.0 19.0
0 834.5 72.5 19.0 21.0
0 832.5 94.5 21.0 21.0
0 866.0 72.5 16.0 21.0
0 892.0 94.5 24.0 25.0
0 874.5 130.5 27.0 31.0
0 818.5 158.0 27.0 30.0
0 826.0 192.5 36.0 41.0
0 761.5 183.5 39.0 43.0
0 774.5 150.0 29.0 36.0
0 707.5 177.0 33.0 36.0
0 651.5 208.5 43.0 47.0
0 759.0 249.5 40.0 47.0
0 875.0 163.5 32.0 35.0
0 916.5 131.5 29.0 35.0
0 904.5 116.0 17.0 24.0
0 938.5 102.5 23.0 27.0
0 937.5 81.5 25.0 19.0
0 985.0 76.0 20.0 22.0
0 1012.5 83.5 25.0 25.0
0 1036.0 84.0 22.0 22.0
0 1035.0 108.5 18.0 23.0
0 1005.5 128.0 31.0 32.0
0 983.5 110.5 23.0 23.0
0 954.5 126.5 21.0 25.0
0 973.0 144.5 24.0 41.0
0 940.0 168.5 38.0 43.0
0 985.5 189.0 31.0 48.0
0 1016.0 177.0 30.0 38.0
0 1055.0 152.0 30.0 38.0
0 1073.0 118.0 22.0 26.0
0 1083.0 108.0 22.0 24.0
0 1091.0 94.5 20.0 19.0
0 1134.0 99.5 18.0 23.0
0 1125.0 112.0 16.0 24.0
0 1116.0 134.0 20.0 26.0
0 1088.0 154.0 18.0 30.0
0 1100.5 176.0 29.0 36.0
0 1084.0 223.5 40.0 41.0
0 1055.5 266.5 51.0 55.0
0 1118.0 316.0 54.0 64.0
0 1140.5 237.0 43.0 50.0
0 1152.0 166.0 32.0 36.0
0 1161.0 145.0 22.0 22.0
0 1176.5 120.0 21.0 24.0
