0 1109.0 304.0 40.0 58.0
0 1004.0 279.5 34.0 57.0
0 1053.0 229.5 30.0 45.0
0 1122.0 217.5 30.0 39.0
0 1080.0 181.5 26.0 35.0
0 1097.5 170.0 23.0 38.0
0 1142.0 183.5 24.0 35.0
0 1152.0 175.5 28.0 35.0
0 1128.0 113.0 16.0 22.0
0 1121.0 128.5 20.0 25.0
0 1077.0 119.5 18.0 25.0
0 1056.5 89.0 15.0 20.0
0 1033.0 104.5 12.0 23.0
0 1008.0 129.0 20.0 26.0
0 1036.5 158.5 21.0 25.0
0 1026.5 169.5 21.0 29.0
0 1017.5 87.5 15.0 21.0
0 984.5 83.0 11.0 20.0
0 981.5 117.0 17.0 22.0
0 922.5 81.5 13.0 19.0
0 946.0 102.5 16.0 19.0
0 939.0 120.0 20.0 24.0
0 902.5 120.0 17.0 20.0
0 913.0 130.0 20.0 26.0
0 891.0 156.5 22.0 31.0
0 976.5 149.0 23.0 30.0
0 966.0 162.0 20.0 28.0
0 966.5 211.5 23.0 29.0
0 872.5 78.0 15.0 20.0
0 840.5 89.0 15.0 18.0
0 852.5 138.0 19.0 30.0
0 822.5 162.5 21.0 29.0
0 829.5 188.0 27.0 42.0
0 804.5 70.0 13.0 18.0
0 812.5 81.0 13.0 18.0
0 805.5 95.5 17.0 27.0
0 745.0 73.0 8.0 12.0
0 768.5 82.0 11.0 14.0
0 767.5 107.5 15.0 23.0
0 711.0 91.5 12.0 17.0
0 738.0 107.5 16.0 21.0
0 760.0 153.5 20.0 27.0
0 760.5 186.5 25.0 39.0
0 796.5 213.0 31.0 44.0
0 713.0 178.0 22.0 34.0
0 685.5 203.0 33.0 44.0
0 710.0 127.0 18.0 24.0
0 690.0 117.0 18.0 22.0
0 665.5 100.5 15.0 19.0
0 637.0 99.0 10.0 16.0
0 650.5 116.0 15.0 18.0
0 631.5 132.5 21.0 33.0
0 620.0 114.0 12.0 16.0
0 572.5 104.5 13.0 19.0
0 587.0 113.5 12.0 19.0
0 552.5 122.5 13.0 21.0
0 567.5 122.0 15.0 18.0
0 567.5 153.5 19.0 27.0
0 586.0 170.5 26.0 33.0
0 521.5 139.5 15.0 21.0
0 502.0 166.5 20.0 25.0
0 490.5 189.0 21.0 26.0
0 398.5 176.5 19.0 27.0
0 413.0 185.0 20.0 26.0
0 439.5 174.0 19.0 30.0
0 439.5 153.0 21.0 26.0
0 467.5 169.5 19.0 23.0
0 451.0 186.0 24.0 28.0
0 262.5 292.0 47.0 56.0
