0 945.0 128.5 16.0 27.0
0 870.5 74.0 11.0 18.0
0 777.0 167.0 28.0 34.0
0 836.5 174.0 25.0 32.0
0 856.0 108.5 16.0 23.0
0 823.0 97.5 16.0 21.0
0 798.5 87.0 15.0 20.0
0 767.0 85.5 16.0 17.0
0 779.0 97.5 18.0 21.0
0 735.5 91.0 17.0 22.0
0 617.0 92.0 14.0 18.0
0 596.5 88.5 13.0 19.0
0 568.5 85.0 13.0 16.0
0 571.0 120.0 16.0 22.0
0 489.5 95.0 11.0 14.0
0 503.5 90.0 11.0 14.0
0 483.0 112.5 16.0 21.0
0 508.0 119.0 14.0 20.0
0 449.0 138.0 18.0 22.0
0 487.5 135.5 17.0 23.0
0 511.5 197.5 23.0 31.0
0 471.0 160.5 20.0 27.0
0 332.0 174.5 16.0 21.0
0 390.0 158.0 16.0 22.0
0 699.5 154.5 21.0 29.0
0 220.5 278.5 47.0 63.0
0 269.5 258.5 45.0 61.0
