0 133.0 343.5 64.0 71.0
0 289.0 155.0 14.0 18.0
0 302.5 150.5 17.0 17.0
0 312.0 172.0 22.0 20.0
0 400.0 168.0 18.0 20.0
0 384.5 159.5 13.0 11.0
0 369.5 140.5 17.0 17.0
0 396.0 143.0 18.0 16.0
0 406.0 111.0 14.0 16.0
0 420.0 116.0 12.0 16.0
0 447.5 107.5 13.0 17.0
0 447.5 92.0 15.0 16.0
0 480.0 110.5 14.0 15.0
0 475.5 96.0 11.0 12.0
0 497.0 114.5 14.0 19.0
0 486.0 141.0 20.0 22.0
0 510.0 136.0 18.0 20.0
0 529.5 117.5 15.0 21.0
0 560.0 124.0 20.0 20.0
0 544.5 103.5 15.0 15.0
0 507.5 91.5 13.0 13.0
0 503.0 80.0 12.0 12.0
0 542.0 78.5 10.0 13.0
0 560.5 83.0 11.0 14.0
0 580.5 73.0 15.0 16.0
0 591.5 62.5 15.0 15.0
0 613.5 92.5 13.0 15.0
0 591.5 105.0 17.0 14.0
0 598.0 79.5 12.0 15.0
0 623.0 61.5 10.0 11.0
0 640.5 65.0 13.0 12.0
0 629.5 105.5 15.0 17.0
0 653.5 96.5 13.0 15.0
0 664.0 75.5 12.0 15.0
0 659.5 57.5 9.0 11.0
0 692.5 80.5 11.0 15.0
0 698.5 69.5 11.0 9.0
0 698.5 58.5 9.0 11.0
0 722.5 61.0 13.0 14.0
0 747.5 68.5 15.0 17.0
0 529.5 179.0 23.0 28.0
0 579.5 195.5 21.0 25.0
0 614.5 147.5 21.0 21.0
0 666.5 148.0 23.0 26.0
0 676.5 120.0 21.0 22.0
0 698.0 100.0 16.0 18.0
0 713.5 126.5 23.0 21.0
0 675.5 191.0 27.0 30.0
0 745.0 186.0 28.0 32.0
0 794.5 230.0 29.0 38.0
0 869.0 247.5 32.0 39.0
0 959.5 249.5 33.0 43.0
0 977.0 185.5 26.0 31.0
0 903.5 177.5 25.0 29.0
0 867.5 146.0 21.0 22.0
0 812.0 154.5 26.0 29.0
0 820.0 135.5 28.0 19.0
0 828.5 111.0 19.0 18.0
0 780.5 153.0 21.0 32.0
0 752.0 146.0 28.0 24.0
0 748.0 89.0 16.0 18.0
0 759.5 109.5 17.0 19.0
0 784.5 121.0 19.0 22.0
0 778.0 101.0 14.0 16.0
0 793.0 87.0 16.0 22.0
0 799.0 68.0 14.0 18.0
0 815.5 79.5 15.0 21.0
0 834.5 79.5 15.0 19.0
0 872.0 85.5 16.0 23.0
0 891.5 82.0 11.0 18.0
0 924.5 98.5 15.0 19.0
0 929.0 88.0 12.0 14.0
0 914.5 72.0 13.0 16.0
0 933.5 69.5 13.0 15.0
0 895.0 126.5 18.0 27.0
0 949.5 122.5 17.0 21.0
0 946.0 158.0 20.0 30.0
0 980.0 159.5 18.0 23.0
0 1000.0 148.0 22.0 26.0
0 991.5 127.5 17.0 23.0
0 1001.0 93.5 12.0 15.0
0 966.5 79.5 13.0 15.0
0 955.0 101.5 18.0 17.0
0 964.0 99.5 12.0 17.0
