0 45.5 223.5 21.0 25.0
0 221.5 211.5 49.0 55.0
0 279.0 174.0 22.0 20.0
0 322.0 155.0 24.0 24.0
0 350.0 131.5 20.0 23.0
0 372.0 128.0 16.0 20.0
0 393.0 147.0 22.0 22.0
0 368.0 172.5 24.0 23.0
0 355.5 152.5 19.0 23.0
0 418.0 120.0 24.0 22.0
0 437.5 106.0 17.0 22.0
0 454.5 134.0 21.0 22.0
0 453.0 161.0 26.0 24.0
0 475.5 119.5 21.0 21.0
0 494.5 126.5 23.0 25.0
0 486.5 106.5 21.0 21.0
0 507.0 149.5 24.0 25.0
0 520.0 124.0 20.0 22.0
0 511.0 103.0 16.0 24.0
0 509.5 54.5 11.0 13.0
0 555.0 92.5 14.0 19.0
0 574.0 104.0 20.0 18.0
0 577.5 122.5 19.0 23.0
0 572.5 82.5 15.0 19.0
0 596.5 90.5 17.0 19.0
0 610.0 113.0 22.0 18.0
0 642.0 95.5 16.0 17.0
0 660.5 64.5 11.0 17.0
0 687.5 67.5 15.0 19.0
0 717.5 73.5 13.0 17.0
0 728.5 60.0 15.0 18.0
0 526.0 188.5 36.0 31.0
0 607.5 148.5 27.0 27.0
0 647.5 161.5 25.0 33.0
0 651.5 200.5 35.0 39.0
0 725.5 208.0 29.0 36.0
0 704.5 180.0 27.0 30.0
0 655.5 129.5 21.0 25.0
0 708.0 130.0 26.0 30.0
0 691.5 101.0 21.0 22.0
0 724.0 113.0 22.0 24.0
0 748.5 96.0 19.0 20.0
0 759.5 85.5 21.0 25.0
0 751.5 125.5 27.0 29.0
0 759.0 113.5 20.0 25.0
0 796.0 117.0 18.0 26.0
0 808.5 99.5 19.0 19.0
0 794.5 77.0 17.0 18.0
0 797.5 63.5 15.0 15.0
0 811.5 81.0 21.0 24.0
0 829.0 83.5 14.0 17.0
0 837.5 68.5 15.0 17.0
0 857.0 81.5 16.0 21.0
0 849.0 113.0 20.0 28.0
0 803.0 151.0 30.0 24.0
0 797.0 171.5 26.0 31.0
0 834.5 184.0 33.0 36.0
0 878.0 101.0 18.0 22.0
0 883.0 78.5 20.0 23.0
0 905.0 118.5 20.0 27.0
0 926.5 90.5 17.0 23.0
0 951.5 107.0 19.0 26.0
0 958.0 99.0 16.0 16.0
0 957.5 77.0 13.0 18.0
0 991.5 95.5 13.0 21.0
0 993.0 122.5 18.0 21.0
0 969.0 122.5 14.0 23.0
0 931.0 144.0 18.0 24.0
0 989.5 164.0 23.0 30.0
