0 226.5 280.5 43.0 47.0
0 286.5 124.0 19.0 20.0
0 308.0 125.5 18.0 19.0
0 326.0 101.5 18.0 19.0
0 336.5 116.5 17.0 17.0
0 357.5 134.5 19.0 21.0
0 351.0 117.0 12.0 14.0
0 374.5 112.0 19.0 20.0
0 405.0 146.0 24.0 26.0
0 394.5 107.0 19.0 20.0
0 413.5 88.5 13.0 15.0
0 433.5 93.0 15.0 14.0
0 437.0 118.0 16.0 22.0
0 460.0 119.5 18.0 19.0
0 489.5 121.0 19.0 24.0
0 489.5 103.5 21.0 17.0
0 475.5 86.5 17.0 19.0
0 491.5 87.5 19.0 17.0
0 511.5 102.0 19.0 24.0
0 504.0 68.0 14.0 18.0
0 522.0 67.5 14.0 13.0
0 518.0 80.5 14.0 17.0
0 544.5 70.5 13.0 15.0
0 548.0 84.0 16.0 16.0
0 552.5 101.0 19.0 22.0
0 573.5 100.0 19.0 18.0
0 578.0 70.0 14.0 18.0
0 601.0 66.5 16.0 17.0
0 619.5 69.5 17.0 21.0
0 632.5 66.5 13.0 15.0
0 620.5 90.5 21.0 21.0
0 589.0 89.0 16.0 14.0
0 658.0 70.5 14.0 15.0
0 667.5 62.0 15.0 14.0
0 676.0 73.5 16.0 19.0
0 707.0 61.5 12.0 15.0
0 540.0 171.0 32.0 34.0
0 551.5 142.5 27.0 35.0
0 610.5 151.0 29.0 30.0
0 601.5 188.0 29.0 40.0
0 670.0 208.0 36.0 40.0
0 749.5 223.0 41.0 42.0
0 734.5 166.0 29.0 34.0
0 622.0 129.5 24.0 23.0
0 662.5 114.5 25.0 29.0
0 694.0 114.0 22.0 24.0
0 697.5 90.5 21.0 25.0
0 750.0 96.5 18.0 21.0
0 748.5 73.5 15.0 21.0
0 770.5 81.0 17.0 18.0
0 791.0 99.5 16.0 21.0
0 766.0 141.0 22.0 28.0
0 728.5 134.0 23.0 26.0
0 794.5 126.5 19.0 19.0
0 814.5 141.0 19.0 32.0
0 786.5 180.0 35.0 48.0
0 863.0 163.5 28.0 33.0
0 875.5 140.0 25.0 32.0
0 912.0 173.0 24.0 32.0
0 899.5 213.0 25.0 34.0
