0 164.0 391.5 46.0 53.0
0 275.5 236.5 17.0 25.0
0 312.5 242.5 25.0 31.0
0 338.5 261.5 23.0 27.0
0 347.0 219.5 22.0 25.0
0 396.0 260.5 28.0 35.0
0 424.5 234.5 21.0 25.0
0 425.5 208.5 21.0 23.0
0 466.0 240.0 24.0 30.0
0 493.5 235.5 25.0 27.0
0 491.5 213.5 23.0 21.0
0 474.5 183.5 21.0 19.0
0 514.5 184.0 17.0 18.0
0 535.0 191.0 22.0 24.0
0 524.0 218.0 22.0 28.0
0 540.0 238.5 32.0 31.0
0 572.5 215.5 25.0 23.0
0 562.5 171.0 17.0 20.0
0 569.5 188.0 21.0 24.0
0 613.0 185.0 18.0 22.0
0 630.0 195.0 18.0 24.0
0 631.0 173.5 18.0 17.0
0 655.0 177.5 16.0 25.0
0 672.0 200.5 20.0 25.0
0 611.0 229.0 26.0 24.0
0 687.5 155.0 15.0 18.0
0 696.5 165.5 15.0 19.0
0 702.0 183.0 14.0 22.0
0 709.5 166.5 13.0 15.0
0 729.5 161.0 15.0 20.0
0 736.5 147.5 15.0 15.0
0 760.5 153.0 15.0 20.0
0 774.0 162.0 14.0 18.0
0 777.0 174.0 14.0 20.0
0 726.0 179.5 20.0 21.0
0 815.0 163.0 16.0 20.0
0 812.5 146.0 15.0 16.0
0 830.0 160.5 16.0 23.0
0 582.5 285.5 37.0 41.0
0 650.0 247.0 28.0 36.0
0 661.0 285.0 36.0 34.0
0 714.5 316.5 43.0 53.0
0 729.0 270.0 32.0 38.0
0 727.0 236.5 28.0 35.0
0 770.5 210.5 23.0 29.0
0 810.5 196.5 21.0 25.0
0 842.5 212.5 19.0 29.0
0 858.5 214.0 19.0 26.0
0 857.0 178.5 16.0 23.0
0 886.5 180.5 17.0 21.0
0 893.5 169.0 17.0 20.0
0 908.5 163.0 15.0 20.0
0 783.0 244.0 26.0 32.0
0 802.5 266.5 33.0 39.0
0 833.5 256.0 29.0 38.0
0 874.0 281.0 34.0 42.0
0 774.0 332.5 40.0 51.0
0 850.0 385.0 46.0 48.0
0 1006.5 357.0 43.0 46.0
0 928.5 196.5 17.0 25.0
0 950.0 187.5 20.0 27.0
0 948.5 170.0 19.0 24.0
0 988.0 214.5 20.0 27.0
0 982.5 204.5 21.0 25.0
0 983.0 173.0 22.0 26.0
0 1021.0 182.5 18.0 23.0
0 1038.0 193.0 16.0 24.0
0 1054.0 184.5 16.0 23.0
0 1085.5 195.0 19.0 22.0
0 1072.5 223.5 19.0 19.0
0 1026.5 221.0 23.0 26.0
0 986.5 254.5 27.0 37.0
0 958.5 306.5 35.0 47.0
0 1022.5 326.0 39.0 40.0
0 1045.0 269.5 28.0 35.0
0 1054.0 247.0 24.0 30.0
0 1108.5 277.0 29.0 30.0
0 1119.5 325.5 35.0 47.0
0 1132.0 250.5 20.0 25.0
0 1135.5 230.0 21.0 24.0
0 1111.0 219.0 22.0 26.0
0 1140.5 196.0 21.0 22.0
