0 196.0 326.0 58.0 66.0
0 285.5 236.5 23.0 25.0
0 322.5 243.5 29.0 35.0
0 355.5 255.5 29.0 31.0
0 355.5 210.5 25.0 29.0
0 412.0 258.5 32.0 33.0
0 460.0 227.5 22.0 31.0
0 473.0 239.0 24.0 24.0
0 437.5 205.5 19.0 25.0
0 500.0 237.5 26.0 27.0
0 504.5 208.5 21.0 21.0
0 493.5 196.0 21.0 20.0
0 487.0 178.5 18.0 19.0
0 543.5 214.5 29.0 23.0
0 549.0 238.5 26.0 33.0
0 577.0 213.5 22.0 25.0
0 527.0 195.0 20.0 22.0
0 559.5 173.0 23.0 24.0
0 574.5 187.0 21.0 22.0
0 574.0 166.5 20.0 19.0
0 605.0 183.0 20.0 24.0
0 620.5 179.5 17.0 19.0
0 633.5 193.5 21.0 21.0
0 635.0 220.0 28.0 30.0
0 667.0 189.5 24.0 25.0
0 656.0 174.5 18.0 23.0
0 636.5 174.0 17.0 18.0
0 675.0 157.0 18.0 20.0
0 689.5 174.5 19.0 21.0
0 696.5 154.5 13.0 17.0
0 735.5 176.5 21.0 21.0
0 735.5 154.0 17.0 20.0
0 748.5 142.5 15.0 21.0
0 769.5 153.0 17.0 20.0
0 790.5 175.0 17.0 20.0
0 803.0 151.5 16.0 21.0
0 822.5 159.5 19.0 23.0
0 838.5 159.0 17.0 20.0
0 612.5 274.5 35.0 41.0
0 666.0 285.5 38.0 43.0
0 657.5 259.0 31.0 34.0
0 731.5 230.0 29.0 32.0
0 788.0 235.5 30.0 37.0
0 773.5 214.5 29.0 29.0
0 821.0 191.0 28.0 26.0
0 857.5 182.5 19.0 21.0
0 874.0 201.0 24.0 26.0
0 843.5 242.0 25.0 36.0
0 812.5 258.5 33.0 37.0
0 753.0 300.0 44.0 44.0
0 710.0 293.0 34.0 38.0
0 809.0 324.5 42.0 51.0
0 868.5 355.0 55.0 60.0
0 904.5 279.0 43.0 40.0
0 1017.0 358.5 46.0 53.0
0 960.0 281.0 36.0 38.0
0 987.5 259.0 25.0 30.0
0 988.0 237.5 22.0 25.0
0 999.5 214.5 21.0 23.0
0 986.5 196.5 23.0 27.0
0 934.0 198.0 24.0 26.0
0 915.0 190.0 16.0 22.0
0 905.0 179.0 14.0 16.0
0 907.0 157.0 18.0 20.0
0 944.0 178.5 20.0 25.0
0 953.5 165.5 21.0 27.0
0 988.5 173.0 17.0 20.0
0 1029.5 180.5 17.0 25.0
0 1043.5 201.5 17.0 29.0
0 1031.5 221.0 23.0 28.0
0 1049.0 183.0 16.0 22.0
0 1066.5 178.5 17.0 27.0
0 1096.0 203.0 22.0 28.0
0 1065.0 217.5 20.0 27.0
0 1074.0 247.0 26.0 34.0
0 1047.5 285.5 31.0 43.0
0 1029.0 319.5 36.0 41.0
0 1108.0 326.5 42.0 51.0
0 1115.5 278.5 31.0 43.0
0 1129.5 249.0 25.0 28.0
0 1127.0 227.5 22.0 25.0
0 1137.0 222.0 24.0 20.0
0 1143.5 199.0 19.0 22.0
