0 72.0 240.5 36.0 39.0
0 268.0 175.5 10.0 23.0
0 292.5 162.5 21.0 17.0
0 322.0 157.0 16.0 22.0
0 384.5 158.5 19.0 23.0
0 356.0 125.5 10.0 13.0
0 368.5 134.5 15.0 21.0
0 400.0 130.5 12.0 19.0
0 423.5 130.5 19.0 19.0
0 460.0 160.0 18.0 26.0
0 452.5 129.5 17.0 17.0
0 521.5 183.0 21.0 30.0
0 587.0 182.5 22.0 29.0
0 643.0 201.0 22.0 34.0
0 716.0 209.5 26.0 37.0
0 704.0 155.0 20.0 30.0
0 761.5 176.5 29.0 31.0
0 831.5 173.0 27.0 32.0
0 607.5 147.5 21.0 23.0
0 646.5 152.0 23.0 26.0
0 523.5 137.0 19.0 20.0
0 495.0 104.0 16.0 18.0
0 455.0 109.5 14.0 17.0
0 476.0 121.5 16.0 19.0
0 741.5 125.5 27.0 29.0
0 707.5 126.5 21.0 17.0
0 662.0 133.0 20.0 26.0
0 534.5 119.0 19.0 20.0
0 509.5 104.0 17.0 18.0
0 567.5 118.5 23.0 19.0
0 589.5 94.5 15.0 19.0
0 611.0 107.0 20.0 18.0
0 656.5 88.0 15.0 16.0
0 485.0 90.5 12.0 15.0
0 517.0 81.0 12.0 12.0
0 805.0 130.5 20.0 29.0
0 857.5 147.0 21.0 30.0
0 927.5 140.5 15.0 23.0
0 782.5 119.0 15.0 22.0
0 700.0 105.5 22.0 21.0
0 552.0 98.0 16.0 12.0
0 565.5 79.0 11.0 16.0
0 601.0 66.5 12.0 15.0
0 630.5 61.0 13.0 14.0
0 627.5 74.5 13.0 17.0
0 660.5 67.0 9.0 12.0
0 679.5 75.0 13.0 14.0
0 695.5 62.0 13.0 16.0
0 722.0 71.0 16.0 20.0
0 724.0 91.5 16.0 17.0
0 745.5 60.0 13.0 18.0
0 752.5 88.0 21.0 20.0
0 784.0 74.5 10.0 19.0
0 776.5 94.5 21.0 19.0
0 799.5 82.0 15.0 16.0
0 803.0 64.0 16.0 14.0
0 816.0 80.0 14.0 18.0
0 824.0 98.5 16.0 21.0
0 833.0 75.5 14.0 15.0
0 852.5 101.5 21.0 23.0
0 851.5 79.0 19.0 16.0
0 866.0 74.5 14.0 13.0
0 893.0 85.0 16.0 20.0
0 872.5 103.0 15.0 18.0
0 903.0 117.0 18.0 20.0
0 923.5 80.5 13.0 15.0
0 912.5 98.0 17.0 22.0
0 955.0 79.5 12.0 17.0
0 948.5 101.0 15.0 22.0
0 956.0 127.5 18.0 23.0
0 989.0 121.5 18.0 19.0
0 981.0 103.0 12.0 20.0
0 990.5 96.5 11.0 17.0
0 493.5 119.0 17.0 22.0
0 489.5 130.0 15.0 24.0
