0 170.5 288.0 51.0 60.0
0 373.0 119.5 20.0 23.0
0 415.5 127.0 19.0 20.0
0 372.0 138.0 18.0 20.0
0 403.5 161.0 25.0 24.0
0 476.0 133.5 22.0 25.0
0 431.5 96.0 21.0 20.0
0 505.5 83.5 17.0 21.0
0 529.5 76.5 15.0 17.0
0 554.0 73.5 14.0 17.0
0 587.0 77.0 14.0 18.0
0 605.0 73.0 12.0 20.0
0 583.0 107.0 20.0 20.0
0 494.5 201.0 33.0 34.0
0 543.0 192.5 26.0 31.0
0 640.0 147.5 28.0 39.0
0 678.0 130.0 24.0 34.0
0 727.0 155.0 34.0 44.0
0 698.0 213.0 36.0 42.0
0 812.0 161.0 34.0 40.0
0 893.5 77.0 17.0 18.0
0 858.5 177.5 33.0 39.0
0 936.0 178.5 30.0 37.0
0 930.5 50.0 19.0 24.0
0 958.5 92.0 13.0 20.0
