0 924.0 94.0 12.0 18.0
0 949.5 97.5 11.0 19.0
0 986.5 99.5 9.0 17.0
0 974.5 120.5 11.0 21.0
0 928.5 139.0 15.0 20.0
0 975.0 149.0 16.0 20.0
0 962.0 155.5 18.0 23.0
0 963.0 179.5 18.0 25.0
0 959.0 201.0 20.0 32.0
0 909.0 164.5 18.0 31.0
0 895.0 111.0 16.0 22.0
0 856.5 177.5 21.0 33.0
0 887.5 191.0 25.0 34.0
0 880.5 125.0 15.0 24.0
0 879.0 138.5 18.0 25.0
0 881.5 91.5 13.0 17.0
0 850.5 86.5 15.0 21.0
0 833.5 127.0 17.0 22.0
0 805.0 149.0 18.0 26.0
0 777.0 161.0 20.0 30.0
0 775.0 115.5 16.0 23.0
0 752.5 137.5 17.0 27.0
0 770.5 87.5 11.0 19.0
0 802.0 71.0 12.0 16.0
0 820.5 87.5 11.0 17.0
0 835.0 95.5 14.0 19.0
0 831.5 76.5 11.0 15.0
0 784.0 106.5 16.0 15.0
0 748.0 71.5 10.0 15.0
0 720.0 67.5 12.0 15.0
0 723.5 111.5 15.0 21.0
0 688.0 116.0 16.0 22.0
0 706.0 128.5 20.0 25.0
0 713.0 156.5 22.0 29.0
0 656.5 154.5 21.0 29.0
0 656.5 121.0 19.0 24.0
0 608.5 138.5 19.0 27.0
0 603.5 101.0 17.0 20.0
0 622.5 70.0 9.0 14.0
0 633.5 62.0 9.0 14.0
0 642.5 76.5 9.0 17.0
0 651.0 76.5 10.0 17.0
0 669.0 88.5 14.0 19.0
0 690.0 70.0 10.0 16.0
0 539.0 74.5 10.0 13.0
0 543.5 77.0 9.0 14.0
0 568.0 81.0 10.0 18.0
0 589.5 83.5 15.0 15.0
0 539.5 111.5 17.0 23.0
0 567.5 116.0 17.0 24.0
0 575.5 171.5 21.0 33.0
0 493.0 81.0 10.0 14.0
0 518.5 82.5 11.0 13.0
0 503.5 91.0 11.0 16.0
0 522.0 94.0 12.0 14.0
0 509.0 123.5 20.0 27.0
0 462.5 89.5 11.0 15.0
0 410.5 101.0 11.0 16.0
0 435.0 98.5 12.0 17.0
0 452.5 104.0 13.0 16.0
0 470.5 125.5 15.0 25.0
0 448.0 126.5 16.0 21.0
0 433.5 123.5 17.0 21.0
0 426.5 161.0 25.0 26.0
0 386.0 114.5 16.0 21.0
0 367.5 122.0 15.0 22.0
0 391.5 147.0 19.0 26.0
0 283.5 132.0 13.0 18.0
0 327.0 155.0 20.0 26.0
0 244.5 192.0 31.0 40.0
