0 1069.0 181.0 12.0 20.0
0 1099.0 206.5 16.0 23.0
0 1112.5 230.5 17.0 25.0
0 1123.0 222.5 14.0 21.0
0 1143.0 213.0 14.0 20.0
0 1142.5 245.5 19.0 27.0
0 1111.0 281.0 26.0 36.0
0 1108.5 319.0 33.0 42.0
0 1080.5 232.0 19.0 30.0
0 1075.5 253.5 23.0 33.0
0 1055.0 272.0 28.0 40.0
0 1038.0 309.5 34.0 39.0
0 1006.5 359.0 35.0 44.0
0 969.5 297.0 27.0 34.0
0 995.5 259.0 25.0 34.0
0 998.0 238.0 22.0 26.0
0 1004.5 217.0 21.0 26.0
0 995.5 192.0 15.0 20.0
0 1031.5 186.0 13.0 20.0
0 1032.5 219.0 17.0 26.0
0 1042.5 198.5 15.0 25.0
0 1052.5 195.0 15.0 22.0
0 924.0 167.0 14.0 20.0
0 933.5 186.5 15.0 19.0
0 946.0 201.5 16.0 23.0
0 957.5 173.0 15.0 20.0
0 969.0 181.0 16.0 22.0
0 911.0 180.5 16.0 25.0
0 862.5 177.5 15.0 21.0
0 892.0 205.0 16.0 22.0
0 865.0 210.0 22.0 26.0
0 900.5 286.5 31.0 37.0
0 847.5 250.0 23.0 30.0
0 793.5 242.0 23.0 30.0
0 808.5 260.0 33.0 38.0
0 823.0 316.5 38.0 45.0
0 868.0 340.5 44.0 51.0
0 832.5 193.0 21.0 24.0
0 827.5 153.5 13.0 19.0
0 831.0 165.0 14.0 18.0
0 853.0 159.5 14.0 17.0
0 773.0 151.5 14.0 17.0
0 747.5 148.5 13.0 17.0
0 687.5 162.5 13.0 17.0
0 709.5 164.0 11.0 16.0
0 717.5 183.5 15.0 21.0
0 735.0 161.0 14.0 18.0
0 736.0 179.5 14.0 21.0
0 787.0 163.5 14.0 23.0
0 785.5 176.5 13.0 21.0
0 776.5 212.0 19.0 24.0
0 740.5 234.5 23.0 33.0
0 754.5 257.0 27.0 40.0
0 668.5 193.0 21.0 24.0
0 690.5 204.0 19.0 26.0
0 630.0 191.5 20.0 21.0
0 636.0 176.0 14.0 20.0
0 627.0 226.5 24.0 29.0
0 661.5 269.5 27.0 33.0
0 676.5 287.0 35.0 36.0
0 502.0 195.5 16.0 21.0
0 504.0 214.5 16.0 23.0
0 551.5 188.5 15.0 21.0
0 577.0 173.0 12.0 18.0
0 585.0 192.0 14.0 22.0
0 581.0 216.0 16.0 24.0
0 534.5 221.0 19.0 28.0
0 551.0 243.0 26.0 30.0
0 475.5 236.5 19.0 25.0
0 501.5 242.5 19.0 31.0
0 485.5 182.0 13.0 18.0
0 440.5 212.5 17.0 23.0
0 416.0 255.0 26.0 34.0
0 442.0 238.0 16.0 20.0
0 574.0 292.0 32.0 40.0
0 41.5 285.5 25.0 29.0
0 288.0 243.0 16.0 24.0
0 321.0 268.5 20.0 29.0
0 358.5 260.5 21.0 29.0
0 359.0 217.5 18.0 25.0
