0 135.0 202.0 42.0 40.0
0 315.0 137.0 18.0 20.0
0 320.5 122.5 17.0 21.0
0 363.0 114.0 18.0 20.0
0 364.0 105.0 14.0 20.0
0 384.5 115.0 19.0 24.0
0 373.0 130.0 20.0 20.0
0 387.5 139.0 21.0 24.0
0 419.5 133.5 21.0 25.0
0 426.5 113.5 17.0 23.0
0 428.0 91.5 16.0 15.0
0 441.5 132.5 19.0 25.0
0 457.5 128.0 17.0 26.0
0 561.5 168.0 31.0 36.0
0 604.5 133.0 23.0 26.0
0 638.5 125.5 21.0 21.0
0 650.0 137.5 28.0 31.0
0 576.5 104.0 21.0 18.0
0 606.0 96.5 16.0 21.0
0 612.0 88.5 18.0 21.0
0 639.0 85.5 16.0 17.0
0 644.0 74.0 16.0 16.0
0 655.0 184.5 26.0 35.0
0 720.0 178.0 32.0 34.0
0 707.0 143.5 24.0 31.0
0 688.5 100.0 19.0 20.0
0 722.0 87.5 14.0 19.0
0 778.0 208.0 30.0 42.0
0 770.5 166.5 23.0 35.0
0 737.5 126.0 23.0 28.0
0 738.0 105.0 18.0 24.0
0 753.5 82.0 15.0 20.0
0 773.0 78.0 14.0 16.0
0 778.5 89.5 15.0 21.0
0 767.0 98.0 16.0 20.0
0 781.5 107.5 19.0 21.0
0 794.5 129.5 21.0 25.0
0 819.0 117.5 20.0 21.0
0 817.5 78.5 15.0 19.0
0 835.0 91.0 16.0 22.0
0 843.0 144.5 20.0 29.0
0 862.5 191.0 27.0 36.0
0 804.0 178.5 30.0 33.0
0 849.5 240.5 31.0 39.0
0 932.0 261.0 38.0 46.0
0 950.5 191.0 27.0 34.0
0 898.5 160.5 23.0 27.0
0 920.0 130.5 18.0 25.0
0 953.5 162.0 19.0 36.0
0 961.0 129.0 18.0 28.0
0 458.0 92.0 18.0 18.0
0 467.5 93.5 17.0 21.0
0 494.0 107.5 18.0 21.0
0 500.0 123.5 22.0 25.0
0 527.0 107.5 18.0 23.0
0 485.0 78.5 14.0 15.0
0 496.0 80.0 12.0 14.0
0 503.5 83.0 13.0 14.0
0 509.0 86.5 12.0 19.0
0 526.0 84.5 14.0 15.0
0 522.0 69.0 12.0 14.0
0 543.0 72.5 14.0 15.0
0 543.5 94.5 15.0 21.0
0 567.5 82.5 11.0 17.0
0 573.0 71.0 14.0 16.0
0 573.0 94.5 14.0 21.0
0 598.5 83.0 15.0 20.0
0 597.5 70.0 11.0 16.0
0 604.5 66.0 13.0 16.0
0 627.5 69.0 17.0 18.0
0 632.5 65.0 13.0 18.0
0 659.5 62.5 13.0 17.0
0 666.0 76.0 16.0 18.0
0 681.0 66.5 14.0 17.0
0 695.5 59.5 13.0 15.0
0 709.5 71.0 15.0 16.0
0 736.0 68.5 12.0 15.0
