0 144.0 287.5 56.0 69.0
0 277.0 168.0 18.0 22.0
0 292.5 161.0 19.0 22.0
0 312.0 167.5 18.0 21.0
0 328.5 148.0 21.0 22.0
0 340.5 168.5 21.0 25.0
0 371.0 168.0 22.0 22.0
0 433.5 174.0 27.0 32.0
0 341.5 133.0 19.0 20.0
0 363.5 140.0 17.0 20.0
0 389.5 130.0 17.0 18.0
0 400.5 127.5 19.0 23.0
0 419.0 118.5 18.0 21.0
0 439.5 136.0 23.0 22.0
0 474.0 131.5 22.0 25.0
0 499.0 139.0 24.0 28.0
0 484.5 114.0 21.0 22.0
0 465.5 112.5 17.0 17.0
0 444.0 101.5 14.0 17.0
0 480.0 93.0 16.0 18.0
0 515.0 96.5 16.0 19.0
0 513.5 83.5 13.0 15.0
0 548.0 109.5 20.0 21.0
0 578.0 115.0 22.0 22.0
0 596.5 90.5 17.0 21.0
0 571.5 81.5 17.0 19.0
0 522.5 76.0 13.0 12.0
0 603.5 68.5 13.0 15.0
0 619.0 93.0 18.0 22.0
0 631.0 84.5 16.0 19.0
0 628.5 74.0 13.0 14.0
0 640.0 55.5 16.0 19.0
0 657.0 73.5 16.0 19.0
0 670.5 84.0 17.0 22.0
0 673.5 59.0 13.0 14.0
0 701.5 57.5 15.0 19.0
0 696.0 67.5 14.0 19.0
0 723.0 65.5 16.0 21.0
0 604.0 150.0 22.0 28.0
0 523.0 186.0 30.0 38.0
0 580.5 188.5 33.0 37.0
0 630.5 223.0 31.0 40.0
0 724.0 202.0 36.0 40.0
0 661.0 147.0 28.0 28.0
0 655.0 126.0 22.0 24.0
0 696.5 102.5 21.0 25.0
0 714.5 114.5 23.0 27.0
0 712.5 156.5 25.0 35.0
0 751.0 132.0 26.0 30.0
0 749.5 107.5 21.0 19.0
0 734.0 92.0 20.0 24.0
0 757.5 81.0 15.0 20.0
0 781.5 169.0 27.0 36.0
0 807.5 147.5 25.0 29.0
0 783.0 115.5 24.0 33.0
0 798.0 96.0 16.0 20.0
0 800.0 77.5 16.0 21.0
0 786.5 68.0 15.0 22.0
0 805.5 67.0 15.0 18.0
0 823.0 75.5 16.0 19.0
0 832.5 70.5 15.0 21.0
0 856.0 80.0 16.0 18.0
0 835.0 93.0 16.0 20.0
0 855.5 106.0 19.0 24.0
0 877.5 98.5 17.0 21.0
0 860.5 68.5 13.0 15.0
0 893.0 81.0 18.0 20.0
0 907.5 112.0 19.0 26.0
0 843.0 163.0 30.0 36.0
0 880.0 150.5 22.0 33.0
0 937.0 131.5 20.0 29.0
0 993.0 173.0 26.0 34.0
0 952.5 114.5 19.0 27.0
0 926.5 91.0 15.0 22.0
0 957.0 95.0 14.0 20.0
0 963.0 82.0 16.0 18.0
0 994.0 118.0 20.0 26.0
0 994.5 97.5 17.0 19.0
