0 55.0 219.5 20.0 29.0
0 263.0 152.5 14.0 17.0
0 289.5 159.5 11.0 13.0
0 280.0 157.5 10.0 15.0
0 307.0 157.5 18.0 21.0
0 336.0 155.5 18.0 27.0
0 355.5 159.0 19.0 24.0
0 341.5 130.5 17.0 19.0
0 370.0 135.5 16.0 21.0
0 375.5 121.5 15.0 17.0
0 387.0 117.0 16.0 18.0
0 409.0 112.0 14.0 18.0
0 426.5 117.0 17.0 22.0
0 405.0 136.5 20.0 21.0
0 392.5 160.0 21.0 26.0
0 415.0 168.5 22.0 27.0
0 460.0 138.0 22.0 26.0
0 501.5 137.5 23.0 27.0
0 477.0 115.5 18.0 21.0
0 472.5 96.5 21.0 17.0
0 491.5 82.5 15.0 19.0
0 511.5 79.5 13.0 15.0
0 525.5 99.0 17.0 22.0
0 514.5 113.0 19.0 22.0
0 557.5 123.0 21.0 26.0
0 563.0 98.0 18.0 22.0
0 579.5 94.5 15.0 19.0
0 596.5 105.0 17.0 22.0
0 606.5 129.5 23.0 33.0
0 603.0 70.5 14.0 17.0
0 616.5 83.0 13.0 18.0
0 625.0 73.0 10.0 18.0
0 648.0 84.0 12.0 18.0
0 676.5 79.0 13.0 16.0
0 674.5 68.5 11.0 11.0
0 652.0 69.0 12.0 14.0
0 718.0 70.0 14.0 18.0
0 600.0 170.0 32.0 38.0
0 510.5 183.0 33.0 38.0
0 660.5 192.5 31.0 39.0
0 660.0 142.0 26.0 36.0
0 672.0 122.5 20.0 23.0
0 694.0 123.0 24.0 26.0
0 728.5 113.0 21.0 32.0
0 723.5 90.0 17.0 20.0
0 752.5 90.5 17.0 25.0
0 761.0 100.0 16.0 22.0
0 773.0 109.5 20.0 27.0
0 756.0 130.0 24.0 30.0
0 766.0 176.0 32.0 34.0
0 816.0 176.5 28.0 31.0
0 803.5 132.5 25.0 29.0
0 822.5 121.0 25.0 24.0
0 808.0 102.0 22.0 20.0
0 790.5 82.5 17.0 21.0
0 776.0 76.0 12.0 16.0
0 809.5 80.0 19.0 22.0
0 833.0 86.0 18.0 20.0
0 853.5 82.5 15.0 17.0
0 865.0 97.0 20.0 24.0
0 886.5 86.0 17.0 22.0
0 904.0 97.5 14.0 21.0
0 894.0 115.5 20.0 25.0
0 877.5 128.0 23.0 24.0
0 893.0 183.5 34.0 37.0
0 905.5 159.5 23.0 29.0
0 934.0 110.5 16.0 21.0
0 944.0 92.5 14.0 17.0
0 947.5 108.5 15.0 19.0
0 977.0 143.5 20.0 29.0
0 995.0 156.5 26.0 33.0
