0 104.5 167.0 21.0 26.0
0 158.5 162.0 25.0 24.0
0 209.0 275.5 62.0 53.0
0 331.0 136.5 20.0 27.0
0 347.0 138.0 20.0 26.0
0 367.0 136.0 26.0 30.0
0 401.5 127.0 23.0 28.0
0 401.0 143.0 22.0 26.0
0 421.0 118.5 18.0 23.0
0 450.0 129.0 24.0 26.0
0 478.0 127.0 24.0 30.0
0 515.5 114.5 25.0 25.0
0 619.0 35.0 14.0 22.0
0 663.5 70.0 29.0 32.0
0 710.0 87.5 22.0 25.0
0 719.0 72.0 18.0 16.0
0 719.0 40.0 20.0 18.0
0 651.0 45.5 16.0 19.0
0 803.5 49.0 15.0 20.0
0 812.5 38.5 13.0 21.0
0 824.0 43.5 12.0 21.0
0 820.5 76.0 23.0 24.0
0 857.0 55.0 16.0 24.0
0 903.0 154.5 26.0 31.0
0 974.0 157.5 20.0 25.0
0 1006.5 149.0 23.0 30.0
0 950.5 114.5 19.0 25.0
0 1028.5 114.5 15.0 25.0
