0 205.5 268.0 43.0 38.0
0 309.5 133.0 21.0 18.0
0 324.0 144.0 20.0 24.0
0 342.5 139.5 19.0 21.0
0 346.0 114.0 16.0 20.0
0 357.5 115.5 19.0 23.0
0 382.0 115.0 20.0 20.0
0 373.0 132.5 22.0 23.0
0 393.0 166.0 22.0 24.0
0 459.5 144.5 21.0 21.0
0 408.0 122.0 20.0 20.0
0 432.0 109.5 18.0 17.0
0 437.0 92.5 16.0 19.0
0 457.5 102.0 19.0 20.0
0 469.0 90.0 16.0 16.0
0 495.5 99.5 17.0 19.0
0 505.0 85.5 14.0 17.0
0 513.5 79.5 17.0 15.0
0 533.0 72.0 12.0 16.0
0 555.0 71.5 14.0 15.0
0 570.5 76.0 15.0 16.0
0 532.5 82.5 17.0 17.0
0 548.0 85.0 16.0 16.0
0 585.5 94.5 17.0 19.0
0 610.5 99.0 17.0 20.0
0 611.5 74.0 15.0 14.0
0 613.0 69.0 12.0 14.0
0 640.5 71.0 13.0 18.0
0 646.5 92.0 15.0 20.0
0 681.5 81.0 15.0 16.0
0 693.5 69.0 13.0 14.0
0 703.0 59.0 10.0 16.0
0 724.0 61.5 12.0 15.0
0 741.5 63.0 15.0 16.0
0 581.5 114.5 21.0 23.0
0 530.0 113.0 18.0 18.0
0 502.5 134.0 21.0 26.0
0 448.0 124.0 20.0 16.0
0 465.0 126.0 18.0 18.0
0 532.5 167.5 23.0 31.0
0 570.0 171.0 28.0 34.0
0 596.0 150.0 24.0 26.0
0 658.5 147.5 19.0 29.0
0 664.0 123.5 18.0 21.0
0 715.5 109.5 21.0 21.0
0 734.5 91.5 15.0 19.0
0 763.0 87.5 16.0 21.0
0 800.0 78.0 16.0 18.0
0 823.5 80.0 17.0 16.0
0 822.0 93.5 20.0 19.0
0 849.0 91.0 20.0 22.0
0 791.0 103.0 16.0 22.0
0 780.0 118.5 18.0 19.0
0 739.5 115.0 21.0 24.0
0 750.0 135.5 18.0 23.0
0 709.5 158.5 25.0 27.0
0 760.0 166.5 26.0 29.0
0 694.0 213.5 36.0 35.0
0 623.0 203.5 28.0 37.0
0 783.0 230.5 28.0 35.0
0 823.0 185.5 22.0 29.0
0 806.0 144.0 22.0 26.0
0 844.0 147.0 18.0 24.0
0 845.0 119.5 16.0 23.0
0 920.5 131.5 17.0 21.0
0 970.0 140.5 16.0 21.0
0 905.5 165.0 23.0 28.0
0 877.0 187.0 22.0 30.0
0 859.0 237.0 30.0 36.0
0 896.5 233.0 31.0 42.0
0 954.5 200.0 25.0 40.0
0 970.0 175.0 24.0 26.0
0 654.0 76.0 16.0 16.0
