0 231.0 218.0 48.0 60.0
0 311.5 155.0 19.0 20.0
0 375.5 136.5 17.0 19.0
0 463.5 170.0 23.0 24.0
0 374.5 165.0 25.0 26.0
0 416.0 134.5 18.0 17.0
0 417.5 119.5 21.0 17.0
0 455.5 134.0 17.0 22.0
0 477.0 140.0 18.0 22.0
0 459.0 106.0 14.0 22.0
0 485.0 92.5 14.0 17.0
0 503.0 122.0 18.0 18.0
0 479.0 119.5 16.0 17.0
0 520.0 101.0 14.0 14.0
0 540.5 104.0 13.0 16.0
0 556.0 89.5 14.0 17.0
0 523.0 83.0 10.0 14.0
0 536.5 124.5 15.0 17.0
0 574.0 124.5 18.0 17.0
0 589.5 102.0 15.0 22.0
0 609.0 100.5 14.0 19.0
0 578.5 80.5 11.0 13.0
0 600.5 76.0 11.0 16.0
0 622.5 94.5 19.0 23.0
0 631.0 37.5 12.0 13.0
0 685.0 37.0 10.0 12.0
0 736.0 35.5 14.0 17.0
0 661.5 72.5 11.0 13.0
0 654.5 83.0 11.0 14.0
0 518.5 197.5 25.0 23.0
0 594.5 178.5 23.0 31.0
0 610.0 158.5 18.0 21.0
0 655.5 156.0 19.0 28.0
0 661.0 130.0 20.0 24.0
0 660.0 197.5 32.0 37.0
0 727.5 199.5 25.0 33.0
0 714.0 163.0 22.0 30.0
0 766.5 175.5 25.0 29.0
0 834.0 192.5 28.0 29.0
0 723.0 132.0 22.0 20.0
0 767.5 133.0 21.0 22.0
0 751.5 114.5 15.0 19.0
0 732.5 100.0 15.0 20.0
0 742.5 68.5 11.0 19.0
0 761.0 89.0 16.0 20.0
0 788.0 104.0 18.0 18.0
0 791.0 80.5 14.0 17.0
0 810.5 92.5 13.0 19.0
0 812.0 72.0 12.0 14.0
0 819.5 41.0 13.0 16.0
0 893.0 44.5 16.0 19.0
0 859.0 81.5 12.0 19.0
0 834.0 77.5 12.0 15.0
0 804.5 115.5 25.0 25.0
0 861.0 114.5 16.0 23.0
0 880.0 104.5 14.0 21.0
0 912.5 117.0 17.0 24.0
0 939.0 138.0 22.0 30.0
0 950.5 121.0 15.0 22.0
0 989.0 113.5 16.0 23.0
0 976.0 82.0 12.0 20.0
0 934.5 78.5 15.0 17.0
0 495.0 100.0 16.0 20.0
