0 97.0 280.5 30.0 43.0
0 307.5 162.0 15.0 20.0
0 297.5 146.5 15.0 21.0
0 330.0 152.5 16.0 17.0
0 356.5 156.0 17.0 22.0
0 343.0 132.0 14.0 20.0
0 356.0 133.5 14.0 17.0
0 378.5 140.0 15.0 20.0
0 389.5 151.0 19.0 24.0
0 403.0 138.5 16.0 19.0
0 399.0 117.5 14.0 21.0
0 413.0 113.5 14.0 17.0
0 447.0 116.5 14.0 17.0
0 418.0 160.0 20.0 20.0
0 453.5 157.0 19.0 26.0
0 463.5 138.0 21.0 20.0
0 495.5 142.0 19.0 28.0
0 512.5 121.5 23.0 17.0
0 472.0 109.0 16.0 16.0
0 485.5 115.0 15.0 14.0
0 496.0 89.5 14.0 15.0
0 534.0 104.0 16.0 20.0
0 510.5 81.5 13.0 13.0
0 577.0 112.0 22.0 22.0
0 572.0 97.5 14.0 17.0
0 584.5 93.0 13.0 16.0
0 605.5 105.0 17.0 18.0
0 602.5 77.0 15.0 22.0
0 645.0 93.0 18.0 16.0
0 629.5 77.5 15.0 17.0
0 652.0 78.5 18.0 15.0
0 674.0 85.0 16.0 18.0
0 682.5 75.0 11.0 16.0
0 707.5 75.0 11.0 16.0
0 519.0 184.5 28.0 33.0
0 578.5 186.5 29.0 37.0
0 646.0 192.5 36.0 35.0
0 614.0 134.0 20.0 26.0
0 643.5 121.0 23.0 26.0
0 694.0 133.0 20.0 26.0
0 691.5 161.5 23.0 29.0
0 654.0 164.5 32.0 27.0
0 761.0 172.0 26.0 26.0
0 745.0 142.0 26.0 26.0
0 712.0 112.0 18.0 20.0
0 734.0 117.0 16.0 22.0
0 735.5 102.0 13.0 18.0
0 755.0 101.5 18.0 19.0
0 753.5 86.0 13.0 16.0
0 781.5 120.5 17.0 25.0
0 803.5 142.5 25.0 25.0
0 821.0 166.5 28.0 33.0
0 890.5 198.5 27.0 35.0
0 922.0 143.0 26.0 30.0
0 981.0 157.5 20.0 27.0
0 978.0 135.5 16.0 21.0
0 949.5 124.0 17.0 20.0
0 951.5 107.0 17.0 18.0
0 952.5 89.5 15.0 17.0
0 908.5 99.5 15.0 17.0
0 900.5 116.5 17.0 23.0
0 881.5 124.0 19.0 26.0
0 845.5 105.5 19.0 23.0
0 823.0 125.0 22.0 24.0
0 814.0 104.5 16.0 19.0
0 830.5 87.5 17.0 15.0
0 856.5 81.0 13.0 18.0
0 879.5 83.5 15.0 19.0
0 812.5 77.5 17.0 19.0
0 796.0 90.0 16.0 18.0
0 791.5 74.5 15.0 15.0
