0 197.5 271.5 59.0 65.0
0 296.5 149.0 15.0 18.0
0 325.5 145.5 21.0 21.0
0 313.5 165.5 19.0 23.0
0 363.0 165.0 18.0 22.0
0 399.0 172.5 22.0 23.0
0 400.5 143.0 21.0 22.0
0 470.0 141.5 26.0 27.0
0 496.5 140.5 27.0 29.0
0 405.5 111.0 17.0 20.0
0 432.5 114.5 17.0 17.0
0 450.5 110.5 17.0 23.0
0 459.0 105.5 14.0 21.0
0 478.5 112.0 15.0 22.0
0 497.0 117.5 20.0 23.0
0 494.5 94.5 13.0 19.0
0 517.0 91.0 14.0 20.0
0 522.5 100.5 11.0 13.0
0 526.0 118.0 22.0 24.0
0 546.0 106.5 20.0 27.0
0 560.0 125.5 22.0 23.0
0 542.0 78.5 12.0 13.0
0 557.0 86.0 14.0 16.0
0 574.5 72.5 19.0 15.0
0 598.0 80.5 20.0 17.0
0 588.5 104.5 17.0 19.0
0 601.5 106.0 19.0 20.0
0 624.0 87.5 18.0 19.0
0 631.5 71.5 15.0 13.0
0 634.5 62.0 15.0 14.0
0 648.5 90.0 19.0 22.0
0 666.5 63.0 13.0 14.0
0 675.5 65.5 15.0 13.0
0 692.5 83.0 17.0 14.0
0 694.5 71.0 15.0 12.0
0 715.5 67.0 15.0 16.0
0 749.0 61.5 12.0 15.0
0 538.0 217.5 34.0 35.0
0 606.0 183.5 26.0 35.0
0 603.5 152.5 25.0 27.0
0 663.0 154.0 22.0 30.0
0 686.5 175.0 29.0 34.0
0 732.5 192.0 31.0 38.0
0 679.5 128.5 25.0 27.0
0 710.5 128.5 25.0 29.0
0 713.5 105.0 21.0 22.0
0 748.0 112.5 20.0 23.0
0 744.0 91.5 16.0 21.0
0 781.5 118.5 25.0 27.0
0 786.0 149.5 28.0 33.0
0 760.0 141.5 28.0 31.0
0 808.0 133.0 26.0 30.0
0 828.5 128.0 23.0 32.0
0 804.5 197.5 39.0 43.0
0 833.5 171.0 29.0 38.0
0 870.0 146.0 20.0 28.0
0 790.5 69.0 19.0 22.0
0 810.0 87.5 20.0 23.0
0 825.5 79.5 15.0 19.0
0 839.5 85.0 17.0 22.0
0 859.0 88.0 18.0 22.0
0 889.5 87.0 15.0 18.0
0 894.0 76.0 16.0 20.0
0 912.5 98.0 17.0 26.0
0 921.5 93.5 15.0 19.0
0 929.5 82.5 15.0 15.0
0 889.5 130.0 27.0 26.0
0 920.0 152.5 22.0 29.0
0 905.0 183.0 32.0 40.0
0 855.5 253.5 37.0 45.0
0 972.5 217.5 33.0 45.0
0 985.5 190.0 29.0 32.0
0 979.0 159.0 28.0 28.0
0 944.5 125.5 19.0 21.0
0 960.0 101.5 18.0 21.0
0 993.5 129.5 19.0 23.0
0 992.5 159.0 21.0 28.0
0 994.5 96.0 13.0 16.0
