0 572.0 136.0 34.0 34.0
0 242.5 92.5 13.0 11.0
0 278.5 86.5 13.0 13.0
0 281.5 77.0 13.0 14.0
0 309.5 76.5 15.0 13.0
0 327.5 77.0 13.0 12.0
0 331.0 68.0 12.0 12.0
0 327.5 62.0 13.0 10.0
0 348.5 94.0 17.0 20.0
0 353.0 72.0 12.0 14.0
0 354.5 58.0 9.0 10.0
0 373.0 60.5 12.0 11.0
0 371.0 76.5 14.0 17.0
0 377.0 82.5 12.0 17.0
0 376.0 53.5 8.0 11.0
0 397.5 55.0 9.0 10.0
0 394.0 72.5 12.0 13.0
0 378.5 70.5 11.0 13.0
0 406.5 79.5 13.0 13.0
0 417.0 82.0 14.0 18.0
0 430.5 102.0 21.0 26.0
0 434.5 80.0 11.0 14.0
0 404.5 65.5 13.0 15.0
0 415.0 51.0 10.0 12.0
0 426.0 60.0 8.0 12.0
0 433.0 62.5 10.0 13.0
0 436.5 55.0 11.0 14.0
0 446.5 60.0 13.0 14.0
0 459.0 47.0 10.0 10.0
0 470.5 57.0 9.0 10.0
0 466.5 65.0 11.0 10.0
0 465.0 73.0 12.0 16.0
0 443.5 72.5 11.0 11.0
0 464.5 91.5 15.0 17.0
0 491.5 83.0 15.0 18.0
0 498.5 98.0 17.0 20.0
0 493.5 52.5 7.0 9.0
0 499.0 59.5 10.0 11.0
0 506.0 48.5 8.0 13.0
0 512.5 63.0 11.0 10.0
0 527.0 52.5 10.0 13.0
0 520.5 76.5 11.0 13.0
0 521.0 104.0 20.0 18.0
0 533.5 82.5 13.0 17.0
0 542.0 63.0 12.0 14.0
0 555.0 64.5 10.0 13.0
0 570.5 60.0 11.0 12.0
0 583.5 65.0 11.0 14.0
0 595.5 60.5 9.0 11.0
0 622.0 58.0 12.0 12.0
0 638.5 61.0 9.0 14.0
0 653.0 67.5 10.0 13.0
0 606.5 69.5 11.0 13.0
0 592.0 72.5 12.0 13.0
0 576.0 80.0 14.0 14.0
0 552.0 76.0 14.0 14.0
0 598.5 89.0 13.0 16.0
0 607.0 86.5 12.0 17.0
0 625.5 77.5 11.0 15.0
0 640.5 89.0 11.0 16.0
0 661.5 100.0 13.0 16.0
0 658.5 116.0 15.0 20.0
0 682.5 108.0 15.0 20.0
0 688.0 77.0 12.0 14.0
0 701.0 81.5 10.0 15.0
0 700.5 97.5 13.0 19.0
0 710.5 76.5 11.0 15.0
