0 45.0 236.0 36.0 36.0
0 276.5 171.5 19.0 19.0
0 320.5 154.5 17.0 21.0
0 341.5 165.5 19.0 21.0
0 368.0 161.0 18.0 20.0
0 457.0 166.0 22.0 26.0
0 335.0 139.5 14.0 15.0
0 379.5 137.5 19.0 17.0
0 368.5 132.0 15.0 18.0
0 406.0 132.5 16.0 19.0
0 422.0 116.0 16.0 16.0
0 439.0 103.5 10.0 13.0
0 451.5 115.0 11.0 18.0
0 451.0 130.0 14.0 20.0
0 477.5 131.5 21.0 25.0
0 509.5 134.0 19.0 22.0
0 498.0 112.0 14.0 14.0
0 523.5 124.0 17.0 20.0
0 555.0 126.0 20.0 20.0
0 510.5 102.0 15.0 16.0
0 484.5 86.5 15.0 13.0
0 523.0 76.5 14.0 11.0
0 575.5 99.5 19.0 23.0
0 571.5 80.0 15.0 18.0
0 601.0 82.5 14.0 17.0
0 615.5 106.5 17.0 19.0
0 614.5 92.5 13.0 15.0
0 598.0 68.0 14.0 10.0
0 629.5 70.5 13.0 15.0
0 638.0 81.5 12.0 15.0
0 668.0 88.0 14.0 16.0
0 632.5 58.0 11.0 14.0
0 664.0 71.5 12.0 9.0
0 671.0 60.0 12.0 12.0
0 685.5 73.0 13.0 14.0
0 698.0 59.5 10.0 15.0
0 719.5 71.0 13.0 14.0
0 730.0 61.0 16.0 16.0
0 536.5 171.5 25.0 33.0
0 588.0 176.0 26.0 32.0
0 620.0 218.5 32.0 33.0
0 728.0 201.0 32.0 36.0
0 611.5 145.0 21.0 28.0
0 650.5 160.5 29.0 29.0
0 638.5 137.5 17.0 21.0
0 704.0 123.5 20.0 23.0
0 690.5 106.0 15.0 18.0
0 747.0 111.5 20.0 25.0
0 740.0 88.0 14.0 18.0
0 772.0 81.5 16.0 19.0
0 783.0 68.5 14.0 19.0
0 805.5 78.0 15.0 20.0
0 802.0 65.5 12.0 15.0
0 823.0 79.0 12.0 18.0
0 834.5 74.0 11.0 20.0
0 851.0 80.0 12.0 18.0
0 866.0 81.0 10.0 12.0
0 707.5 154.0 21.0 26.0
0 760.5 169.5 27.0 29.0
0 792.0 121.5 18.0 17.0
0 796.0 101.5 16.0 21.0
0 802.5 147.0 23.0 32.0
0 833.0 176.5 24.0 31.0
0 876.5 150.0 25.0 30.0
0 860.0 111.0 18.0 20.0
0 816.5 104.0 17.0 16.0
0 873.5 99.5 13.0 17.0
0 902.0 113.5 16.0 25.0
0 893.0 89.0 14.0 18.0
0 921.0 75.0 14.0 16.0
0 925.0 100.5 14.0 17.0
0 928.5 140.5 15.0 19.0
0 985.5 171.5 25.0 35.0
0 956.5 118.0 17.0 24.0
0 960.0 78.5 14.0 21.0
0 993.0 113.0 12.0 20.0
0 991.5 93.5 13.0 15.0
0 956.5 101.0 13.0 12.0
