0 817.5 239.0 45.0 68.0
0 816.5 168.0 25.0 32.0
0 949.5 231.0 39.0 56.0
0 1025.5 160.0 33.0 40.0
0 943.0 186.5 24.0 35.0
0 920.0 139.5 16.0 25.0
0 928.5 114.0 13.0 20.0
0 965.5 114.0 15.0 20.0
0 951.0 141.5 16.0 23.0
0 951.5 160.5 19.0 33.0
0 760.5 85.0 15.0 20.0
0 750.5 127.5 19.0 27.0
0 693.0 127.5 18.0 25.0
0 656.0 133.0 24.0 30.0
0 681.5 62.0 11.0 14.0
0 645.5 63.0 9.0 14.0
0 604.0 65.0 10.0 12.0
0 622.0 72.0 18.0 22.0
0 556.0 88.5 14.0 21.0
0 581.5 102.5 19.0 25.0
0 433.5 90.5 11.0 15.0
0 467.5 86.0 13.0 18.0
0 496.0 84.5 14.0 19.0
0 510.5 93.0 15.0 20.0
0 490.0 107.0 14.0 20.0
0 468.0 120.0 18.0 24.0
0 432.5 122.0 19.0 24.0
0 409.5 115.0 17.0 22.0
0 355.5 123.0 17.0 26.0
0 382.0 132.0 18.0 24.0
0 405.0 142.5 18.0 25.0
0 268.0 126.0 20.0 30.0
0 214.0 135.5 20.0 29.0
0 130.0 257.0 54.0 64.0
