0 962.0 216.5 28.0 41.0
0 990.0 157.0 20.0 28.0
0 998.5 180.5 23.0 33.0
0 999.5 121.5 13.0 21.0
0 1003.5 95.0 9.0 14.0
0 966.0 103.0 16.0 22.0
0 953.5 123.0 15.0 26.0
0 933.0 155.0 20.0 26.0
0 900.5 186.0 23.0 36.0
0 868.5 245.0 37.0 40.0
0 904.5 74.0 11.0 16.0
0 902.5 86.0 15.0 18.0
0 919.5 101.5 17.0 23.0
0 934.5 78.0 9.0 16.0
0 931.5 89.0 11.0 16.0
0 897.5 121.5 17.0 25.0
0 877.5 142.0 17.0 22.0
0 881.0 97.5 14.0 17.0
0 853.0 162.5 22.0 31.0
0 814.0 197.5 28.0 37.0
0 778.5 155.5 25.0 33.0
0 748.5 201.5 29.0 37.0
0 787.0 117.5 18.0 25.0
0 792.0 106.0 16.0 18.0
0 818.5 129.0 19.0 28.0
0 839.0 120.5 18.0 25.0
0 834.5 77.5 13.0 17.0
0 843.0 94.0 16.0 22.0
0 759.0 62.0 12.0 14.0
0 732.0 63.0 12.0 16.0
0 796.0 74.0 14.0 16.0
0 818.0 87.0 14.0 18.0
0 723.5 101.0 15.0 24.0
0 752.5 110.5 19.0 25.0
0 645.5 61.0 9.0 10.0
0 635.0 69.5 10.0 11.0
0 614.0 65.0 10.0 12.0
0 674.5 59.0 9.0 12.0
0 683.0 66.5 10.0 13.0
0 669.5 90.0 13.0 18.0
0 702.5 81.0 13.0 14.0
0 629.5 102.0 17.0 20.0
0 576.5 80.0 13.0 16.0
0 595.0 108.0 16.0 20.0
0 637.0 85.5 14.0 17.0
0 562.0 91.0 14.0 16.0
0 556.0 107.5 16.0 19.0
0 582.0 114.0 18.0 22.0
0 522.5 100.5 13.0 17.0
0 495.5 110.0 17.0 20.0
0 514.0 111.5 18.0 23.0
0 538.0 116.5 18.0 25.0
0 481.0 133.5 18.0 23.0
0 513.5 138.0 21.0 28.0
0 468.0 104.0 10.0 14.0
0 458.5 107.0 13.0 16.0
0 440.0 116.0 14.0 16.0
0 398.0 117.5 14.0 17.0
0 410.0 129.0 14.0 22.0
0 430.0 136.0 16.0 18.0
0 295.5 153.0 11.0 16.0
0 306.0 154.0 14.0 20.0
0 324.0 161.5 16.0 21.0
0 372.0 163.0 14.0 22.0
0 406.0 170.0 18.0 24.0
0 120.5 330.5 57.0 67.0
0 548.0 179.0 24.0 30.0
0 602.5 159.0 17.0 24.0
0 611.5 183.5 25.0 31.0
0 657.5 193.0 27.0 32.0
0 683.5 122.5 15.0 21.0
0 677.5 154.0 21.0 28.0
0 714.0 132.0 18.0 26.0
0 514.0 88.0 10.0 12.0
0 553.0 75.5 8.0 11.0
