0 223.5 259.5 63.0 57.0
0 281.0 159.0 24.0 30.0
0 309.0 161.5 22.0 25.0
0 339.0 132.5 18.0 17.0
0 344.0 149.5 22.0 23.0
0 375.5 154.5 23.0 33.0
0 386.0 127.0 16.0 24.0
0 410.5 112.0 17.0 18.0
0 419.0 181.0 28.0 24.0
0 429.0 134.0 20.0 22.0
0 443.5 112.5 19.0 17.0
0 482.0 91.0 20.0 20.0
0 472.0 126.5 24.0 17.0
0 521.5 85.0 17.0 20.0
0 507.0 119.0 16.0 22.0
0 530.0 96.5 16.0 23.0
0 549.0 90.5 18.0 19.0
0 502.5 144.5 29.0 23.0
0 417.5 163.5 29.0 21.0
0 566.0 131.0 24.0 24.0
0 589.5 99.5 21.0 23.0
0 568.5 102.5 19.0 15.0
0 603.5 74.0 21.0 22.0
0 610.5 103.0 17.0 20.0
0 628.0 101.5 22.0 23.0
0 645.0 80.5 20.0 19.0
0 541.0 186.5 42.0 33.0
0 622.0 134.5 26.0 37.0
0 690.5 74.5 23.0 19.0
0 691.0 88.5 26.0 19.0
0 657.5 127.0 25.0 28.0
0 626.5 179.5 27.0 29.0
0 674.0 194.0 28.0 32.0
0 704.5 163.5 25.0 31.0
0 699.5 114.5 21.0 23.0
0 717.5 129.0 21.0 30.0
0 754.5 117.5 25.0 27.0
0 752.5 90.5 19.0 21.0
0 763.0 89.0 20.0 22.0
0 786.0 73.0 16.0 24.0
0 785.0 105.0 16.0 22.0
0 798.0 121.5 22.0 23.0
0 769.0 179.0 30.0 30.0
0 806.5 182.0 37.0 28.0
0 815.0 144.0 26.0 28.0
0 817.5 88.0 19.0 26.0
0 832.5 129.5 25.0 27.0
0 858.5 117.0 23.0 18.0
0 869.0 79.0 18.0 22.0
0 907.5 85.0 25.0 30.0
0 898.0 100.0 22.0 20.0
0 895.5 126.0 33.0 30.0
0 896.5 185.0 33.0 32.0
0 904.0 165.0 32.0 42.0
0 937.5 121.5 19.0 25.0
0 945.0 110.0 16.0 22.0
0 955.5 97.5 25.0 25.0
0 983.0 131.5 28.0 27.0
0 976.5 162.0 27.0 36.0
0 725.5 84.0 23.0 28.0
0 738.0 151.5 26.0 27.0
