0 233.5 243.0 59.0 64.0
0 338.5 150.5 19.0 23.0
0 404.5 139.5 21.0 27.0
0 426.5 144.0 23.0 28.0
0 370.5 114.0 17.0 24.0
0 418.0 116.0 16.0 18.0
0 437.0 116.0 16.0 22.0
0 466.0 135.0 22.0 28.0
0 403.0 101.5 16.0 21.0
0 412.0 97.0 10.0 14.0
0 429.0 102.5 16.0 21.0
0 449.5 101.0 15.0 22.0
0 463.0 120.0 16.0 20.0
0 469.5 108.0 17.0 18.0
0 470.0 94.5 16.0 15.0
0 467.0 82.0 16.0 14.0
0 502.0 112.5 20.0 21.0
0 536.0 112.5 18.0 23.0
0 496.0 80.5 14.0 13.0
0 496.5 70.5 11.0 15.0
0 529.0 81.5 14.0 19.0
0 539.5 79.5 11.0 13.0
0 549.0 96.0 14.0 20.0
0 570.5 81.0 15.0 18.0
0 583.0 95.5 14.0 17.0
0 572.5 67.5 13.0 13.0
0 599.0 74.0 12.0 14.0
0 608.5 61.5 11.0 15.0
0 630.5 76.0 13.0 18.0
0 655.5 65.5 15.0 17.0
0 656.5 81.0 15.0 20.0
0 677.5 76.0 15.0 18.0
0 699.5 67.5 13.0 17.0
0 561.5 149.5 25.0 27.0
0 608.0 144.0 24.0 34.0
0 525.5 100.0 15.0 16.0
0 636.0 134.5 20.0 23.0
0 621.0 166.0 28.0 36.0
0 674.0 196.5 30.0 35.0
0 716.5 168.5 25.0 33.0
0 753.0 135.5 20.0 31.0
0 790.5 150.5 27.0 33.0
0 668.0 112.0 20.0 26.0
0 693.5 100.0 15.0 20.0
0 705.5 108.0 17.0 24.0
0 721.0 90.0 14.0 20.0
0 728.5 102.5 15.0 23.0
0 744.5 117.5 19.0 27.0
0 742.5 81.0 13.0 18.0
0 751.0 90.0 16.0 18.0
0 784.0 77.0 12.0 18.0
0 786.5 92.0 13.0 18.0
0 774.5 111.0 13.0 22.0
0 789.5 121.5 17.0 23.0
0 820.0 103.5 14.0 21.0
0 832.0 93.5 14.0 21.0
0 834.5 128.0 15.0 26.0
0 854.0 112.0 14.0 18.0
0 870.0 103.0 12.0 20.0
0 882.0 123.0 16.0 26.0
0 873.0 140.5 18.0 27.0
0 884.5 164.0 19.0 34.0
0 915.5 172.5 19.0 31.0
0 847.5 174.0 25.0 34.0
0 900.5 106.5 15.0 25.0
0 932.5 97.5 11.0 17.0
0 943.5 117.0 15.0 20.0
0 923.5 133.5 15.0 23.0
0 935.5 109.5 11.0 17.0
