0 65.0 239.5 38.0 45.0
0 277.0 171.5 22.0 21.0
0 308.0 163.0 20.0 24.0
0 328.0 154.0 22.0 26.0
0 342.0 132.5 18.0 23.0
0 368.0 130.0 20.0 24.0
0 370.5 167.0 25.0 32.0
0 427.0 180.0 30.0 32.0
0 407.0 132.0 20.0 24.0
0 415.0 120.5 18.0 21.0
0 443.0 135.5 20.0 23.0
0 472.5 134.0 25.0 24.0
0 522.5 136.0 25.0 28.0
0 442.5 101.5 17.0 17.0
0 463.5 117.0 17.0 18.0
0 493.5 127.0 19.0 20.0
0 478.5 94.5 17.0 21.0
0 519.5 115.5 17.0 19.0
0 515.0 105.5 18.0 17.0
0 507.0 88.5 14.0 17.0
0 521.0 80.5 14.0 17.0
0 542.0 99.0 18.0 18.0
0 575.5 121.0 19.0 24.0
0 574.0 96.5 20.0 21.0
0 557.5 83.5 15.0 21.0
0 566.5 76.5 15.0 17.0
0 589.5 88.5 15.0 17.0
0 610.0 98.5 16.0 21.0
0 623.0 90.0 18.0 18.0
0 599.5 69.0 13.0 16.0
0 635.0 72.0 14.0 16.0
0 641.5 61.0 13.0 16.0
0 661.0 74.0 14.0 18.0
0 672.5 91.5 17.0 21.0
0 657.5 64.0 13.0 18.0
0 684.5 60.0 17.0 20.0
0 682.0 75.5 14.0 17.0
0 721.5 67.5 15.0 19.0
0 742.5 59.0 15.0 20.0
0 574.0 184.5 32.0 41.0
0 527.0 175.5 32.0 35.0
0 602.0 151.5 24.0 31.0
0 645.0 196.0 34.0 36.0
0 644.0 157.5 26.0 31.0
0 652.5 127.0 27.0 26.0
0 692.5 106.0 21.0 26.0
0 720.0 122.5 26.0 31.0
0 708.5 155.0 27.0 32.0
0 722.5 202.0 39.0 42.0
0 726.5 91.5 19.0 25.0
0 741.0 109.0 22.0 26.0
0 759.0 85.5 20.0 23.0
0 782.0 75.0 16.0 22.0
0 789.5 108.0 21.0 26.0
0 745.0 137.0 24.0 30.0
0 769.5 170.5 31.0 31.0
0 798.5 137.5 25.0 31.0
0 841.5 166.5 29.0 37.0
0 789.0 92.0 18.0 20.0
0 795.5 77.0 15.0 18.0
0 801.5 65.5 19.0 17.0
0 814.5 97.0 17.0 22.0
0 852.0 104.5 22.0 27.0
0 835.5 79.0 15.0 18.0
0 877.5 137.0 23.0 32.0
0 835.0 68.0 12.0 12.0
0 853.5 83.5 15.0 17.0
0 865.5 76.0 13.0 16.0
0 874.5 101.0 17.0 22.0
0 889.5 76.5 19.0 19.0
0 909.0 117.0 20.0 28.0
0 934.0 131.5 22.0 31.0
0 933.0 105.0 18.0 20.0
0 917.5 96.5 13.0 21.0
0 925.0 77.0 16.0 18.0
0 963.5 78.5 13.0 19.0
0 952.5 120.0 15.0 26.0
0 989.0 174.0 28.0 34.0
0 993.5 121.0 17.0 28.0
0 988.0 108.5 14.0 17.0
0 993.5 93.0 15.0 20.0
0 957.5 104.5 19.0 21.0
