0 198.0 201.0 44.0 46.0
0 279.5 125.5 17.0 21.0
0 301.0 130.0 16.0 20.0
0 317.5 137.0 19.0 22.0
0 339.5 142.0 19.0 24.0
0 320.5 106.0 13.0 20.0
0 340.5 110.5 15.0 19.0
0 381.0 109.0 16.0 22.0
0 401.0 139.0 26.0 24.0
0 404.5 115.5 17.0 19.0
0 408.5 98.5 17.0 17.0
0 408.0 85.0 14.0 18.0
0 431.0 116.0 16.0 20.0
0 438.0 120.5 18.0 21.0
0 461.5 133.5 21.0 23.0
0 441.0 99.0 16.0 18.0
0 446.5 88.0 15.0 14.0
0 471.5 102.0 17.0 20.0
0 460.5 78.5 11.0 11.0
0 476.5 77.5 13.0 15.0
0 485.0 88.5 16.0 17.0
0 493.5 74.5 13.0 17.0
0 507.0 80.5 12.0 15.0
0 513.0 75.0 12.0 14.0
0 531.5 81.5 13.0 13.0
0 508.5 102.5 19.0 21.0
0 522.5 98.0 13.0 18.0
0 539.5 105.5 15.0 21.0
0 568.0 100.5 16.0 19.0
0 578.0 78.5 12.0 13.0
0 566.0 72.0 10.0 14.0
0 574.0 65.0 10.0 12.0
0 591.5 64.0 11.0 14.0
0 603.5 78.5 13.0 13.0
0 601.5 88.5 13.0 17.0
0 622.0 66.5 12.0 13.0
0 637.0 77.5 14.0 19.0
0 637.5 67.5 11.0 11.0
0 645.5 60.5 13.0 15.0
0 671.5 68.0 13.0 18.0
0 695.0 67.0 10.0 14.0
0 659.0 74.0 10.0 14.0
0 478.0 163.0 30.0 36.0
0 537.0 175.5 28.0 33.0
0 572.5 140.0 23.0 28.0
0 611.0 124.0 26.0 26.0
0 624.5 135.5 21.0 27.0
0 659.0 107.0 16.0 24.0
0 653.0 160.0 26.0 30.0
0 584.0 188.5 36.0 43.0
0 681.0 91.0 18.0 18.0
0 688.5 108.0 17.0 20.0
0 711.0 129.5 20.0 27.0
0 716.0 164.5 26.0 29.0
0 666.0 203.5 34.0 39.0
0 726.0 228.0 32.0 44.0
0 752.0 177.0 24.0 30.0
0 758.5 139.0 21.0 28.0
0 729.0 115.0 16.0 16.0
0 730.5 103.0 15.0 14.0
0 730.0 79.5 14.0 19.0
0 769.5 100.0 19.0 22.0
0 773.0 82.5 14.0 19.0
0 780.5 131.0 17.0 26.0
0 803.0 144.0 22.0 28.0
0 800.5 222.0 33.0 42.0
0 808.0 199.5 24.0 27.0
0 848.5 144.0 21.0 30.0
0 865.0 128.0 22.0 24.0
0 888.0 194.5 26.0 37.0
0 871.5 237.5 37.0 43.0
0 895.5 164.5 21.0 27.0
0 907.5 122.5 19.0 27.0
