0 186.5 287.5 49.0 51.0
0 785.5 71.5 21.0 23.0
0 411.0 109.5 18.0 23.0
0 589.5 77.0 15.0 18.0
0 365.0 131.0 18.0 22.0
0 269.5 159.0 21.0 24.0
0 475.0 94.0 16.0 18.0
0 449.0 110.0 16.0 20.0
0 514.5 89.5 27.0 25.0
0 653.0 67.5 8.0 15.0
0 681.0 70.0 18.0 16.0
0 710.5 79.0 17.0 18.0
0 385.5 131.5 23.0 29.0
0 313.0 157.0 24.0 28.0
0 333.5 165.0 23.0 20.0
0 396.0 158.0 22.0 26.0
0 464.0 149.0 22.0 32.0
0 520.5 116.5 33.0 33.0
0 545.5 100.0 21.0 26.0
0 574.5 99.5 21.0 27.0
0 508.5 142.0 23.0 24.0
0 613.5 102.5 23.0 25.0
0 660.0 88.0 18.0 18.0
0 684.5 89.5 21.0 23.0
0 560.0 174.0 38.0 36.0
0 589.5 144.0 35.0 36.0
0 615.0 172.0 28.0 34.0
0 667.0 181.0 30.0 38.0
0 667.0 140.5 22.0 27.0
0 671.0 117.0 24.0 24.0
0 701.5 110.0 15.0 22.0
0 732.0 95.5 20.0 19.0
0 724.0 148.5 24.0 27.0
0 765.0 137.0 28.0 30.0
0 773.5 100.5 21.0 17.0
0 817.0 94.0 20.0 26.0
0 834.5 92.5 19.0 21.0
0 853.5 93.5 15.0 19.0
0 942.5 97.5 15.0 25.0
0 888.5 90.5 15.0 21.0
0 827.5 121.0 25.0 22.0
0 820.5 140.5 27.0 31.0
0 759.0 169.0 26.0 28.0
0 821.0 172.5 28.0 31.0
0 895.0 201.0 26.0 38.0
0 880.0 135.0 24.0 28.0
0 897.0 123.5 22.0 25.0
0 957.0 128.5 24.0 27.0
0 981.5 137.0 21.0 24.0
0 923.0 162.0 24.0 30.0
0 983.0 164.0 24.0 28.0
0 426.0 131.5 26.0 27.0
0 623.5 77.5 17.0 21.0
0 565.5 126.5 37.0 29.0
0 912.0 98.5 16.0 19.0
0 463.5 117.0 19.0 26.0
0 635.5 88.0 15.0 24.0
0 953.5 98.0 13.0 32.0
0 816.0 78.5 12.0 17.0
0 785.5 121.0 21.0 26.0
0 796.0 85.0 16.0 22.0
0 746.5 106.0 19.0 28.0
