0 178.0 174.5 34.0 41.0
0 248.5 125.0 15.0 18.0
0 272.0 110.5 12.0 13.0
0 300.0 111.5 14.0 15.0
0 276.0 134.0 14.0 20.0
0 294.0 138.0 14.0 14.0
0 323.0 103.0 10.0 10.0
0 333.5 99.0 15.0 14.0
0 327.5 113.5 15.0 13.0
0 368.5 107.0 13.0 14.0
0 371.0 87.5 14.0 15.0
0 381.5 97.5 15.0 15.0
0 399.5 103.0 15.0 18.0
0 395.5 85.0 13.0 14.0
0 390.5 76.5 13.0 13.0
0 410.0 76.0 14.0 14.0
0 421.0 69.5 12.0 11.0
0 416.0 83.5 14.0 13.0
0 373.5 136.0 21.0 20.0
0 432.5 100.0 13.0 16.0
0 451.5 103.0 15.0 16.0
0 477.5 83.0 15.0 18.0
0 495.5 88.0 13.0 12.0
0 505.5 77.5 13.0 13.0
0 493.5 70.0 13.0 12.0
0 484.0 59.5 10.0 9.0
0 458.0 73.0 12.0 12.0
0 464.0 65.5 12.0 9.0
0 506.5 62.0 13.0 12.0
0 514.5 50.5 11.0 11.0
0 536.0 50.0 10.0 10.0
0 532.5 58.0 11.0 10.0
0 550.5 60.5 13.0 11.0
0 557.5 50.0 11.0 10.0
0 538.5 72.0 13.0 14.0
0 600.0 49.0 10.0 14.0
0 581.0 61.5 10.0 11.0
0 571.0 84.0 12.0 16.0
0 527.5 106.5 17.0 19.0
0 581.0 102.0 12.0 14.0
0 605.5 91.5 13.0 15.0
0 598.5 78.0 13.0 14.0
0 617.0 69.0 12.0 12.0
0 637.5 62.0 13.0 14.0
0 658.5 54.0 11.0 12.0
0 647.5 69.5 11.0 11.0
0 668.0 66.0 12.0 14.0
0 640.5 81.5 11.0 13.0
0 649.5 97.0 13.0 16.0
0 661.0 92.5 12.0 11.0
0 695.0 91.0 12.0 14.0
0 699.5 71.0 11.0 10.0
0 703.0 63.5 12.0 11.0
0 722.0 70.5 12.0 13.0
0 735.0 75.0 10.0 10.0
0 715.0 86.0 10.0 14.0
0 732.5 93.0 13.0 18.0
0 753.0 71.5 12.0 17.0
0 763.5 94.5 11.0 17.0
0 756.5 113.5 15.0 21.0
0 782.0 69.5 8.0 13.0
0 778.0 83.0 12.0 16.0
0 803.5 78.0 9.0 14.0
0 808.5 78.0 9.0 10.0
0 802.5 92.5 13.0 21.0
0 795.5 139.5 17.0 27.0
0 669.0 144.0 20.0 26.0
0 622.0 143.5 20.0 23.0
0 589.5 163.5 23.0 29.0
0 576.5 127.0 19.0 24.0
0 609.5 111.5 17.0 19.0
0 526.0 132.0 18.0 22.0
0 523.5 165.0 23.0 26.0
0 474.5 150.5 21.0 25.0
0 486.5 124.5 17.0 19.0
0 427.0 149.0 20.0 22.0
