0 105.0 324.5 52.0 65.0
0 362.5 191.0 31.0 28.0
0 391.5 156.5 25.0 27.0
0 438.5 150.5 23.0 25.0
0 425.5 182.5 25.0 25.0
0 466.0 193.0 28.0 36.0
0 464.5 151.5 23.0 27.0
0 503.5 158.0 27.0 26.0
0 492.5 198.0 35.0 30.0
0 531.5 130.0 19.0 26.0
0 567.5 151.5 23.0 33.0
0 602.5 160.0 21.0 24.0
0 588.5 98.0 19.0 24.0
0 612.0 94.5 20.0 21.0
0 622.5 107.5 19.0 23.0
0 634.5 96.0 19.0 18.0
0 659.0 93.5 18.0 15.0
0 634.0 130.0 36.0 28.0
0 681.0 117.5 20.0 25.0
0 697.0 89.0 20.0 20.0
0 710.5 96.5 29.0 21.0
0 702.5 130.5 23.0 27.0
0 723.0 83.0 18.0 18.0
0 744.5 73.0 27.0 20.0
0 762.5 87.5 27.0 27.0
0 771.0 101.0 16.0 18.0
0 805.0 68.0 16.0 18.0
0 833.5 76.0 17.0 22.0
0 816.5 93.0 19.0 20.0
0 847.5 83.0 13.0 16.0
0 878.5 74.5 13.0 15.0
0 704.0 163.0 28.0 32.0
0 705.5 195.5 29.0 33.0
0 776.5 169.0 31.0 36.0
0 775.5 147.5 27.0 31.0
0 857.0 138.5 28.0 29.0
0 832.0 188.0 32.0 34.0
0 792.0 243.5 38.0 35.0
0 890.5 157.5 29.0 25.0
0 893.5 115.5 23.0 27.0
0 909.0 132.0 26.0 24.0
0 923.0 98.5 24.0 23.0
0 948.0 96.5 26.0 27.0
0 984.5 80.0 21.0 18.0
0 981.0 104.0 28.0 30.0
0 944.0 171.5 36.0 37.0
0 1012.5 200.5 33.0 35.0
0 1010.5 83.0 23.0 24.0
0 1021.0 112.0 26.0 22.0
0 1056.5 170.5 29.0 35.0
0 1041.5 95.5 19.0 25.0
0 1083.5 97.5 25.0 21.0
0 1079.5 119.0 19.0 22.0
0 1131.5 100.5 17.0 25.0
0 1120.5 135.0 19.0 18.0
0 1045.0 215.0 32.0 34.0
0 1060.5 258.0 29.0 46.0
0 1116.0 237.0 38.0 46.0
0 1121.5 316.5 45.0 55.0
0 1105.0 175.0 30.0 36.0
0 1152.0 165.5 30.0 31.0
0 1172.5 141.5 15.0 23.0
0 1177.0 107.5 10.0 19.0
0 1143.0 212.0 34.0 44.0
0 1088.0 145.0 24.0 26.0
0 976.5 156.0 39.0 42.0
0 950.0 125.5 32.0 29.0
0 1015.0 174.0 30.0 32.0
0 1044.0 150.0 32.0 28.0
0 732.5 105.5 39.0 27.0
0 593.0 118.0 24.0 22.0
0 546.0 130.5 32.0 25.0
0 572.5 132.5 19.0 21.0
0 778.0 68.5 26.0 17.0
0 900.5 96.5 27.0 21.0
