0 165.0 376.5 50.0 51.0
0 277.0 244.0 24.0 22.0
0 317.5 260.0 21.0 28.0
0 361.5 259.5 23.0 31.0
0 353.0 226.0 26.0 26.0
0 435.0 215.5 22.0 21.0
0 417.5 259.0 37.0 26.0
0 466.0 240.0 18.0 24.0
0 496.5 245.5 25.0 25.0
0 499.0 216.5 22.0 15.0
0 473.5 201.5 21.0 19.0
0 497.5 202.0 17.0 12.0
0 522.5 185.0 19.0 16.0
0 544.5 189.0 17.0 16.0
0 552.0 243.0 24.0 24.0
0 573.5 291.0 37.0 34.0
0 638.0 319.5 42.0 31.0
0 720.5 322.0 35.0 44.0
0 781.0 342.0 44.0 42.0
0 860.0 389.0 40.0 48.0
0 1011.0 367.0 38.0 48.0
0 1035.5 331.5 43.0 41.0
0 1115.0 346.0 30.0 46.0
0 1049.0 265.5 28.0 31.0
0 990.0 258.5 24.0 29.0
0 945.0 310.5 38.0 39.0
0 877.5 290.0 35.0 38.0
0 805.0 263.5 26.0 35.0
0 728.0 282.5 40.0 29.0
0 654.5 249.5 29.0 27.0
0 623.5 227.0 21.0 22.0
0 573.5 224.5 29.0 19.0
0 702.5 203.0 19.0 22.0
0 732.5 237.5 27.0 27.0
0 782.5 256.5 19.0 25.0
0 639.5 198.5 19.0 19.0
0 620.5 191.5 17.0 19.0
0 647.5 177.5 13.0 19.0
0 671.0 177.0 16.0 20.0
0 686.5 163.0 15.0 10.0
0 706.5 154.0 17.0 22.0
0 572.5 169.0 15.0 12.0
0 714.0 183.5 16.0 17.0
0 735.5 178.5 17.0 21.0
0 746.5 146.0 15.0 16.0
0 764.5 153.0 15.0 18.0
0 781.5 159.0 15.0 16.0
0 853.5 159.5 17.0 17.0
0 783.0 179.0 20.0 18.0
0 818.0 199.0 16.0 18.0
0 828.5 161.5 13.0 15.0
0 808.0 155.0 12.0 14.0
0 781.5 217.0 23.0 26.0
0 834.5 224.0 23.0 26.0
0 871.0 215.0 16.0 26.0
0 859.5 184.5 15.0 21.0
0 895.0 177.5 12.0 15.0
0 907.0 184.5 10.0 23.0
0 930.5 163.0 21.0 18.0
0 928.0 185.0 14.0 20.0
0 946.5 201.0 13.0 26.0
0 957.5 173.0 17.0 20.0
0 980.5 174.5 23.0 19.0
0 1004.0 196.0 12.0 22.0
0 1030.0 181.5 18.0 21.0
0 1043.5 199.0 13.0 26.0
0 1058.0 195.5 8.0 27.0
0 1070.5 185.0 13.0 22.0
0 1092.5 198.0 17.0 22.0
0 1143.0 193.5 12.0 23.0
0 1135.0 221.0 16.0 18.0
0 984.0 209.5 18.0 21.0
0 1024.5 221.5 21.0 25.0
0 1058.5 238.0 21.0 22.0
0 1105.5 234.5 19.0 21.0
0 1140.5 254.0 21.0 28.0
0 840.5 262.5 25.0 31.0
0 1003.5 234.0 21.0 16.0
