0 212.5 253.0 39.0 46.0
0 166.5 131.0 17.0 22.0
0 295.0 134.0 16.0 22.0
0 343.0 124.0 18.0 20.0
0 359.5 150.5 21.0 25.0
0 368.0 125.0 20.0 22.0
0 405.0 113.0 20.0 18.0
0 420.5 140.5 17.0 21.0
0 434.0 113.0 14.0 18.0
0 463.5 124.0 19.0 22.0
0 506.5 100.0 13.0 18.0
0 486.0 89.5 14.0 19.0
0 454.0 91.0 16.0 14.0
0 436.0 94.0 12.0 12.0
0 560.0 111.0 20.0 26.0
0 559.5 90.0 17.0 18.0
0 505.5 80.0 15.0 18.0
0 515.0 87.5 16.0 15.0
0 683.5 29.5 15.0 13.0
0 754.0 82.5 14.0 19.0
0 671.0 132.0 20.0 24.0
0 693.5 132.5 17.0 23.0
0 616.0 135.5 24.0 19.0
0 937.5 206.0 29.0 32.0
0 918.0 138.5 18.0 25.0
0 948.0 140.0 18.0 26.0
0 926.5 115.5 15.0 21.0
0 964.5 117.0 15.0 20.0
0 981.5 103.0 15.0 16.0
