0 187.0 196.5 44.0 53.0
0 255.5 123.0 15.0 16.0
0 314.5 134.0 19.0 24.0
0 353.0 104.5 16.0 15.0
0 371.5 91.0 15.0 12.0
0 368.5 104.5 11.0 15.0
0 416.0 79.0 14.0 14.0
0 421.0 92.0 14.0 18.0
0 461.0 75.5 18.0 15.0
0 481.0 72.5 14.0 15.0
0 497.0 69.5 10.0 13.0
0 489.5 80.0 13.0 18.0
0 514.5 71.5 13.0 13.0
0 431.5 110.5 17.0 19.0
0 358.0 138.0 20.0 20.0
0 416.5 118.5 21.0 21.0
0 393.5 144.0 25.0 24.0
0 470.5 116.0 17.0 20.0
0 552.5 67.0 13.0 16.0
0 560.0 68.5 12.0 17.0
0 574.0 59.5 12.0 13.0
0 568.5 74.5 11.0 13.0
0 494.5 92.5 15.0 17.0
0 594.0 68.0 8.0 14.0
0 602.0 63.0 10.0 12.0
0 540.5 101.0 21.0 16.0
0 551.0 84.0 12.0 12.0
0 524.0 158.0 26.0 26.0
0 555.0 126.5 18.0 19.0
0 616.0 82.0 18.0 16.0
0 632.0 62.0 14.0 18.0
0 645.5 65.0 17.0 24.0
0 660.5 69.0 13.0 18.0
0 593.0 119.0 16.0 18.0
0 613.5 130.0 21.0 24.0
0 631.5 102.5 15.0 23.0
0 647.5 116.0 19.0 20.0
0 652.0 142.5 18.0 23.0
0 664.5 93.0 17.0 16.0
0 677.0 73.5 18.0 19.0
0 696.5 78.5 11.0 17.0
0 684.0 124.5 20.0 21.0
0 706.0 104.0 18.0 18.0
0 730.0 89.0 16.0 18.0
0 710.0 125.0 22.0 24.0
0 708.5 143.0 21.0 24.0
0 729.0 136.5 16.0 23.0
0 763.5 74.0 13.0 14.0
0 745.0 85.5 16.0 19.0
0 756.5 87.0 15.0 18.0
0 763.0 115.5 18.0 21.0
0 756.0 153.0 24.0 28.0
0 787.0 77.0 16.0 18.0
0 801.5 77.5 9.0 11.0
0 800.0 87.5 12.0 11.0
0 794.0 104.5 18.0 17.0
0 816.5 142.5 27.0 25.0
0 793.5 161.5 23.0 23.0
0 822.5 107.0 19.0 20.0
0 834.0 96.0 12.0 16.0
0 843.5 85.0 11.0 14.0
0 867.0 85.5 12.0 15.0
0 909.0 95.5 14.0 13.0
0 898.0 111.0 10.0 18.0
0 888.0 127.5 20.0 21.0
0 880.0 156.5 22.0 29.0
0 882.0 195.5 22.0 27.0
0 469.0 96.0 18.0 16.0
0 458.5 85.5 15.0 17.0
0 774.0 83.5 14.0 23.0
0 713.5 78.0 11.0 12.0
