0 88.0 351.5 60.0 53.0
0 304.5 142.0 15.0 16.0
0 323.0 151.0 14.0 14.0
0 337.5 150.0 15.0 20.0
0 367.5 161.0 15.0 16.0
0 388.0 167.5 20.0 21.0
0 413.5 172.0 23.0 24.0
0 394.5 149.5 15.0 17.0
0 379.5 135.0 17.0 18.0
0 354.5 136.0 13.0 14.0
0 350.0 127.0 14.0 14.0
0 393.0 120.5 16.0 15.0
0 412.5 113.0 13.0 16.0
0 427.5 128.0 15.0 16.0
0 429.5 113.0 15.0 16.0
0 473.0 111.5 12.0 13.0
0 485.0 132.0 18.0 20.0
0 509.0 139.5 18.0 25.0
0 493.5 96.0 11.0 14.0
0 492.0 84.0 12.0 10.0
0 520.0 80.0 12.0 10.0
0 525.5 116.5 21.0 23.0
0 560.5 121.0 17.0 20.0
0 541.5 99.5 13.0 15.0
0 514.0 97.5 12.0 11.0
0 570.0 98.5 12.0 15.0
0 606.5 102.0 13.0 18.0
0 587.0 89.0 14.0 14.0
0 600.5 75.5 11.0 15.0
0 617.5 86.5 13.0 17.0
0 630.5 74.0 13.0 16.0
0 660.5 89.0 17.0 18.0
0 660.0 71.5 12.0 13.0
0 681.5 79.5 13.0 15.0
0 681.5 68.0 11.0 12.0
0 726.5 70.5 13.0 15.0
0 543.5 169.5 23.0 27.0
0 605.0 171.0 24.0 32.0
0 593.0 143.5 18.0 19.0
0 651.5 156.0 19.0 22.0
0 680.0 178.5 24.0 31.0
0 668.5 127.5 15.0 21.0
0 705.0 121.0 16.0 18.0
0 717.5 150.5 21.0 29.0
0 757.5 169.5 23.0 31.0
0 820.0 171.5 22.0 29.0
0 824.0 135.5 22.0 29.0
0 743.0 128.5 18.0 23.0
0 735.0 89.0 14.0 16.0
0 756.5 107.5 13.0 17.0
0 772.5 100.5 15.0 17.0
0 769.0 80.0 14.0 20.0
0 896.0 185.0 28.0 32.0
0 922.0 141.5 24.0 27.0
0 948.0 121.5 16.0 21.0
0 971.0 143.0 18.0 26.0
0 987.5 163.5 21.0 29.0
0 882.0 129.5 20.0 23.0
0 902.0 123.0 12.0 18.0
0 915.0 90.5 12.0 19.0
0 952.0 98.0 16.0 20.0
0 856.5 109.0 17.0 18.0
0 887.5 93.0 13.0 14.0
0 865.5 75.0 13.0 16.0
0 853.5 85.5 13.0 15.0
0 825.0 95.5 14.0 13.0
0 823.5 113.5 19.0 13.0
0 787.0 120.0 16.0 16.0
0 809.0 84.5 12.0 13.0
0 825.5 77.5 13.0 13.0
0 794.0 69.5 14.0 15.0
