0 197.0 277.0 54.0 52.0
0 308.0 136.0 18.0 20.0
0 333.0 139.5 18.0 21.0
0 355.5 134.5 17.0 23.0
0 378.5 133.0 23.0 20.0
0 366.0 116.0 18.0 18.0
0 384.5 155.5 21.0 25.0
0 443.5 151.0 17.0 24.0
0 455.0 156.0 24.0 26.0
0 410.0 124.5 18.0 23.0
0 437.5 128.0 17.0 22.0
0 455.0 126.5 20.0 25.0
0 481.5 131.5 23.0 27.0
0 423.5 102.0 15.0 16.0
0 444.0 102.0 14.0 20.0
0 456.5 112.0 15.0 16.0
0 459.0 96.5 16.0 17.0
0 476.5 100.0 11.0 14.0
0 489.0 109.5 14.0 19.0
0 507.5 96.5 15.0 19.0
0 520.5 85.0 13.0 16.0
0 532.0 95.5 16.0 21.0
0 544.0 110.0 14.0 20.0
0 543.0 76.5 14.0 15.0
0 554.0 89.5 12.0 15.0
0 569.5 108.5 15.0 19.0
0 585.0 128.0 18.0 28.0
0 583.5 90.5 13.0 19.0
0 563.5 73.5 13.0 15.0
0 595.5 81.5 13.0 15.0
0 616.0 98.0 18.0 22.0
0 641.0 95.0 22.0 24.0
0 649.5 75.5 13.0 13.0
0 672.5 68.0 11.0 16.0
0 682.0 76.0 16.0 18.0
0 689.0 106.0 14.0 18.0
0 618.5 86.0 13.0 14.0
0 624.0 150.5 24.0 35.0
0 717.5 73.5 13.0 19.0
0 732.5 82.0 15.0 18.0
0 731.5 72.0 13.0 12.0
0 767.0 71.0 16.0 20.0
0 720.0 115.5 20.0 21.0
0 670.5 129.0 21.0 22.0
0 673.0 154.5 26.0 31.0
0 704.5 145.0 21.0 24.0
0 748.0 172.5 22.0 25.0
0 768.0 200.0 32.0 46.0
0 781.5 112.0 21.0 24.0
0 763.0 109.5 16.0 23.0
0 799.0 91.0 14.0 20.0
0 832.0 82.0 12.0 20.0
0 837.5 78.5 13.0 17.0
0 860.5 85.5 13.0 19.0
0 865.0 102.0 18.0 16.0
0 871.5 86.5 9.0 15.0
0 902.0 105.0 16.0 18.0
0 916.0 117.5 18.0 23.0
0 916.5 98.0 13.0 16.0
0 866.5 130.5 21.0 27.0
0 829.5 148.5 25.0 29.0
0 799.5 147.0 21.0 26.0
0 802.5 127.5 19.0 17.0
0 799.5 111.0 15.0 16.0
0 856.0 182.0 24.0 38.0
0 825.5 231.5 31.0 43.0
0 899.5 160.0 23.0 28.0
0 916.0 144.0 22.0 24.0
0 950.5 114.5 17.0 21.0
0 967.0 143.5 18.0 25.0
0 943.0 142.0 16.0 16.0
0 986.5 196.5 27.0 37.0
0 1018.5 167.0 21.0 26.0
0 993.5 138.0 19.0 24.0
0 983.5 118.0 13.0 20.0
0 986.0 104.0 16.0 16.0
0 1003.0 98.0 12.0 20.0
0 1024.0 128.5 18.0 23.0
0 1032.5 109.0 11.0 18.0
