0 150.0 138.5 20.0 23.0
0 252.5 99.5 17.0 19.0
0 302.0 110.5 20.0 17.0
0 341.0 105.0 16.0 22.0
0 353.5 98.5 13.0 17.0
0 365.5 90.5 17.0 21.0
0 372.5 79.5 11.0 15.0
0 393.5 93.0 19.0 22.0
0 410.0 84.0 18.0 20.0
0 411.5 117.0 23.0 30.0
0 413.0 196.5 46.0 49.0
0 456.5 110.0 25.0 36.0
0 442.0 73.0 20.0 20.0
0 467.5 71.0 11.0 14.0
0 483.5 78.0 17.0 20.0
0 497.5 70.5 13.0 17.0
0 501.5 91.0 19.0 18.0
0 530.5 84.0 17.0 18.0
0 524.0 75.0 12.0 16.0
0 553.5 40.0 13.0 18.0
0 558.0 86.5 16.0 19.0
0 526.5 102.0 19.0 20.0
0 480.0 119.0 22.0 28.0
0 580.0 60.5 12.0 13.0
0 589.0 57.5 14.0 17.0
0 604.0 56.0 12.0 14.0
0 595.0 80.5 18.0 21.0
0 635.0 62.0 18.0 20.0
0 622.5 30.5 13.0 15.0
0 635.5 43.5 15.0 17.0
0 652.0 44.5 14.0 19.0
0 674.5 40.5 15.0 15.0
0 586.0 146.0 28.0 28.0
0 588.0 176.0 34.0 34.0
0 655.0 176.5 28.0 39.0
0 700.5 161.0 27.0 28.0
0 737.5 213.0 31.0 38.0
0 796.0 200.5 30.0 41.0
0 826.0 220.0 34.0 46.0
0 808.0 163.5 26.0 37.0
0 786.5 134.0 25.0 28.0
0 734.0 142.0 20.0 28.0
0 691.5 112.5 19.0 25.0
0 672.5 105.5 21.0 23.0
0 700.5 79.0 17.0 20.0
0 715.5 85.0 17.0 22.0
0 735.0 74.0 14.0 18.0
0 749.0 71.0 16.0 20.0
0 776.0 82.5 16.0 21.0
0 767.5 117.5 19.0 21.0
0 720.0 113.0 18.0 22.0
0 836.0 150.5 22.0 29.0
0 848.5 132.5 23.0 23.0
0 889.0 154.5 18.0 27.0
0 907.0 122.0 16.0 22.0
