0 420.5 139.5 23.0 31.0
0 466.5 145.0 27.0 26.0
0 485.5 127.5 21.0 21.0
0 524.0 124.5 20.0 23.0
0 552.0 127.5 22.0 27.0
0 559.5 109.0 15.0 22.0
0 577.0 104.5 18.0 21.0
0 587.5 121.0 17.0 22.0
0 595.5 148.0 23.0 28.0
0 607.0 121.5 18.0 27.0
0 609.5 97.5 17.0 19.0
0 624.0 102.5 16.0 21.0
0 644.0 129.5 22.0 29.0
0 659.5 120.0 17.0 26.0
0 652.5 96.0 21.0 26.0
0 697.5 134.0 25.0 26.0
0 691.5 105.5 17.0 19.0
0 702.0 89.5 16.0 19.0
0 717.5 107.0 21.0 24.0
0 732.5 89.5 17.0 23.0
0 753.0 94.0 18.0 20.0
0 760.0 114.5 18.0 19.0
0 806.0 108.5 18.0 25.0
0 799.5 94.5 15.0 19.0
0 782.5 77.5 13.0 17.0
0 828.5 89.5 17.0 19.0
0 864.0 94.0 18.0 18.0
0 856.5 81.5 17.0 17.0
0 905.0 85.0 18.0 20.0
0 747.0 169.5 28.0 37.0
0 788.0 153.0 32.0 34.0
0 836.0 135.0 24.0 30.0
0 845.0 162.5 28.0 39.0
0 905.0 170.0 26.0 36.0
0 901.0 142.0 22.0 32.0
0 880.0 128.0 18.0 24.0
0 931.5 124.5 19.0 29.0
0 925.0 106.5 18.0 25.0
0 960.0 98.5 20.0 23.0
0 982.0 125.5 24.0 33.0
0 996.5 116.0 23.0 30.0
0 1004.0 154.0 28.0 32.0
0 1036.0 136.5 20.0 29.0
0 1027.0 116.0 22.0 26.0
0 1043.0 102.0 20.0 22.0
0 1060.0 127.0 18.0 24.0
0 1084.0 101.5 18.0 23.0
0 1124.0 110.5 16.0 19.0
0 1093.5 145.0 21.0 30.0
0 1118.0 165.5 30.0 33.0
0 1155.5 133.5 21.0 25.0
0 1184.5 161.5 23.0 27.0
0 1187.0 127.5 16.0 21.0
0 1108.5 193.0 27.0 36.0
0 889.0 221.0 60.0 60.0
