0 179.0 288.5 46.0 47.0
0 265.5 155.0 21.0 20.0
0 288.5 153.0 19.0 20.0
0 385.5 162.0 19.0 24.0
0 503.5 180.0 31.0 34.0
0 558.5 189.5 29.0 23.0
0 706.5 190.0 25.0 32.0
0 738.5 199.0 23.0 40.0
0 811.0 220.0 36.0 40.0
0 916.5 220.5 35.0 41.0
0 929.0 175.5 18.0 29.0
0 850.5 183.5 25.0 29.0
0 791.5 162.5 27.0 29.0
0 726.0 159.0 28.0 24.0
0 764.0 139.0 26.0 20.0
0 757.0 106.0 20.0 24.0
0 801.5 116.0 19.0 26.0
0 852.0 118.5 22.0 25.0
0 712.0 109.5 26.0 19.0
0 677.5 128.5 31.0 25.0
0 627.0 151.0 34.0 26.0
0 574.5 153.5 29.0 27.0
0 555.0 113.0 26.0 22.0
0 443.0 135.5 26.0 19.0
0 414.5 130.0 27.0 16.0
0 377.5 128.5 23.0 15.0
0 720.0 33.5 12.0 15.0
0 824.5 81.5 23.0 21.0
0 850.5 82.0 17.0 22.0
0 865.5 69.5 15.0 19.0
0 891.0 76.0 18.0 18.0
0 910.0 78.0 12.0 32.0
0 929.0 83.0 10.0 20.0
0 953.5 85.5 23.0 29.0
0 899.5 115.0 29.0 28.0
0 951.0 131.0 26.0 22.0
0 888.5 148.0 27.0 28.0
0 453.0 113.0 20.0 14.0
0 486.5 110.0 11.0 20.0
0 502.0 115.5 16.0 23.0
0 525.5 73.5 15.0 17.0
0 547.0 72.0 16.0 16.0
0 633.5 87.0 13.0 18.0
0 668.0 83.0 16.0 18.0
0 667.5 65.5 19.0 13.0
0 600.5 84.0 19.0 18.0
0 581.0 77.5 16.0 15.0
0 461.0 89.5 16.0 11.0
0 481.0 89.0 20.0 14.0
0 604.5 66.0 17.0 12.0
0 562.0 41.0 18.0 16.0
0 641.0 57.0 26.0 22.0
0 373.5 111.5 17.0 13.0
