0 159.0 374.0 54.0 52.0
0 270.0 247.5 22.0 19.0
0 354.0 258.0 24.0 28.0
0 392.5 271.5 31.0 31.0
0 358.5 234.5 27.0 23.0
0 350.5 211.5 21.0 23.0
0 433.0 233.0 22.0 28.0
0 439.0 204.0 22.0 20.0
0 466.5 233.0 19.0 30.0
0 495.5 231.0 25.0 28.0
0 472.5 191.0 19.0 24.0
0 495.0 192.0 16.0 20.0
0 504.0 204.0 18.0 24.0
0 540.0 184.0 18.0 22.0
0 550.5 177.0 17.0 20.0
0 541.0 207.5 26.0 29.0
0 559.5 233.5 27.0 29.0
0 575.0 215.0 22.0 28.0
0 562.5 191.5 17.0 21.0
0 577.5 161.5 17.0 17.0
0 574.0 178.0 16.0 22.0
0 591.5 194.0 19.0 26.0
0 630.0 219.5 24.0 29.0
0 579.0 276.0 38.0 46.0
0 649.5 287.5 31.0 39.0
0 652.0 254.0 30.0 32.0
0 631.0 175.0 16.0 18.0
0 642.5 191.5 19.0 23.0
0 670.0 169.5 18.0 21.0
0 684.0 189.5 20.0 23.0
0 701.5 183.5 17.0 27.0
0 701.5 167.5 17.0 17.0
0 681.5 154.5 15.0 17.0
0 704.0 151.5 16.0 17.0
0 737.0 172.0 16.0 20.0
0 750.0 141.0 16.0 18.0
0 766.5 148.5 17.0 17.0
0 789.0 177.0 18.0 22.0
0 807.0 149.0 14.0 18.0
0 823.0 156.5 14.0 19.0
0 836.0 153.5 14.0 19.0
0 862.0 177.5 22.0 27.0
0 731.5 227.5 27.0 27.0
0 726.5 272.0 35.0 34.0
0 701.5 314.5 41.0 47.0
0 781.5 341.5 45.0 49.0
0 860.0 378.0 42.0 54.0
0 812.5 268.0 31.0 40.0
0 841.5 256.0 25.0 30.0
0 872.0 291.0 32.0 40.0
0 954.0 305.5 36.0 39.0
0 983.0 251.5 30.0 35.0
0 777.5 210.0 23.0 26.0
0 789.5 233.0 27.0 28.0
0 832.0 223.5 28.0 25.0
0 819.5 192.0 19.0 24.0
0 872.5 206.0 23.0 26.0
0 895.5 168.5 17.0 25.0
0 907.5 168.5 19.0 25.0
0 918.5 156.0 15.0 20.0
0 953.0 157.0 16.0 22.0
0 953.5 187.5 17.0 25.0
0 936.5 198.5 21.0 29.0
0 981.5 177.0 17.0 18.0
0 1023.5 182.5 15.0 21.0
0 993.0 190.0 18.0 20.0
0 990.5 210.0 19.0 30.0
0 1032.0 209.5 18.0 29.0
0 1049.0 212.5 16.0 23.0
0 1049.5 187.0 15.0 26.0
0 1067.5 179.5 13.0 23.0
0 1082.5 195.5 21.0 27.0
0 1135.0 202.0 16.0 16.0
0 1139.5 211.0 17.0 22.0
0 1148.0 223.5 20.0 25.0
0 1128.0 231.5 20.0 23.0
0 1132.0 246.5 20.0 27.0
0 1102.5 232.5 21.0 29.0
0 1067.5 259.5 27.0 37.0
0 1076.5 286.5 31.0 37.0
0 1041.5 278.5 23.0 35.0
0 1117.0 327.5 34.0 47.0
0 1031.0 312.0 34.0 38.0
0 974.5 396.5 33.0 51.0
