0 728.5 65.5 9.0 11.0
0 753.0 67.0 8.0 12.0
0 775.0 75.0 10.0 12.0
0 775.0 90.5 12.0 19.0
0 780.0 76.5 6.0 11.0
0 750.5 80.5 9.0 13.0
0 724.5 75.0 9.0 12.0
0 713.0 75.5 12.0 17.0
0 696.0 69.5 12.0 15.0
0 706.5 90.5 13.0 15.0
0 737.5 91.5 11.0 17.0
0 728.5 111.5 13.0 21.0
0 765.0 135.5 16.0 27.0
0 678.5 64.5 9.0 13.0
0 669.5 86.5 13.0 21.0
0 643.5 65.0 11.0 14.0
0 627.5 53.5 9.0 13.0
0 615.0 57.5 10.0 15.0
0 625.0 72.0 10.0 16.0
0 626.5 90.5 13.0 21.0
0 644.5 139.0 21.0 24.0
0 589.0 104.5 16.0 23.0
0 599.5 139.0 21.0 26.0
0 578.5 49.5 9.0 15.0
0 594.0 71.5 10.0 15.0
0 539.5 49.5 9.0 13.0
0 560.0 60.5 8.0 13.0
0 530.5 61.0 9.0 12.0
0 517.0 51.0 8.0 12.0
0 497.0 50.0 10.0 12.0
0 510.5 58.5 9.0 11.0
0 518.0 72.5 14.0 17.0
0 547.0 85.5 12.0 17.0
0 556.5 98.0 15.0 20.0
0 552.5 123.0 15.0 24.0
0 567.5 158.5 25.0 31.0
0 509.0 101.0 16.0 22.0
0 507.0 129.5 20.0 23.0
0 504.0 161.0 24.0 32.0
0 468.0 120.5 16.0 19.0
0 455.5 148.0 21.0 28.0
0 447.0 44.5 10.0 15.0
0 444.5 69.5 13.0 19.0
0 459.5 82.5 15.0 19.0
0 476.5 86.0 11.0 18.0
0 486.5 68.0 11.0 16.0
0 469.0 49.0 10.0 12.0
0 435.5 101.0 13.0 18.0
0 413.5 148.5 21.0 27.0
0 419.0 95.0 12.0 14.0
0 408.5 64.0 7.0 10.0
0 381.5 81.0 9.0 12.0
0 401.0 83.0 10.0 14.0
0 384.0 107.0 12.0 16.0
0 357.0 86.5 10.0 15.0
0 375.0 77.0 10.0 14.0
0 394.5 76.5 9.0 13.0
0 355.5 106.5 13.0 17.0
0 369.0 98.5 12.0 17.0
0 169.5 170.5 33.0 43.0
0 358.0 136.5 16.0 21.0
0 289.0 108.0 14.0 14.0
0 321.5 96.5 13.0 13.0
0 313.0 105.5 14.0 17.0
0 261.5 110.5 13.0 15.0
0 236.5 123.0 11.0 16.0
0 265.0 133.5 12.0 17.0
0 282.5 133.0 13.0 16.0
