0 202.0 121.5 16.0 19.0
0 292.0 120.0 14.0 20.0
0 347.0 107.0 16.0 20.0
0 363.5 113.0 17.0 20.0
0 396.5 135.5 19.0 21.0
0 436.0 126.0 26.0 32.0
0 485.0 129.0 20.0 22.0
0 460.0 120.5 16.0 21.0
0 424.5 98.5 13.0 15.0
0 403.5 98.5 17.0 17.0
0 384.5 96.5 13.0 13.0
0 431.5 83.0 11.0 14.0
0 493.5 101.0 15.0 18.0
0 482.0 90.5 14.0 15.0
0 516.5 99.5 13.0 19.0
0 548.0 103.5 18.0 17.0
0 474.0 76.5 12.0 13.0
0 482.5 74.5 11.0 13.0
0 583.0 100.5 18.0 19.0
0 545.0 79.0 12.0 14.0
0 521.5 75.5 9.0 13.0
0 515.5 74.5 15.0 15.0
0 580.0 71.0 10.0 14.0
0 589.0 76.5 12.0 17.0
0 601.0 70.0 12.0 14.0
0 624.5 79.0 15.0 14.0
0 655.5 83.5 19.0 17.0
0 662.5 64.0 15.0 20.0
0 682.0 70.0 12.0 18.0
0 717.5 67.0 15.0 16.0
0 611.5 64.5 15.0 13.0
0 636.5 70.5 13.0 11.0
0 568.0 152.5 28.0 35.0
0 578.5 140.0 27.0 30.0
0 639.0 140.5 18.0 29.0
0 639.0 114.0 14.0 22.0
0 656.0 108.5 16.0 17.0
0 676.0 126.5 20.0 25.0
0 684.0 148.0 20.0 26.0
0 739.5 153.5 27.0 29.0
0 723.0 134.5 20.0 25.0
0 699.0 99.0 18.0 18.0
0 701.0 121.0 18.0 22.0
0 746.5 104.5 17.0 17.0
0 755.0 118.0 18.0 20.0
0 771.5 146.0 21.0 24.0
0 798.0 165.5 22.0 31.0
0 844.5 180.5 25.0 29.0
0 913.0 205.5 24.0 33.0
0 929.0 172.0 20.0 28.0
0 883.0 149.5 22.0 27.0
0 841.0 138.0 18.0 24.0
0 798.0 124.5 16.0 19.0
0 772.0 73.0 14.0 20.0
0 745.0 92.5 16.0 13.0
0 790.0 88.0 10.0 16.0
0 799.5 79.5 11.0 15.0
0 807.5 93.0 11.0 16.0
0 816.5 88.0 11.0 18.0
0 825.0 79.0 14.0 18.0
0 845.0 119.5 16.0 15.0
0 856.0 104.0 16.0 18.0
0 835.0 106.5 16.0 15.0
0 845.5 93.0 11.0 18.0
0 857.0 89.5 10.0 17.0
0 872.0 97.5 12.0 21.0
0 887.5 93.0 13.0 22.0
0 910.5 93.0 11.0 18.0
0 906.5 121.0 11.0 14.0
0 929.5 132.5 15.0 23.0
0 948.5 125.0 13.0 16.0
0 955.5 103.0 17.0 18.0
