0 163.0 340.5 52.0 67.0
0 280.0 183.0 28.0 30.0
0 266.0 166.5 22.0 25.0
0 337.5 150.0 19.0 24.0
0 356.5 153.0 19.0 26.0
0 379.5 135.0 21.0 26.0
0 410.0 151.5 22.0 29.0
0 431.0 133.5 18.0 23.0
0 456.0 163.5 24.0 27.0
0 486.0 150.0 20.0 24.0
0 545.0 187.0 30.0 28.0
0 449.0 125.0 18.0 18.0
0 479.0 120.0 16.0 18.0
0 531.5 125.5 23.0 23.0
0 534.0 105.5 16.0 19.0
0 578.0 156.0 24.0 26.0
0 608.0 129.5 18.0 19.0
0 590.5 113.5 17.0 23.0
0 573.5 111.0 15.0 16.0
0 558.0 106.5 18.0 19.0
0 609.0 100.0 20.0 20.0
0 640.0 111.0 18.0 20.0
0 650.5 102.0 17.0 18.0
0 684.0 138.0 20.0 24.0
0 704.0 133.5 20.0 25.0
0 690.5 106.5 23.0 23.0
0 682.5 88.0 17.0 18.0
0 710.5 87.0 19.0 22.0
0 719.5 112.0 21.0 22.0
0 753.5 113.5 17.0 23.0
0 767.5 127.5 19.0 23.0
0 812.5 116.0 15.0 18.0
0 805.5 96.0 15.0 22.0
0 777.5 84.5 21.0 23.0
0 740.0 79.5 20.0 17.0
0 824.0 86.0 16.0 20.0
0 852.5 90.0 17.0 18.0
0 879.5 100.0 19.0 22.0
0 861.5 138.0 19.0 24.0
0 839.5 116.0 19.0 22.0
0 707.0 210.0 28.0 34.0
0 747.5 228.5 33.0 35.0
0 756.0 184.0 24.0 30.0
0 817.0 158.0 28.0 34.0
0 895.0 165.0 22.0 26.0
0 813.0 247.5 26.0 31.0
0 891.0 243.5 30.0 35.0
0 992.5 285.5 31.0 49.0
0 1044.5 310.0 39.0 46.0
0 1092.5 244.5 23.0 31.0
0 1191.0 273.5 28.0 39.0
0 1176.0 234.5 24.0 33.0
0 1206.5 225.0 21.0 28.0
0 1202.0 198.0 18.0 24.0
0 1214.5 172.5 23.0 25.0
0 1177.0 154.0 22.0 28.0
0 1151.5 169.5 17.0 19.0
0 1146.5 203.0 25.0 28.0
0 1117.5 161.0 15.0 20.0
0 1106.5 146.0 17.0 24.0
0 1097.0 181.0 22.0 26.0
0 1080.0 197.0 28.0 28.0
0 1067.0 212.5 24.0 27.0
0 1009.0 185.0 24.0 28.0
0 927.5 184.0 29.0 28.0
0 918.5 145.0 21.0 22.0
0 924.5 123.0 15.0 18.0
0 964.0 133.0 18.0 22.0
0 984.5 155.5 19.0 27.0
0 1014.0 146.0 18.0 20.0
0 1043.5 136.5 17.0 21.0
0 1078.0 146.5 20.0 21.0
0 1000.0 122.5 20.0 25.0
0 957.0 115.0 20.0 20.0
