0 239.5 306.0 55.0 66.0
0 345.5 190.5 23.0 29.0
0 342.0 185.0 22.0 30.0
0 400.5 180.5 25.0 27.0
0 422.0 182.0 22.0 30.0
0 453.5 174.5 25.0 29.0
0 470.0 190.5 32.0 29.0
0 512.5 190.5 31.0 37.0
0 427.0 150.5 20.0 27.0
0 413.5 154.5 19.0 25.0
0 467.5 140.0 25.0 24.0
0 501.0 124.0 20.0 22.0
0 539.5 126.5 21.0 23.0
0 532.5 154.5 27.0 31.0
0 570.0 156.5 24.0 29.0
0 567.5 106.5 21.0 27.0
0 589.0 108.5 22.0 25.0
0 596.5 137.5 23.0 25.0
0 621.5 153.5 27.0 31.0
0 647.0 134.0 22.0 24.0
0 680.0 132.0 24.0 30.0
0 644.5 108.5 21.0 23.0
0 616.0 94.0 18.0 16.0
0 621.0 115.0 18.0 26.0
0 658.5 96.0 23.0 24.0
0 719.0 113.5 22.0 27.0
0 707.0 100.5 16.0 21.0
0 736.0 104.0 20.0 26.0
0 725.5 95.0 17.0 22.0
0 761.5 102.5 23.0 27.0
0 765.0 71.0 16.0 22.0
0 782.0 91.5 16.0 23.0
0 813.0 86.0 20.0 24.0
0 848.5 85.5 23.0 23.0
0 628.0 210.5 36.0 43.0
0 681.5 220.0 43.0 46.0
0 724.5 168.0 31.0 36.0
0 776.0 148.5 30.0 37.0
0 772.0 183.5 32.0 39.0
0 827.0 185.5 30.0 37.0
0 844.0 140.5 32.0 29.0
0 819.5 124.5 23.0 31.0
0 894.0 191.0 38.0 44.0
0 847.0 244.0 54.0 50.0
0 933.0 248.5 48.0 49.0
0 890.5 151.0 27.0 32.0
0 916.5 142.0 27.0 32.0
0 906.5 107.5 21.0 23.0
0 857.0 115.5 24.0 25.0
0 869.0 135.5 26.0 25.0
0 942.0 105.5 24.0 27.0
0 960.0 114.0 22.0 34.0
0 959.5 92.0 19.0 26.0
0 977.5 101.5 21.0 31.0
0 997.5 101.5 15.0 21.0
0 1004.0 121.5 20.0 29.0
0 974.5 140.0 27.0 32.0
0 948.0 159.0 26.0 32.0
0 986.5 207.0 39.0 42.0
0 1013.0 158.0 30.0 38.0
0 1051.5 147.0 27.0 30.0
0 1063.5 128.5 27.0 31.0
0 1090.0 100.0 20.0 30.0
0 1110.5 133.0 19.0 30.0
0 1102.0 154.5 24.0 33.0
0 1087.0 163.0 26.0 34.0
0 1137.0 178.0 30.0 36.0
0 1091.0 217.0 38.0 42.0
