0 144.0 185.5 36.0 43.0
0 308.5 113.0 15.0 18.0
0 361.0 128.0 18.0 20.0
0 375.0 114.5 14.0 15.0
0 394.0 144.0 18.0 22.0
0 366.0 103.0 14.0 18.0
0 372.5 91.5 13.0 13.0
0 404.5 98.0 13.0 12.0
0 399.5 117.0 13.0 16.0
0 431.5 115.0 17.0 20.0
0 429.5 96.0 15.0 16.0
0 407.0 85.5 10.0 13.0
0 454.0 100.5 16.0 17.0
0 447.5 86.0 13.0 12.0
0 462.5 79.5 11.0 11.0
0 454.0 71.5 10.0 13.0
0 475.0 70.0 10.0 14.0
0 490.0 106.0 16.0 18.0
0 478.0 122.0 18.0 20.0
0 521.0 106.5 16.0 17.0
0 504.5 91.0 13.0 16.0
0 511.5 81.0 13.0 14.0
0 532.5 71.0 11.0 14.0
0 552.5 63.0 11.0 14.0
0 565.0 91.0 14.0 18.0
0 553.0 83.5 12.0 17.0
0 576.5 72.0 15.0 16.0
0 601.0 77.0 12.0 14.0
0 590.5 60.0 9.0 12.0
0 601.0 67.0 10.0 12.0
0 527.0 92.5 12.0 15.0
0 628.5 80.5 13.0 13.0
0 626.0 58.5 10.0 13.0
0 655.5 67.5 11.0 13.0
0 692.0 63.0 12.0 12.0
0 591.5 135.0 23.0 28.0
0 542.0 145.5 24.0 27.0
0 600.5 166.0 29.0 26.0
0 650.5 197.0 31.0 34.0
0 701.0 169.0 26.0 30.0
0 724.0 136.0 18.0 24.0
0 655.0 104.0 16.0 18.0
0 685.0 103.0 16.0 18.0
0 678.5 86.0 13.0 14.0
0 691.5 81.5 11.0 17.0
0 711.0 91.0 16.0 14.0
0 711.5 81.5 15.0 17.0
0 729.5 92.0 13.0 16.0
0 720.0 110.0 14.0 18.0
0 759.0 121.5 16.0 19.0
0 754.0 97.5 12.0 17.0
0 755.5 73.0 11.0 14.0
0 771.5 88.0 13.0 18.0
0 800.0 102.5 14.0 19.0
0 816.5 90.0 13.0 20.0
0 798.0 144.0 18.0 24.0
0 806.0 122.0 14.0 16.0
0 828.0 172.0 22.0 28.0
0 828.0 144.0 18.0 24.0
0 855.0 136.5 14.0 21.0
0 897.0 181.5 20.0 25.0
0 863.5 111.5 15.0 21.0
0 844.5 96.5 13.0 19.0
0 901.5 131.5 11.0 21.0
0 918.5 118.0 17.0 18.0
0 906.5 107.0 13.0 20.0
0 904.0 91.0 12.0 16.0
