0 79.5 310.5 63.0 77.0
0 280.0 170.0 18.0 22.0
0 307.0 164.5 18.0 21.0
0 323.5 156.0 25.0 24.0
0 332.0 172.5 16.0 23.0
0 359.0 169.0 26.0 26.0
0 340.0 139.5 18.0 19.0
0 370.0 127.0 16.0 20.0
0 379.0 142.5 20.0 25.0
0 436.5 170.5 29.0 27.0
0 406.0 139.0 22.0 22.0
0 415.0 121.5 22.0 25.0
0 442.5 136.0 21.0 24.0
0 499.0 141.5 22.0 27.0
0 458.5 110.5 17.0 21.0
0 440.0 102.5 16.0 15.0
0 480.5 122.5 19.0 21.0
0 505.0 118.5 16.0 19.0
0 520.0 120.5 22.0 23.0
0 568.0 130.0 20.0 20.0
0 486.0 85.5 12.0 17.0
0 494.0 97.5 14.0 17.0
0 513.5 98.0 15.0 16.0
0 509.0 90.0 14.0 16.0
0 521.0 83.5 12.0 17.0
0 540.0 102.5 14.0 19.0
0 565.5 85.0 19.0 20.0
0 575.0 77.0 16.0 18.0
0 588.0 95.0 20.0 22.0
0 621.5 103.5 19.0 23.0
0 597.0 69.0 16.0 16.0
0 628.5 64.5 15.0 17.0
0 637.0 72.5 12.0 15.0
0 654.5 68.0 13.0 16.0
0 660.0 59.5 14.0 17.0
0 670.0 82.0 16.0 20.0
0 684.5 62.0 13.0 16.0
0 696.0 69.5 16.0 19.0
0 722.0 74.5 18.0 19.0
0 739.5 88.0 19.0 22.0
0 749.5 58.5 15.0 23.0
0 759.5 81.5 19.0 23.0
0 700.0 103.5 22.0 27.0
0 649.5 131.0 27.0 28.0
0 610.0 147.5 24.0 27.0
0 658.0 160.0 30.0 34.0
0 574.0 189.0 36.0 42.0
0 525.0 177.0 36.0 34.0
0 620.5 221.0 35.0 40.0
0 723.5 197.5 35.0 47.0
0 718.0 156.0 28.0 34.0
0 756.5 173.5 29.0 35.0
0 711.0 128.0 26.0 32.0
0 737.5 111.5 17.0 25.0
0 755.5 134.0 25.0 30.0
0 791.5 119.5 23.0 31.0
0 814.5 138.0 27.0 34.0
0 840.5 171.0 33.0 40.0
0 930.5 134.5 19.0 25.0
0 955.0 124.0 16.0 24.0
0 990.0 162.5 24.0 33.0
0 990.0 116.5 16.0 27.0
0 995.0 95.5 16.0 23.0
0 954.5 100.5 17.0 21.0
0 961.0 76.5 12.0 19.0
0 934.5 79.5 15.0 19.0
0 927.5 92.5 15.0 17.0
0 910.5 109.5 21.0 21.0
0 858.5 108.0 21.0 26.0
0 874.5 100.0 19.0 24.0
0 889.5 85.5 15.0 21.0
0 873.0 76.0 12.0 20.0
0 850.0 79.0 14.0 20.0
0 842.0 69.0 16.0 20.0
0 819.0 77.5 16.0 19.0
0 814.5 97.0 17.0 22.0
0 780.0 95.5 20.0 21.0
0 793.0 75.5 14.0 21.0
0 806.5 77.0 17.0 22.0
