0 212.5 249.5 61.0 63.0
0 297.0 155.5 16.0 17.0
0 316.0 149.0 16.0 24.0
0 329.0 153.5 18.0 23.0
0 403.5 168.0 19.0 20.0
0 383.0 158.5 10.0 21.0
0 413.5 110.0 19.0 22.0
0 435.5 113.5 15.0 15.0
0 448.0 107.0 20.0 22.0
0 456.5 98.0 15.0 16.0
0 477.0 135.5 24.0 23.0
0 484.5 112.5 23.0 23.0
0 506.0 85.5 14.0 19.0
0 508.0 113.5 24.0 25.0
0 507.5 134.5 17.0 23.0
0 523.0 88.0 22.0 22.0
0 528.5 104.5 15.0 19.0
0 539.5 113.5 21.0 25.0
0 563.0 118.5 28.0 27.0
0 555.0 97.5 20.0 23.0
0 555.5 82.0 15.0 18.0
0 567.0 80.0 24.0 20.0
0 582.0 105.0 18.0 22.0
0 608.0 102.5 18.0 17.0
0 586.5 77.0 15.0 18.0
0 601.5 76.5 17.0 17.0
0 621.5 84.0 21.0 24.0
0 546.5 181.5 35.0 29.0
0 641.5 64.0 15.0 16.0
0 662.0 60.5 14.0 13.0
0 685.5 65.0 21.0 22.0
0 659.0 89.0 14.0 14.0
0 707.0 69.0 12.0 24.0
0 708.5 85.0 25.0 24.0
0 676.0 124.0 24.0 22.0
0 613.5 145.5 21.0 21.0
0 605.5 179.5 33.0 25.0
0 677.5 179.0 29.0 32.0
0 673.5 149.5 27.0 25.0
0 705.5 131.0 23.0 24.0
0 757.0 58.5 12.0 17.0
0 752.5 105.5 29.0 27.0
0 749.5 142.5 27.0 27.0
0 774.0 99.5 24.0 27.0
0 781.0 125.0 24.0 20.0
0 779.5 152.5 27.0 31.0
0 756.5 187.0 37.0 32.0
0 799.5 72.5 15.0 19.0
0 820.0 82.5 20.0 25.0
0 807.5 131.5 23.0 35.0
0 796.5 225.0 45.0 46.0
0 848.0 162.0 32.0 36.0
0 839.5 119.5 27.0 31.0
0 840.5 85.5 21.0 27.0
0 864.5 88.0 21.0 24.0
0 873.5 200.5 35.0 39.0
0 913.0 173.0 26.0 28.0
0 874.5 151.5 29.0 25.0
0 895.0 119.0 26.0 28.0
0 895.5 90.0 17.0 22.0
0 899.5 76.5 13.0 19.0
0 928.5 76.0 13.0 16.0
0 922.0 89.5 16.0 17.0
0 961.5 86.5 11.0 15.0
0 943.5 120.0 21.0 20.0
0 928.0 156.5 24.0 33.0
0 954.0 222.0 36.0 42.0
0 977.5 176.0 23.0 30.0
0 982.5 149.0 17.0 18.0
0 994.0 121.0 14.0 26.0
0 997.0 97.0 12.0 12.0
0 705.0 102.0 30.0 28.0
0 402.0 150.5 18.0 19.0
