0 76.0 255.0 48.0 54.0
0 280.0 169.0 18.0 20.0
0 320.5 152.5 17.0 21.0
0 328.5 159.5 19.0 23.0
0 365.5 168.5 21.0 25.0
0 359.5 152.5 23.0 27.0
0 347.0 133.5 14.0 21.0
0 375.0 133.0 18.0 18.0
0 383.5 142.5 17.0 19.0
0 406.5 139.0 21.0 18.0
0 420.0 120.5 20.0 21.0
0 451.5 132.5 17.0 21.0
0 461.5 164.5 33.0 35.0
0 505.5 147.5 21.0 27.0
0 483.0 135.0 16.0 26.0
0 445.0 103.0 16.0 14.0
0 456.5 114.0 17.0 16.0
0 491.0 102.0 14.0 20.0
0 501.0 116.5 22.0 25.0
0 523.0 121.0 18.0 22.0
0 516.0 101.5 16.0 21.0
0 487.0 90.5 14.0 17.0
0 504.0 94.0 14.0 18.0
0 525.5 80.0 15.0 16.0
0 566.5 102.0 15.0 26.0
0 564.5 85.5 15.0 17.0
0 570.0 80.5 14.0 19.0
0 584.5 115.0 21.0 26.0
0 577.5 103.0 17.0 20.0
0 595.5 83.5 13.0 17.0
0 603.0 71.5 14.0 17.0
0 618.0 88.5 16.0 21.0
0 612.5 104.5 19.0 21.0
0 632.5 70.0 13.0 14.0
0 636.0 60.5 14.0 15.0
0 674.0 59.0 12.0 10.0
0 672.0 72.0 12.0 14.0
0 687.0 77.5 12.0 19.0
0 698.5 60.0 9.0 16.0
0 670.0 87.5 16.0 19.0
0 646.5 125.5 21.0 23.0
0 611.5 143.0 23.0 24.0
0 604.0 172.5 24.0 29.0
0 528.5 178.5 27.0 29.0
0 629.5 213.0 33.0 34.0
0 657.5 158.5 33.0 35.0
0 703.5 134.5 25.0 23.0
0 698.5 109.5 21.0 21.0
0 710.5 159.5 25.0 33.0
0 721.0 219.0 36.0 40.0
0 758.5 173.5 31.0 33.0
0 749.5 135.5 23.0 27.0
0 761.5 112.0 19.0 24.0
0 743.0 90.5 18.0 27.0
0 723.5 75.0 21.0 18.0
0 733.0 69.0 16.0 16.0
0 782.0 83.0 14.0 20.0
0 798.5 77.0 15.0 24.0
0 806.5 70.0 11.0 16.0
0 826.5 80.0 17.0 20.0
0 837.0 76.5 12.0 19.0
0 855.0 84.5 12.0 17.0
0 799.5 103.0 15.0 22.0
0 792.0 119.0 20.0 26.0
0 815.0 136.5 26.0 31.0
0 817.5 105.0 19.0 20.0
0 859.5 106.5 21.0 19.0
0 874.5 100.5 15.0 21.0
0 869.0 84.0 14.0 16.0
0 899.0 88.0 18.0 18.0
0 924.5 76.5 17.0 17.0
0 928.0 100.0 16.0 18.0
0 908.5 101.0 15.0 16.0
0 903.5 112.5 19.0 21.0
0 932.0 139.0 18.0 30.0
0 957.0 116.0 18.0 22.0
0 965.0 81.5 12.0 21.0
0 964.0 101.0 12.0 14.0
0 993.5 95.5 11.0 15.0
0 989.5 107.0 15.0 20.0
0 993.5 119.0 17.0 20.0
0 991.0 165.5 22.0 29.0
0 879.5 146.5 27.0 31.0
0 844.5 172.0 27.0 32.0
