0 126.5 347.0 61.0 66.0
0 291.0 157.5 16.0 23.0
0 302.5 153.0 17.0 24.0
0 312.0 175.0 20.0 24.0
0 401.5 171.5 23.0 23.0
0 388.0 162.5 16.0 21.0
0 373.0 145.5 18.0 17.0
0 396.5 146.5 19.0 19.0
0 404.0 114.5 14.0 19.0
0 422.0 117.5 18.0 17.0
0 447.0 111.0 16.0 20.0
0 446.0 89.5 14.0 17.0
0 481.5 113.0 19.0 22.0
0 500.5 114.5 21.0 23.0
0 510.0 136.5 22.0 25.0
0 483.0 138.0 26.0 26.0
0 477.0 99.5 14.0 15.0
0 511.0 93.5 14.0 17.0
0 505.0 82.5 12.0 13.0
0 525.5 118.5 21.0 27.0
0 543.5 108.5 17.0 19.0
0 562.0 125.5 24.0 29.0
0 544.5 82.0 13.0 16.0
0 563.0 86.0 18.0 18.0
0 582.0 75.0 16.0 16.0
0 593.0 69.5 14.0 17.0
0 600.0 82.0 14.0 18.0
0 612.5 91.5 13.0 19.0
0 628.5 108.0 17.0 24.0
0 624.0 64.5 14.0 17.0
0 642.0 66.5 10.0 17.0
0 658.5 61.5 15.0 19.0
0 655.5 97.0 17.0 18.0
0 700.0 105.0 20.0 24.0
0 692.5 83.0 15.0 18.0
0 696.5 72.5 13.0 17.0
0 689.0 63.0 14.0 18.0
0 722.5 62.0 17.0 20.0
0 748.0 71.0 14.0 18.0
0 591.0 109.5 18.0 19.0
0 534.5 177.5 35.0 39.0
0 579.5 195.0 29.0 32.0
0 617.0 149.5 24.0 25.0
0 665.0 149.5 26.0 29.0
0 680.5 122.5 19.0 21.0
0 713.0 130.0 26.0 30.0
0 752.0 91.5 16.0 19.0
0 761.5 109.0 19.0 28.0
0 783.5 119.5 21.0 29.0
0 780.5 150.5 23.0 33.0
0 752.5 143.0 27.0 28.0
0 809.5 82.5 15.0 19.0
0 805.0 69.5 14.0 15.0
0 820.0 76.5 16.0 19.0
0 852.5 84.5 19.0 23.0
0 870.0 88.5 18.0 25.0
0 892.5 84.0 15.0 20.0
0 914.5 77.0 13.0 20.0
0 930.0 79.5 14.0 15.0
0 923.5 101.0 17.0 22.0
0 933.5 96.0 13.0 14.0
0 950.5 122.5 19.0 21.0
0 954.0 104.0 16.0 16.0
0 966.0 100.0 14.0 18.0
0 963.5 81.0 9.0 16.0
0 994.5 128.0 19.0 24.0
0 998.5 151.0 21.0 22.0
0 981.0 161.5 22.0 25.0
0 978.0 189.0 32.0 36.0
0 963.0 247.5 38.0 51.0
0 872.5 247.0 39.0 48.0
0 799.0 231.0 34.0 44.0
0 745.5 186.5 43.0 45.0
0 673.0 191.0 42.0 42.0
0 818.5 148.5 29.0 41.0
0 829.0 111.0 22.0 24.0
0 870.0 154.0 26.0 32.0
0 892.0 127.0 20.0 32.0
0 906.5 173.5 33.0 35.0
0 943.0 157.5 26.0 33.0
