0 61.0 324.5 60.0 69.0
0 272.0 164.0 20.0 24.0
0 295.5 153.0 19.0 20.0
0 320.0 152.5 22.0 21.0
0 340.5 161.0 21.0 26.0
0 363.5 155.5 21.0 23.0
0 334.5 136.0 17.0 20.0
0 367.0 130.5 22.0 23.0
0 391.5 126.5 17.0 19.0
0 405.0 127.0 16.0 20.0
0 414.0 116.5 14.0 17.0
0 432.5 167.5 31.0 31.0
0 434.0 103.0 14.0 16.0
0 455.5 126.5 19.0 19.0
0 477.0 129.0 20.0 24.0
0 495.0 142.5 26.0 27.0
0 493.0 118.5 16.0 21.0
0 489.0 96.5 18.0 19.0
0 484.0 80.5 12.0 13.0
0 459.5 98.5 19.0 21.0
0 510.5 95.0 17.0 20.0
0 515.0 76.0 12.0 14.0
0 505.0 82.0 12.0 12.0
0 547.0 109.0 18.0 18.0
0 534.5 98.5 17.0 19.0
0 553.0 83.0 16.0 16.0
0 566.0 76.0 14.0 18.0
0 587.5 94.5 17.0 21.0
0 578.0 116.0 18.0 20.0
0 608.0 93.5 20.0 21.0
0 616.5 86.0 15.0 18.0
0 594.5 66.0 13.0 16.0
0 622.0 72.0 10.0 14.0
0 661.0 81.5 18.0 17.0
0 647.5 71.0 13.0 16.0
0 638.0 55.5 18.0 17.0
0 667.0 56.5 12.0 13.0
0 674.5 69.5 15.0 15.0
0 684.5 59.0 15.0 16.0
0 715.0 69.0 14.0 16.0
0 737.0 55.5 14.0 21.0
0 519.5 176.5 27.0 37.0
0 587.0 167.0 28.0 34.0
0 607.5 147.5 23.0 27.0
0 648.0 147.0 28.0 28.0
0 650.5 119.5 23.0 27.0
0 699.5 104.0 23.0 22.0
0 709.5 121.5 23.0 29.0
0 703.0 148.0 22.0 30.0
0 718.0 199.0 32.0 40.0
0 645.5 191.5 33.0 33.0
0 766.0 165.5 26.0 31.0
0 753.0 129.0 20.0 28.0
0 739.0 102.5 20.0 21.0
0 740.5 82.5 17.0 19.0
0 748.5 79.0 19.0 22.0
0 782.0 71.0 18.0 22.0
0 796.0 107.0 22.0 26.0
0 813.0 134.0 22.0 26.0
0 832.0 179.0 28.0 42.0
0 815.5 93.5 19.0 21.0
0 803.0 58.5 14.0 19.0
0 815.5 76.5 17.0 17.0
0 795.0 81.0 16.0 16.0
0 848.5 71.0 11.0 16.0
0 854.5 81.0 13.0 16.0
0 863.5 74.5 11.0 17.0
0 866.5 96.5 15.0 25.0
0 854.0 104.0 18.0 26.0
0 886.5 82.0 15.0 20.0
0 900.0 108.5 20.0 21.0
0 911.0 89.5 14.0 21.0
0 928.0 75.0 12.0 18.0
0 923.5 89.5 15.0 15.0
0 929.0 132.0 18.0 26.0
0 941.0 106.5 16.0 21.0
0 949.5 95.5 15.0 23.0
0 964.5 78.5 13.0 17.0
0 992.5 92.0 13.0 16.0
0 986.5 114.0 19.0 26.0
0 979.5 170.5 23.0 33.0
