0 172.5 182.5 37.0 41.0
0 273.0 113.5 16.0 15.0
0 287.5 97.0 17.0 18.0
0 303.5 100.5 17.0 17.0
0 360.5 102.5 17.0 19.0
0 367.0 89.0 16.0 16.0
0 387.5 108.0 17.0 18.0
0 389.5 93.5 15.0 15.0
0 410.5 94.5 13.0 17.0
0 417.0 114.0 18.0 22.0
0 387.0 77.0 12.0 14.0
0 405.5 73.5 9.0 11.0
0 420.5 74.5 11.0 13.0
0 407.5 67.5 11.0 11.0
0 427.5 66.0 11.0 14.0
0 442.0 70.5 12.0 17.0
0 435.5 78.5 13.0 17.0
0 466.5 78.0 11.0 14.0
0 459.0 69.5 10.0 9.0
0 475.0 70.0 10.0 12.0
0 481.0 62.5 8.0 11.0
0 481.0 82.5 14.0 17.0
0 472.0 93.5 14.0 19.0
0 507.5 83.5 13.0 17.0
0 502.5 71.5 13.0 15.0
0 505.0 58.5 14.0 11.0
0 520.5 72.5 13.0 17.0
0 528.5 66.5 9.0 13.0
0 543.5 53.0 11.0 12.0
0 557.5 62.5 11.0 13.0
0 565.0 55.5 10.0 11.0
0 576.5 55.0 9.0 12.0
0 571.0 65.5 10.0 13.0
0 565.0 75.5 12.0 15.0
0 546.5 78.0 15.0 14.0
0 594.5 61.0 9.0 12.0
0 607.0 63.0 10.0 16.0
0 611.0 59.0 8.0 12.0
0 620.5 84.5 13.0 13.0
0 578.0 94.0 16.0 20.0
0 559.5 100.5 17.0 19.0
0 507.0 116.5 16.0 21.0
0 519.5 150.5 27.0 39.0
0 551.0 122.5 16.0 19.0
0 450.5 144.0 23.0 24.0
0 580.0 135.5 18.0 21.0
0 582.0 112.0 18.0 20.0
0 609.0 106.0 16.0 18.0
0 634.5 109.5 21.0 21.0
0 605.5 157.0 29.0 30.0
0 632.5 177.5 29.0 37.0
0 659.5 65.0 11.0 14.0
0 662.0 73.5 12.0 19.0
0 680.5 71.5 11.0 15.0
0 694.0 86.0 12.0 16.0
0 674.0 91.0 14.0 16.0
0 647.5 87.0 13.0 16.0
0 681.5 120.0 17.0 18.0
0 710.5 97.5 13.0 17.0
0 722.0 88.0 12.0 16.0
0 734.0 79.0 12.0 16.0
0 752.0 98.5 14.0 21.0
0 767.0 80.0 16.0 18.0
0 796.5 84.5 13.0 17.0
0 821.0 87.0 12.0 18.0
0 818.5 107.0 13.0 18.0
0 805.5 122.0 17.0 22.0
0 816.5 119.5 13.0 19.0
0 809.0 146.0 18.0 28.0
0 797.5 167.0 19.0 32.0
0 764.0 133.0 18.0 26.0
0 756.0 92.0 12.0 18.0
0 777.5 98.5 15.0 19.0
0 773.0 113.5 18.0 19.0
0 718.5 109.5 13.0 21.0
0 700.5 136.5 25.0 27.0
0 708.5 132.5 17.0 23.0
0 738.5 148.0 17.0 26.0
0 713.0 174.0 28.0 32.0
0 781.0 218.0 26.0 40.0
