0 351.5 232.5 59.0 61.0
0 408.0 122.5 20.0 25.0
0 375.5 124.0 21.0 24.0
0 329.5 125.5 19.0 23.0
0 306.5 112.5 19.0 21.0
0 263.5 121.0 15.0 16.0
0 259.0 110.5 20.0 19.0
0 297.0 101.5 18.0 21.0
0 319.5 99.5 17.0 23.0
0 329.5 109.0 15.0 16.0
0 346.5 103.5 17.0 21.0
0 363.5 105.0 19.0 20.0
0 362.5 83.0 17.0 18.0
0 380.5 80.5 15.0 19.0
0 404.5 101.5 17.0 23.0
0 415.0 107.5 18.0 21.0
0 404.0 81.0 14.0 16.0
0 413.0 92.0 14.0 16.0
0 436.5 99.5 19.0 23.0
0 392.0 77.5 14.0 17.0
0 442.5 74.0 13.0 16.0
0 437.5 66.5 11.0 13.0
0 458.5 62.0 15.0 16.0
0 469.5 76.5 11.0 17.0
0 466.0 96.5 18.0 21.0
0 494.5 97.5 17.0 21.0
0 495.5 78.5 13.0 19.0
0 480.5 66.5 13.0 15.0
0 505.0 68.5 12.0 17.0
0 511.5 81.0 13.0 20.0
0 510.5 63.0 13.0 14.0
0 533.0 71.0 14.0 16.0
0 548.5 79.5 15.0 15.0
0 549.0 59.5 12.0 13.0
0 560.0 55.5 10.0 15.0
0 571.5 67.5 15.0 15.0
0 587.5 77.5 13.0 19.0
0 600.0 71.5 12.0 17.0
0 608.0 55.0 10.0 14.0
0 624.5 62.0 13.0 16.0
0 646.5 55.0 3.0 20.0
0 651.5 54.5 13.0 19.0
0 642.5 88.5 19.0 23.0
0 610.5 98.5 15.0 19.0
0 585.5 124.0 25.0 28.0
0 574.5 111.5 19.0 19.0
0 532.5 119.5 25.0 25.0
0 644.0 162.0 36.0 40.0
0 633.0 128.5 20.0 25.0
0 627.0 113.5 20.0 21.0
0 659.5 93.5 17.0 21.0
0 672.5 75.5 15.0 21.0
0 685.5 82.0 17.0 22.0
0 694.5 103.5 17.0 21.0
0 670.0 118.5 22.0 23.0
0 708.0 128.0 28.0 30.0
0 689.0 201.0 36.0 40.0
0 737.5 147.0 27.0 28.0
0 739.0 106.0 20.0 24.0
0 733.0 84.5 16.0 17.0
0 718.0 63.5 12.0 19.0
0 736.5 66.5 13.0 17.0
0 754.0 66.0 16.0 16.0
0 761.5 85.0 15.0 16.0
0 753.5 103.5 15.0 19.0
0 763.0 129.5 20.0 25.0
0 784.0 113.0 18.0 22.0
0 798.0 88.5 18.0 23.0
0 787.5 76.5 13.0 19.0
0 773.0 78.0 14.0 16.0
0 828.0 91.5 12.0 15.0
0 826.0 121.0 16.0 22.0
0 837.0 172.5 26.0 35.0
0 865.0 131.5 20.0 27.0
0 854.5 112.0 13.0 20.0
0 837.5 74.0 15.0 20.0
0 860.5 99.5 11.0 15.0
0 871.0 101.5 12.0 15.0
0 876.5 91.0 15.0 16.0
