0 204.5 210.5 49.0 53.0
0 294.0 127.0 14.0 20.0
0 328.5 137.5 17.0 23.0
0 338.0 103.0 14.0 18.0
0 337.5 127.0 15.0 16.0
0 359.5 107.5 17.0 19.0
0 379.5 113.5 17.0 23.0
0 393.5 141.0 19.0 22.0
0 384.0 134.5 16.0 17.0
0 411.5 110.5 19.0 23.0
0 434.5 129.5 19.0 27.0
0 455.5 124.0 19.0 22.0
0 456.0 109.5 16.0 17.0
0 450.0 95.5 16.0 17.0
0 427.0 97.0 16.0 18.0
0 434.0 82.0 12.0 18.0
0 470.0 82.5 14.0 19.0
0 482.5 81.0 13.0 16.0
0 488.0 103.0 20.0 22.0
0 517.0 122.5 20.0 23.0
0 511.0 108.5 14.0 15.0
0 508.5 91.0 15.0 18.0
0 499.5 81.0 13.0 14.0
0 514.5 68.5 13.0 17.0
0 532.5 77.0 15.0 18.0
0 549.0 94.5 14.0 19.0
0 567.5 106.5 17.0 23.0
0 569.0 89.5 16.0 17.0
0 560.5 81.0 11.0 12.0
0 555.5 69.0 15.0 16.0
0 585.0 69.0 14.0 16.0
0 599.5 99.5 19.0 21.0
0 593.5 65.5 11.0 13.0
0 612.5 74.0 15.0 18.0
0 625.0 63.5 12.0 15.0
0 636.5 91.0 17.0 18.0
0 647.5 72.5 15.0 19.0
0 673.5 76.5 21.0 21.0
0 675.5 58.5 15.0 15.0
0 709.5 68.5 13.0 15.0
0 708.0 57.0 12.0 12.0
0 729.0 61.5 14.0 17.0
0 581.0 138.0 26.0 32.0
0 550.5 168.5 29.0 31.0
0 505.0 162.0 30.0 28.0
0 619.5 180.0 31.0 36.0
0 629.5 145.0 23.0 30.0
0 644.5 129.0 23.0 28.0
0 686.5 107.0 21.0 26.0
0 690.5 143.5 27.0 33.0
0 716.0 179.0 28.0 30.0
0 744.5 176.0 23.0 32.0
0 738.0 124.5 20.0 25.0
0 729.5 103.0 19.0 20.0
0 715.5 92.0 13.0 18.0
0 737.5 85.5 17.0 21.0
0 763.5 79.5 15.0 19.0
0 758.5 93.0 15.0 20.0
0 761.0 110.5 18.0 25.0
0 779.0 92.0 14.0 20.0
0 795.5 75.5 15.0 21.0
0 810.0 92.0 18.0 20.0
0 807.5 128.5 21.0 25.0
0 785.5 137.0 23.0 30.0
0 807.5 161.0 27.0 32.0
0 766.0 217.0 34.0 46.0
0 838.5 221.5 35.0 45.0
0 853.5 179.0 29.0 40.0
0 835.5 144.5 23.0 31.0
0 892.5 147.5 23.0 29.0
0 918.0 245.0 34.0 50.0
0 939.5 191.5 33.0 39.0
0 942.5 159.5 27.0 35.0
0 907.5 130.0 21.0 30.0
0 953.5 122.0 21.0 22.0
