0 177.0 128.5 20.0 23.0
0 282.0 117.5 14.0 15.0
0 325.0 98.0 12.0 16.0
0 392.5 134.0 15.0 20.0
0 380.0 102.5 14.0 17.0
0 411.0 117.0 16.0 14.0
0 413.5 89.0 11.0 16.0
0 445.0 90.5 16.0 21.0
0 421.0 70.0 12.0 12.0
0 502.0 95.5 14.0 17.0
0 506.0 83.5 14.0 15.0
0 580.5 60.5 11.0 15.0
0 583.0 157.0 22.0 32.0
0 613.5 189.0 29.0 36.0
0 578.5 106.0 17.0 22.0
0 618.0 110.0 18.0 20.0
0 613.5 91.0 13.0 14.0
0 669.0 38.0 12.0 14.0
0 671.5 118.5 17.0 21.0
0 617.5 151.0 17.0 20.0
0 739.0 177.5 38.0 45.0
0 758.0 132.5 16.0 21.0
0 798.0 133.5 18.0 25.0
0 860.0 113.5 14.0 19.0
0 920.5 123.0 21.0 36.0
0 921.5 166.0 19.0 42.0
