0 30.0 306.5 36.0 37.0
0 293.5 241.0 19.0 26.0
0 321.0 265.0 22.0 28.0
0 360.0 218.0 18.0 28.0
0 419.5 249.0 25.0 34.0
0 444.0 209.0 18.0 26.0
0 489.5 191.0 17.0 24.0
0 483.0 237.5 16.0 23.0
0 504.5 239.5 21.0 27.0
0 531.5 182.0 19.0 24.0
0 549.0 243.5 20.0 25.0
0 554.5 190.5 15.0 17.0
0 565.5 172.5 13.0 17.0
0 578.5 169.5 13.0 13.0
0 581.5 217.5 17.0 21.0
0 620.5 229.5 27.0 27.0
0 630.5 190.5 17.0 19.0
0 670.0 177.5 24.0 21.0
0 570.0 293.0 34.0 36.0
0 660.5 257.0 25.0 36.0
0 673.5 288.0 33.0 36.0
0 689.5 204.5 23.0 21.0
0 689.5 164.5 15.0 19.0
0 708.5 164.0 21.0 24.0
0 743.0 159.5 14.0 19.0
0 752.5 150.0 19.0 24.0
0 719.5 190.5 15.0 23.0
0 738.5 233.0 25.0 32.0
0 754.5 261.5 27.0 33.0
0 736.5 313.0 33.0 44.0
0 792.0 321.0 40.0 40.0
0 799.5 266.0 29.0 38.0
0 780.5 220.5 23.0 23.0
0 787.0 180.0 16.0 18.0
0 788.0 165.5 26.0 25.0
0 812.5 151.0 15.0 18.0
0 827.0 163.5 16.0 21.0
0 818.5 174.5 19.0 19.0
0 834.0 194.5 18.0 25.0
0 860.0 162.5 16.0 23.0
0 870.0 185.0 22.0 22.0
0 847.0 251.5 26.0 29.0
0 869.0 347.5 42.0 43.0
0 900.5 288.0 31.0 32.0
0 910.0 180.5 24.0 25.0
0 894.5 207.0 25.0 20.0
0 948.0 200.0 20.0 20.0
0 931.0 169.0 18.0 26.0
0 955.0 172.5 14.0 19.0
0 969.5 183.0 19.0 22.0
0 1009.5 189.0 21.0 24.0
0 1032.0 184.0 16.0 24.0
0 1071.0 183.0 14.0 28.0
0 963.0 303.0 30.0 32.0
0 1016.5 373.5 43.0 65.0
0 1037.5 303.0 37.0 36.0
0 997.0 259.5 24.0 33.0
0 1007.0 216.0 18.0 22.0
0 1040.0 213.5 22.0 27.0
0 1101.5 202.0 19.0 22.0
0 1059.5 261.0 21.0 36.0
0 1076.5 250.5 23.0 35.0
0 1123.0 229.0 16.0 26.0
0 1144.0 213.0 18.0 24.0
0 1141.5 199.5 19.0 19.0
0 1151.5 261.5 25.0 35.0
0 1118.5 331.5 37.0 45.0
0 1050.5 200.0 19.0 18.0
0 1058.0 192.0 14.0 20.0
0 505.5 216.0 25.0 30.0
0 737.0 182.0 18.0 24.0
0 773.5 155.0 15.0 18.0
