0 216.5 225.5 35.0 57.0
0 371.0 107.5 14.0 19.0
0 427.5 137.0 21.0 24.0
0 478.5 140.0 19.0 18.0
0 462.0 129.5 18.0 19.0
0 514.5 135.5 19.0 23.0
0 528.5 104.5 13.0 15.0
0 560.5 126.0 23.0 20.0
0 485.0 108.0 14.0 22.0
0 461.5 102.5 19.0 21.0
0 432.0 102.5 22.0 15.0
0 505.5 82.0 13.0 14.0
0 529.5 80.5 17.0 17.0
0 566.5 62.0 9.0 18.0
0 581.5 77.0 13.0 12.0
0 575.0 95.5 16.0 23.0
0 635.5 95.0 19.0 18.0
0 617.0 74.0 14.0 20.0
0 611.0 98.0 14.0 20.0
0 640.0 74.0 16.0 18.0
0 650.5 56.0 15.0 12.0
0 716.0 64.0 14.0 16.0
0 734.0 74.0 14.0 14.0
0 756.0 69.5 14.0 11.0
0 758.5 110.0 21.0 20.0
0 677.5 131.5 21.0 17.0
0 632.0 146.5 12.0 19.0
0 656.0 152.0 28.0 22.0
0 659.0 185.0 32.0 32.0
0 748.5 194.5 27.0 33.0
0 781.5 174.0 27.0 36.0
0 813.0 144.5 18.0 27.0
0 788.5 112.5 19.0 15.0
0 783.0 83.5 16.0 21.0
0 824.5 93.0 13.0 20.0
0 837.0 77.5 16.0 15.0
0 855.5 91.0 11.0 16.0
0 839.5 111.0 15.0 16.0
0 897.0 91.5 12.0 17.0
0 911.5 45.0 17.0 14.0
0 937.0 99.5 18.0 15.0
0 929.5 112.0 17.0 14.0
0 968.5 112.5 21.0 21.0
0 1005.5 93.5 15.0 15.0
0 1015.5 115.0 15.0 22.0
0 1005.0 139.5 16.0 25.0
0 993.5 169.0 21.0 22.0
0 934.0 159.5 18.0 27.0
0 961.0 146.0 20.0 26.0
0 904.0 177.5 22.0 27.0
0 922.5 206.5 21.0 31.0
0 697.5 77.0 15.0 16.0
0 672.5 76.5 13.0 21.0
0 801.0 137.0 18.0 18.0
0 848.0 146.0 20.0 18.0
0 899.0 149.0 26.0 26.0
0 890.5 107.5 19.0 21.0
0 748.5 98.5 17.0 21.0
0 699.0 120.0 22.0 16.0
0 544.0 113.5 18.0 23.0
0 506.5 97.5 15.0 21.0
0 437.5 92.0 19.0 18.0
