0 267.0 144.0 16.0 18.0
0 284.0 110.0 18.0 18.0
0 336.5 149.5 19.0 19.0
0 337.5 133.5 17.0 15.0
0 370.0 124.5 20.0 19.0
0 372.0 140.0 20.0 20.0
0 384.0 158.5 22.0 23.0
0 352.0 163.0 18.0 18.0
0 414.5 173.5 29.0 31.0
0 424.5 130.5 19.0 25.0
0 406.5 116.5 17.0 19.0
0 389.5 111.0 13.0 18.0
0 442.5 125.5 19.0 17.0
0 456.5 110.5 17.0 21.0
0 473.0 113.0 18.0 20.0
0 492.5 139.0 25.0 36.0
0 512.0 81.0 14.0 14.0
0 524.5 91.5 13.0 17.0
0 509.0 116.0 22.0 20.0
0 541.5 114.0 19.0 22.0
0 561.5 122.5 21.0 25.0
0 565.0 92.0 16.0 22.0
0 588.5 96.0 17.0 20.0
0 620.5 98.0 17.0 20.0
0 601.5 74.5 13.0 17.0
0 611.5 38.0 13.0 12.0
0 633.0 85.5 14.0 17.0
0 649.5 88.0 15.0 16.0
0 682.0 80.5 14.0 15.0
0 654.5 77.5 15.0 15.0
0 692.0 72.0 12.0 18.0
0 725.0 72.5 14.0 17.0
0 751.5 42.5 17.0 23.0
0 758.0 92.5 16.0 19.0
0 781.0 75.5 16.0 19.0
0 749.5 110.5 19.0 21.0
0 739.0 92.0 16.0 18.0
0 711.0 124.0 22.0 26.0
0 676.5 126.0 23.0 30.0
0 614.0 170.0 32.0 36.0
0 512.0 201.0 32.0 28.0
0 655.5 198.0 35.0 34.0
0 646.5 171.0 23.0 26.0
0 709.5 162.5 33.0 39.0
0 768.5 176.5 29.0 33.0
0 762.5 157.0 27.0 26.0
0 796.0 116.5 22.0 25.0
0 820.5 131.5 25.0 27.0
0 793.5 100.0 15.0 18.0
0 815.0 83.0 18.0 20.0
0 834.0 93.0 14.0 16.0
0 852.0 103.5 20.0 23.0
0 888.0 89.5 16.0 17.0
0 895.0 104.0 14.0 18.0
0 889.5 129.5 21.0 25.0
0 867.0 148.5 22.0 33.0
0 810.5 196.5 29.0 29.0
0 901.0 183.5 26.0 39.0
0 900.5 161.0 25.0 26.0
0 976.5 174.0 23.0 30.0
0 968.0 138.5 24.0 27.0
0 946.0 117.5 16.0 23.0
0 941.0 97.5 16.0 21.0
