0 140.5 389.0 53.0 56.0
0 254.5 235.5 25.0 25.0
0 290.0 239.5 24.0 31.0
0 316.0 266.5 28.0 27.0
0 377.0 259.5 34.0 35.0
0 326.0 218.5 24.0 27.0
0 403.5 229.0 23.0 22.0
0 406.5 208.0 25.0 20.0
0 450.5 184.0 19.0 24.0
0 469.5 209.0 25.0 26.0
0 471.0 232.0 22.0 28.0
0 438.0 237.5 20.0 23.0
0 524.0 234.0 24.0 28.0
0 504.0 216.5 22.0 23.0
0 491.0 183.0 18.0 20.0
0 499.0 205.5 20.0 23.0
0 540.5 171.0 23.0 22.0
0 548.0 187.5 20.0 25.0
0 548.0 215.0 20.0 26.0
0 581.0 230.5 26.0 27.0
0 588.0 180.5 24.0 21.0
0 609.0 193.5 22.0 23.0
0 606.0 174.5 16.0 21.0
0 632.0 177.0 18.0 26.0
0 646.0 160.5 18.0 19.0
0 649.5 196.0 21.0 26.0
0 663.5 159.0 15.0 16.0
0 681.5 164.0 17.0 18.0
0 678.0 182.5 20.0 23.0
0 708.5 157.5 15.0 19.0
0 710.5 145.5 21.0 19.0
0 736.0 150.0 16.0 18.0
0 751.0 157.0 18.0 20.0
0 755.0 171.5 18.0 21.0
0 792.0 161.0 16.0 20.0
0 790.5 146.0 15.0 16.0
0 805.0 157.5 14.0 21.0
0 702.5 181.0 21.0 22.0
0 558.0 280.0 36.0 42.0
0 636.5 285.0 39.0 40.0
0 637.5 251.5 31.0 31.0
0 708.5 231.5 33.0 27.0
0 690.0 278.0 40.0 34.0
0 692.5 322.5 41.0 49.0
0 747.5 322.0 43.0 42.0
0 781.0 257.5 32.0 33.0
0 762.5 243.5 29.0 33.0
0 746.0 212.0 28.0 32.0
0 792.0 196.5 22.0 25.0
0 832.0 174.5 20.0 23.0
0 821.0 209.0 28.0 34.0
0 835.5 212.0 23.0 28.0
0 811.0 256.0 32.0 40.0
0 850.5 281.5 39.0 37.0
0 824.0 381.5 52.0 57.0
0 989.0 355.0 46.0 52.0
0 928.5 293.0 35.0 44.0
0 963.5 254.0 31.0 32.0
0 1004.0 273.0 34.0 40.0
0 1093.5 325.5 39.0 41.0
0 1004.0 318.5 44.0 45.0
0 1087.5 273.0 33.0 36.0
0 1106.5 248.0 23.0 32.0
0 1114.0 228.0 24.0 26.0
0 1116.0 194.5 20.0 25.0
0 1083.5 216.5 21.0 27.0
0 1074.0 195.5 28.0 27.0
0 1053.5 223.5 25.0 29.0
0 1063.5 251.5 23.0 29.0
0 1029.0 234.0 22.0 30.0
0 1000.5 218.5 19.0 27.0
0 965.0 213.5 22.0 25.0
0 960.5 201.5 19.0 27.0
0 915.0 196.5 20.0 23.0
0 931.5 185.5 19.0 23.0
0 923.0 166.0 20.0 22.0
0 901.5 185.0 19.0 24.0
0 862.5 180.0 21.0 26.0
0 870.0 168.0 18.0 22.0
0 888.5 163.0 19.0 22.0
0 959.5 172.0 23.0 26.0
0 998.0 181.5 18.0 23.0
0 1014.0 191.0 16.0 28.0
0 1034.5 185.5 19.0 23.0
