0 36.5 242.0 29.0 44.0
0 285.0 160.0 16.0 20.0
0 310.0 164.0 22.0 22.0
0 335.5 174.0 21.0 24.0
0 348.5 152.5 19.0 25.0
0 337.5 142.5 15.0 19.0
0 376.5 167.5 23.0 27.0
0 378.5 140.0 17.0 20.0
0 439.0 177.0 24.0 30.0
0 451.0 138.0 20.0 24.0
0 406.5 138.5 19.0 19.0
0 407.5 130.0 15.0 16.0
0 417.5 121.0 15.0 18.0
0 502.5 142.0 21.0 24.0
0 487.0 135.0 18.0 22.0
0 464.5 111.5 17.0 17.0
0 471.5 124.0 19.0 20.0
0 491.0 107.0 16.0 18.0
0 499.5 123.0 17.0 20.0
0 541.0 122.5 18.0 21.0
0 517.5 104.0 15.0 18.0
0 510.0 94.0 14.0 14.0
0 526.0 82.5 12.0 15.0
0 547.5 101.5 15.0 17.0
0 579.5 102.5 15.0 17.0
0 588.0 122.0 20.0 22.0
0 608.5 104.0 19.0 22.0
0 571.5 85.5 15.0 17.0
0 597.5 93.5 15.0 19.0
0 606.0 84.0 14.0 14.0
0 612.5 71.0 11.0 14.0
0 633.0 95.0 14.0 16.0
0 658.5 96.5 17.0 19.0
0 630.0 83.5 12.0 15.0
0 635.5 67.0 11.0 14.0
0 658.5 86.0 13.0 14.0
0 657.0 74.0 14.0 14.0
0 673.5 63.0 9.0 12.0
0 689.0 66.0 12.0 16.0
0 700.5 71.5 13.0 17.0
0 720.0 76.5 14.0 17.0
0 754.5 63.5 13.0 19.0
0 646.0 127.5 22.0 25.0
0 614.0 150.5 22.0 25.0
0 532.0 179.5 26.0 27.0
0 589.0 184.5 26.0 33.0
0 656.5 156.0 27.0 30.0
0 654.0 200.5 36.0 35.0
0 712.5 156.0 27.0 28.0
0 730.0 208.0 32.0 40.0
0 762.5 176.5 29.0 33.0
0 712.5 131.5 21.0 29.0
0 762.0 134.5 22.0 31.0
0 705.5 110.5 19.0 23.0
0 738.0 96.5 16.0 25.0
0 759.5 88.0 15.0 20.0
0 755.0 112.5 20.0 23.0
0 794.5 75.0 15.0 20.0
0 803.0 70.0 12.0 14.0
0 802.5 88.0 13.0 20.0
0 788.5 98.5 15.0 19.0
0 806.0 114.5 18.0 23.0
0 814.5 138.5 21.0 29.0
0 836.5 176.0 25.0 32.0
0 827.5 105.5 17.0 21.0
0 825.0 84.0 14.0 16.0
0 842.0 73.5 12.0 15.0
0 863.5 89.5 11.0 17.0
0 881.0 78.0 12.0 16.0
0 889.0 87.0 14.0 20.0
0 875.0 105.5 14.0 21.0
0 858.0 119.0 16.0 18.0
0 909.0 115.0 16.0 24.0
0 915.0 95.5 14.0 21.0
0 929.5 96.5 13.0 17.0
0 934.5 84.5 13.0 17.0
0 964.5 81.0 13.0 16.0
0 957.5 108.0 13.0 20.0
0 944.5 121.0 17.0 22.0
0 930.0 134.5 18.0 23.0
0 990.5 112.0 17.0 22.0
0 987.0 169.5 22.0 29.0
0 1003.0 99.0 14.0 20.0
