0 190.0 254.0 42.0 46.0
0 344.5 142.5 21.0 25.0
0 390.5 141.5 25.0 23.0
0 448.0 149.5 18.0 23.0
0 502.5 129.0 23.0 20.0
0 446.5 125.5 17.0 19.0
0 395.5 112.0 17.0 18.0
0 369.5 111.0 15.0 16.0
0 427.0 105.5 16.0 19.0
0 475.5 107.0 19.0 18.0
0 471.0 83.0 14.0 14.0
0 505.0 75.0 12.0 14.0
0 531.5 75.5 11.0 13.0
0 547.5 75.5 13.0 11.0
0 518.5 108.5 17.0 17.0
0 543.5 114.0 21.0 18.0
0 592.5 101.0 15.0 18.0
0 585.0 71.5 10.0 17.0
0 623.5 65.0 11.0 12.0
0 627.0 81.5 14.0 15.0
0 643.0 147.5 20.0 25.0
0 591.5 139.5 23.0 23.0
0 635.5 121.5 19.0 19.0
0 663.0 105.0 22.0 20.0
0 755.0 102.0 14.0 16.0
0 740.0 87.0 12.0 14.0
0 706.5 98.0 19.0 14.0
0 705.0 117.0 16.0 20.0
0 724.5 130.0 19.0 26.0
0 769.0 150.5 18.0 19.0
0 674.5 158.5 27.0 27.0
0 781.5 173.5 23.0 29.0
0 810.5 175.0 19.0 26.0
0 844.5 179.5 25.0 29.0
0 874.0 161.5 20.0 23.0
0 921.0 199.0 24.0 34.0
0 937.0 179.0 18.0 24.0
0 937.5 116.0 17.0 24.0
0 957.5 102.5 11.0 19.0
0 872.0 110.0 14.0 18.0
0 898.5 132.5 19.0 23.0
0 844.5 134.0 17.0 20.0
0 857.5 117.5 17.0 17.0
0 847.5 107.0 17.0 18.0
0 942.0 164.0 16.0 22.0
