0 206.0 114.0 12.0 14.0
0 213.5 111.0 13.0 16.0
0 228.0 115.0 14.0 14.0
0 281.0 86.0 14.0 16.0
0 298.5 103.5 19.0 21.0
0 304.0 85.0 14.0 16.0
0 339.0 98.0 14.0 18.0
0 361.0 99.0 18.0 20.0
0 347.0 81.0 10.0 14.0
0 324.5 71.0 11.0 12.0
0 326.5 44.5 9.0 11.0
0 377.5 83.5 13.0 17.0
0 370.5 78.0 11.0 14.0
0 361.5 69.5 11.0 13.0
0 394.5 54.0 13.0 16.0
0 420.0 52.0 12.0 14.0
0 432.5 47.5 7.0 9.0
0 435.0 57.5 10.0 11.0
0 443.0 62.5 14.0 13.0
0 440.5 75.0 13.0 18.0
0 404.5 74.5 9.0 11.0
0 403.0 87.5 14.0 17.0
0 418.0 79.5 12.0 13.0
0 384.5 131.0 21.0 24.0
0 411.5 143.0 23.0 22.0
0 466.0 67.0 12.0 16.0
0 472.5 56.0 7.0 10.0
0 450.5 51.5 9.0 11.0
0 461.5 44.5 9.0 13.0
0 476.5 43.0 11.0 12.0
0 495.5 42.5 11.0 13.0
0 493.5 54.0 11.0 14.0
0 496.5 59.5 13.0 13.0
0 520.5 46.0 9.0 10.0
0 542.0 44.0 10.0 14.0
0 516.0 74.0 16.0 20.0
0 507.5 90.0 19.0 22.0
0 485.5 106.5 21.0 19.0
0 476.0 89.5 14.0 21.0
0 433.0 110.5 16.0 17.0
0 468.5 137.5 25.0 23.0
0 538.5 137.5 27.0 31.0
0 545.5 100.0 17.0 24.0
0 535.5 79.0 15.0 22.0
0 525.0 67.0 12.0 16.0
0 564.5 79.5 17.0 23.0
0 561.0 109.0 22.0 22.0
0 593.5 120.5 25.0 33.0
0 580.5 144.5 27.0 29.0
0 592.0 91.5 16.0 19.0
0 606.0 89.0 14.0 16.0
0 600.5 70.5 13.0 19.0
0 588.0 55.0 12.0 14.0
0 633.0 67.5 14.0 15.0
0 639.0 61.5 10.0 13.0
0 646.5 56.0 13.0 16.0
0 655.5 65.0 13.0 16.0
0 661.5 61.0 11.0 14.0
0 668.5 54.5 11.0 11.0
0 685.0 73.5 14.0 17.0
0 690.0 58.5 8.0 11.0
0 716.5 67.5 11.0 13.0
0 675.5 91.5 17.0 21.0
0 636.5 94.5 21.0 21.0
0 624.0 108.0 18.0 26.0
0 645.5 136.5 19.0 27.0
0 611.5 173.5 27.0 35.0
0 697.5 176.5 29.0 33.0
0 705.5 130.0 19.0 24.0
0 704.5 109.5 15.0 17.0
0 712.5 95.0 13.0 16.0
