0 167.0 199.5 46.0 51.0
0 242.0 116.5 18.0 19.0
0 307.0 126.5 18.0 23.0
0 371.5 122.0 19.0 22.0
0 398.5 129.0 21.0 22.0
0 390.5 110.0 17.0 20.0
0 356.5 100.0 17.0 20.0
0 337.5 98.5 13.0 17.0
0 347.0 89.5 16.0 19.0
0 372.0 82.5 12.0 15.0
0 396.0 87.0 14.0 18.0
0 400.5 72.0 11.0 12.0
0 424.0 69.0 12.0 12.0
0 438.5 77.0 11.0 14.0
0 431.0 91.5 14.0 15.0
0 425.0 106.0 16.0 22.0
0 453.0 106.0 18.0 24.0
0 476.0 93.5 16.0 21.0
0 488.0 83.5 14.0 17.0
0 507.5 91.0 17.0 18.0
0 464.5 69.5 11.0 17.0
0 453.0 65.5 10.0 11.0
0 477.0 64.0 12.0 12.0
0 488.5 68.5 13.0 13.0
0 498.0 72.0 10.0 10.0
0 516.5 69.0 11.0 12.0
0 524.5 59.0 11.0 12.0
0 547.0 83.5 14.0 17.0
0 545.0 67.0 14.0 14.0
0 546.5 55.5 11.0 15.0
0 584.5 24.5 11.0 15.0
0 562.5 69.0 11.0 18.0
0 567.5 60.0 9.0 14.0
0 574.5 58.5 7.0 11.0
0 577.0 72.0 12.0 14.0
0 600.5 51.5 9.0 13.0
0 604.5 58.5 11.0 13.0
0 618.0 55.0 12.0 14.0
0 628.0 59.5 10.0 15.0
0 669.0 28.0 14.0 18.0
0 515.5 124.5 19.0 23.0
0 571.0 127.5 22.0 29.0
0 581.0 100.0 18.0 22.0
0 602.5 97.0 15.0 18.0
0 611.0 130.0 22.0 26.0
0 652.5 119.5 19.0 25.0
0 675.0 134.0 24.0 30.0
0 694.0 135.0 18.0 24.0
0 636.0 80.5 14.0 17.0
0 649.0 92.0 18.0 20.0
0 665.5 70.5 15.0 15.0
0 670.0 97.0 14.0 16.0
0 682.0 106.0 20.0 22.0
0 716.0 109.0 18.0 22.0
0 718.0 142.5 28.0 31.0
0 768.0 162.5 22.0 35.0
0 787.0 144.5 22.0 29.0
0 827.5 180.0 21.0 34.0
0 848.5 139.0 19.0 30.0
0 836.0 126.5 18.0 27.0
0 846.5 114.5 13.0 19.0
0 857.0 106.5 12.0 17.0
0 845.5 96.0 15.0 20.0
0 865.5 84.0 13.0 18.0
0 821.0 91.0 14.0 18.0
0 829.0 78.5 14.0 17.0
0 795.0 82.0 12.0 16.0
0 787.5 94.5 15.0 19.0
0 806.5 115.5 17.0 19.0
0 763.5 118.5 17.0 23.0
0 769.5 99.5 15.0 19.0
0 766.5 86.0 13.0 18.0
0 760.5 82.0 11.0 16.0
0 770.0 74.0 14.0 18.0
0 745.5 68.0 15.0 18.0
0 717.0 79.0 12.0 18.0
0 720.0 64.5 12.0 15.0
0 709.5 73.5 11.0 13.0
0 691.0 67.5 12.0 15.0
0 678.0 68.0 14.0 16.0
