0 227.0 213.0 40.0 52.0
0 362.0 169.0 16.0 18.0
0 341.5 166.5 19.0 19.0
0 321.5 149.5 15.0 19.0
0 354.5 131.5 13.0 19.0
0 373.0 132.0 14.0 16.0
0 378.0 144.0 14.0 16.0
0 409.0 137.0 20.0 20.0
0 461.0 169.5 22.0 29.0
0 413.0 120.5 18.0 15.0
0 457.5 134.0 17.0 20.0
0 490.0 132.0 18.0 18.0
0 476.0 120.5 16.0 17.0
0 459.5 109.0 17.0 18.0
0 486.0 102.0 14.0 16.0
0 498.0 118.5 14.0 17.0
0 538.5 117.5 17.0 19.0
0 564.0 123.5 14.0 17.0
0 513.5 102.5 15.0 15.0
0 508.5 90.0 13.0 14.0
0 485.0 89.0 14.0 12.0
0 522.0 79.5 12.0 13.0
0 541.5 107.5 15.0 17.0
0 583.5 98.5 13.0 19.0
0 598.0 91.5 14.0 15.0
0 570.5 88.5 15.0 17.0
0 579.0 83.0 18.0 16.0
0 602.0 70.5 10.0 13.0
0 619.5 107.0 15.0 20.0
0 670.0 88.5 14.0 17.0
0 661.5 67.0 13.0 14.0
0 640.5 64.5 11.0 15.0
0 696.5 68.0 11.0 16.0
0 718.0 72.0 16.0 18.0
0 738.0 63.0 14.0 18.0
0 624.5 82.0 13.0 14.0
0 612.0 90.5 10.0 13.0
0 536.5 178.5 25.0 23.0
0 589.0 183.0 28.0 32.0
0 613.5 144.5 19.0 25.0
0 652.5 204.5 29.0 31.0
0 655.5 154.5 21.0 23.0
0 656.5 129.0 19.0 22.0
0 719.0 123.5 24.0 23.0
0 707.5 157.0 19.0 24.0
0 722.0 205.5 30.0 39.0
0 772.5 177.0 25.0 34.0
0 823.5 173.5 23.0 27.0
0 755.5 132.5 23.0 27.0
0 754.0 108.5 18.0 23.0
0 733.5 97.0 19.0 22.0
0 774.5 83.5 13.0 19.0
0 779.0 104.5 16.0 19.0
0 794.5 123.5 17.0 23.0
0 814.0 110.5 14.0 19.0
0 807.0 79.5 14.0 19.0
0 794.5 75.5 13.0 19.0
0 806.5 64.5 13.0 13.0
0 824.5 80.5 13.0 19.0
0 860.0 108.5 18.0 21.0
0 860.0 83.5 12.0 19.0
0 872.0 79.5 12.0 17.0
0 892.0 87.0 14.0 20.0
0 885.0 102.5 14.0 17.0
0 907.5 114.5 17.0 27.0
0 936.0 143.5 18.0 25.0
0 918.0 96.0 14.0 20.0
0 933.5 89.5 15.0 19.0
0 967.5 82.0 11.0 18.0
0 963.5 101.5 11.0 13.0
0 969.0 137.0 14.0 22.0
0 988.5 170.0 21.0 32.0
0 985.5 123.0 17.0 26.0
0 999.0 95.5 14.0 19.0
