0 173.0 127.5 18.0 23.0
0 305.5 138.5 21.0 23.0
0 302.5 119.5 17.0 23.0
0 286.5 116.0 15.0 16.0
0 289.0 103.0 16.0 14.0
0 304.5 96.5 13.0 17.0
0 333.0 106.0 18.0 16.0
0 336.5 136.0 23.0 26.0
0 340.5 94.5 13.0 15.0
0 331.0 90.5 14.0 15.0
0 368.5 89.5 15.0 19.0
0 383.5 97.5 15.0 15.0
0 390.5 113.0 21.0 26.0
0 408.5 95.0 15.0 20.0
0 398.5 90.0 13.0 14.0
0 411.0 145.0 24.0 24.0
0 482.0 69.0 12.0 12.0
0 509.0 96.0 16.0 18.0
0 517.0 120.0 20.0 20.0
0 556.5 95.5 19.0 19.0
0 571.0 77.5 16.0 17.0
0 612.5 87.5 17.0 19.0
0 638.0 85.0 16.0 18.0
0 562.5 127.5 21.0 23.0
0 612.0 126.5 22.0 25.0
0 642.5 128.5 21.0 27.0
0 637.0 111.0 20.0 22.0
0 708.5 139.0 23.0 28.0
0 768.0 111.0 18.0 24.0
