0 147.0 359.5 56.0 69.0
0 293.5 239.0 19.0 22.0
0 302.0 273.0 22.0 22.0
0 363.5 255.5 23.0 31.0
0 395.5 281.0 29.0 36.0
0 356.0 215.0 22.0 24.0
0 445.5 231.5 15.0 19.0
0 439.0 207.5 16.0 21.0
0 480.0 232.5 18.0 23.0
0 505.0 214.0 20.0 18.0
0 506.5 240.0 19.0 26.0
0 543.5 251.0 25.0 28.0
0 493.0 180.5 18.0 17.0
0 504.5 192.5 17.0 13.0
0 533.5 188.5 21.0 15.0
0 580.5 217.0 21.0 18.0
0 535.5 215.5 17.0 19.0
0 565.0 176.0 14.0 16.0
0 576.5 164.0 15.0 14.0
0 585.5 192.5 13.0 17.0
0 621.0 186.0 14.0 20.0
0 647.0 181.0 16.0 18.0
0 642.0 206.0 18.0 20.0
0 622.5 227.0 17.0 22.0
0 682.5 203.5 17.0 21.0
0 708.0 185.5 18.0 19.0
0 676.5 160.0 15.0 14.0
0 706.5 149.0 13.0 10.0
0 706.5 165.0 17.0 14.0
0 737.5 176.5 19.0 21.0
0 755.0 146.0 16.0 22.0
0 735.5 159.5 13.0 15.0
0 776.5 175.0 15.0 18.0
0 784.0 161.5 12.0 15.0
0 771.5 155.0 9.0 16.0
0 814.5 151.5 13.0 17.0
0 831.0 163.5 10.0 19.0
0 843.5 157.5 13.0 19.0
0 615.5 277.0 25.0 32.0
0 668.5 284.5 29.0 37.0
0 754.5 302.0 35.0 38.0
0 815.5 308.0 27.0 44.0
0 855.0 380.0 36.0 54.0
0 735.0 227.5 24.0 27.0
0 796.5 237.0 23.0 26.0
0 760.0 263.5 24.0 27.0
0 779.0 212.5 20.0 23.0
0 834.5 189.0 19.0 18.0
0 867.5 182.5 15.0 19.0
0 816.0 264.5 30.0 37.0
0 850.5 249.0 23.0 28.0
0 897.0 275.0 26.0 30.0
0 952.5 306.0 31.0 38.0
0 1019.0 351.0 34.0 40.0
0 1116.0 326.5 26.0 37.0
0 1034.5 322.5 27.0 35.0
0 994.5 255.5 21.0 33.0
0 1054.0 265.0 24.0 34.0
0 1100.0 282.0 20.0 34.0
0 1073.0 250.0 20.0 32.0
0 1137.5 252.0 19.0 30.0
0 1082.0 224.5 16.0 21.0
0 1044.0 216.0 18.0 20.0
0 1005.5 216.0 19.0 18.0
0 943.0 200.0 16.0 20.0
0 889.5 206.0 17.0 22.0
0 911.5 188.5 17.0 19.0
0 899.5 170.5 19.0 19.0
0 923.5 170.5 15.0 15.0
0 957.0 166.5 18.0 21.0
0 994.0 171.5 18.0 23.0
0 999.5 194.5 15.0 19.0
0 1032.0 185.5 16.0 27.0
0 1047.5 195.5 15.0 21.0
0 1062.0 189.0 14.0 22.0
0 1067.5 178.5 15.0 17.0
0 1097.0 199.0 18.0 24.0
0 1149.0 188.5 16.0 23.0
0 1147.5 214.0 19.0 18.0
0 1129.5 215.5 17.0 25.0
0 839.0 227.0 24.0 24.0
