0 107.5 332.0 57.0 64.0
0 238.5 166.5 21.0 27.0
0 265.5 174.5 25.0 27.0
0 316.0 145.0 22.0 26.0
0 365.0 147.0 20.0 24.0
0 365.0 125.0 18.0 26.0
0 386.0 141.5 20.0 29.0
0 415.5 131.0 23.0 26.0
0 436.0 161.0 24.0 28.0
0 470.0 145.0 20.0 26.0
0 436.5 122.0 23.0 26.0
0 468.5 116.5 21.0 21.0
0 519.5 118.5 21.0 21.0
0 522.5 185.0 23.0 30.0
0 511.5 101.0 13.0 18.0
0 532.5 101.0 21.0 18.0
0 557.5 95.5 19.0 21.0
0 596.5 98.5 19.0 23.0
0 595.5 128.5 17.0 27.0
0 570.5 147.5 29.0 29.0
0 669.0 132.0 20.0 22.0
0 627.0 103.0 22.0 26.0
0 672.5 95.5 17.0 19.0
0 699.0 121.0 20.0 20.0
0 755.0 120.0 18.0 20.0
0 697.0 83.5 16.0 15.0
0 672.5 82.5 17.0 19.0
0 722.5 74.0 15.0 20.0
0 742.5 110.5 17.0 23.0
0 736.0 93.5 16.0 17.0
0 767.5 79.0 15.0 18.0
0 799.5 89.0 17.0 18.0
0 802.0 111.0 18.0 18.0
0 811.0 82.5 14.0 19.0
0 837.0 101.0 20.0 24.0
0 839.5 82.5 15.0 19.0
0 862.0 100.0 16.0 20.0
0 846.0 129.0 20.0 24.0
0 746.5 174.0 27.0 36.0
0 809.5 149.5 23.0 31.0
0 696.5 205.5 27.0 35.0
0 739.5 218.0 27.0 30.0
0 800.0 250.0 30.0 38.0
0 888.0 251.0 24.0 36.0
0 959.0 269.0 36.0 46.0
0 1056.0 295.0 36.0 44.0
0 1073.5 249.0 29.0 38.0
0 1191.0 274.0 28.0 38.0
0 1167.5 230.5 21.0 33.0
0 1136.0 214.0 24.0 38.0
0 1067.0 190.0 22.0 28.0
0 1053.0 224.5 26.0 27.0
0 994.0 181.5 26.0 33.0
0 911.5 179.5 23.0 29.0
0 881.0 156.5 22.0 27.0
0 898.5 143.5 23.0 29.0
0 915.0 120.5 20.0 19.0
0 939.0 113.0 18.0 20.0
0 963.0 129.5 18.0 23.0
0 969.0 156.5 20.0 25.0
0 991.0 115.0 16.0 22.0
0 1000.0 136.5 18.0 23.0
0 1016.5 129.0 17.0 24.0
0 1063.5 141.5 17.0 27.0
0 1092.5 170.0 23.0 30.0
0 1104.5 156.0 17.0 22.0
0 1109.0 138.0 18.0 22.0
0 1139.5 163.5 15.0 25.0
0 1167.0 149.5 14.0 21.0
0 1206.5 155.5 17.0 23.0
0 1194.5 222.5 19.0 25.0
0 1193.5 199.0 17.0 22.0
0 1194.5 183.0 17.0 18.0
