0 24.0 302.5 34.0 41.0
0 744.5 144.5 15.0 15.0
0 573.0 169.0 16.0 20.0
0 345.0 215.0 20.0 24.0
0 287.5 238.0 21.0 26.0
0 437.5 206.5 15.0 23.0
0 323.5 246.5 27.0 29.0
0 349.0 255.0 24.0 30.0
0 472.0 186.5 16.0 25.0
0 414.0 255.0 26.0 34.0
0 465.0 245.5 20.0 27.0
0 519.0 183.0 12.0 14.0
0 497.5 244.5 25.0 29.0
0 503.0 213.0 18.0 24.0
0 542.0 217.0 22.0 28.0
0 552.0 239.5 26.0 25.0
0 576.5 215.5 21.0 25.0
0 615.5 188.0 23.0 24.0
0 635.5 177.0 15.0 20.0
0 657.0 179.0 16.0 22.0
0 673.5 162.5 17.0 19.0
0 700.0 163.5 20.0 23.0
0 686.0 201.0 18.0 22.0
0 636.0 221.5 16.0 21.0
0 740.0 179.5 14.0 23.0
0 769.0 157.0 18.0 24.0
0 785.0 173.5 22.0 31.0
0 804.0 154.5 12.0 13.0
0 817.5 159.5 17.0 17.0
0 835.0 169.0 18.0 22.0
0 857.0 180.0 20.0 24.0
0 821.0 188.5 30.0 23.0
0 775.5 210.5 25.0 25.0
0 722.0 234.0 28.0 28.0
0 905.0 158.5 16.0 21.0
0 954.0 164.5 16.0 25.0
0 986.5 172.0 17.0 18.0
0 609.5 280.0 27.0 34.0
0 658.0 257.5 28.0 39.0
0 660.5 285.0 29.0 34.0
0 740.0 300.0 34.0 36.0
0 745.0 266.5 36.0 35.0
0 792.5 232.5 21.0 29.0
0 812.5 260.0 33.0 34.0
0 810.0 313.0 36.0 40.0
0 831.0 220.0 30.0 28.0
0 842.0 249.5 26.0 23.0
0 881.0 207.0 20.0 26.0
0 910.5 190.0 19.0 22.0
0 933.0 199.5 16.0 19.0
0 904.5 279.5 35.0 35.0
0 872.5 354.5 47.0 69.0
0 1014.0 364.5 36.0 43.0
0 965.0 287.0 30.0 30.0
0 1032.5 179.5 21.0 21.0
0 1047.0 190.0 20.0 28.0
0 1065.5 178.5 15.0 17.0
0 991.5 213.0 17.0 24.0
0 1034.0 218.5 18.0 23.0
0 1066.0 255.5 32.0 35.0
0 1072.5 224.0 19.0 28.0
0 1088.5 205.5 17.0 27.0
0 1118.5 281.5 31.0 31.0
0 1028.5 308.5 41.0 31.0
0 986.5 265.0 19.0 26.0
0 1108.0 324.5 38.0 37.0
0 1128.5 248.0 21.0 26.0
0 1141.0 201.0 18.0 24.0
0 563.5 174.5 19.0 23.0
0 759.0 187.5 18.0 27.0
0 736.5 159.0 15.0 24.0
0 759.5 159.0 11.0 22.0
0 1141.0 210.5 16.0 23.0
0 1050.5 293.0 21.0 34.0
