0 218.0 289.5 44.0 55.0
0 312.0 149.0 22.0 22.0
0 344.0 168.0 20.0 26.0
0 366.0 156.0 20.0 24.0
0 398.5 125.5 21.0 19.0
0 442.0 132.5 18.0 19.0
0 466.0 132.5 18.0 23.0
0 450.0 170.0 24.0 26.0
0 455.0 103.0 18.0 18.0
0 467.5 114.0 19.0 18.0
0 496.0 122.5 16.0 19.0
0 492.5 94.0 13.0 16.0
0 503.0 98.0 14.0 18.0
0 520.0 103.5 18.0 25.0
0 475.5 93.0 15.0 16.0
0 517.5 80.0 13.0 18.0
0 561.5 87.0 15.0 20.0
0 564.5 76.0 15.0 16.0
0 588.5 71.0 9.0 12.0
0 597.0 79.5 14.0 13.0
0 585.5 93.0 17.0 16.0
0 612.0 96.0 20.0 16.0
0 618.5 77.5 17.0 17.0
0 642.0 85.5 14.0 13.0
0 633.5 58.5 17.0 13.0
0 652.5 70.5 13.0 15.0
0 508.5 196.0 33.0 28.0
0 553.5 138.0 21.0 20.0
0 584.0 143.0 22.0 24.0
0 582.5 180.5 31.0 39.0
0 641.5 154.0 23.0 24.0
0 651.0 181.5 36.0 37.0
0 658.0 128.5 24.0 25.0
0 730.5 61.0 17.0 22.0
0 725.5 92.5 19.0 23.0
0 715.5 119.0 19.0 26.0
0 696.5 153.0 23.0 32.0
0 773.5 70.0 17.0 20.0
0 792.0 70.0 14.0 18.0
0 750.0 85.0 18.0 20.0
0 742.0 109.5 18.0 23.0
0 764.5 105.5 17.0 21.0
0 796.5 89.5 17.0 19.0
0 802.5 111.5 15.0 19.0
0 789.5 114.0 19.0 24.0
0 758.5 171.0 29.0 36.0
0 819.0 174.0 28.0 30.0
0 859.5 78.5 13.0 17.0
0 847.5 110.5 17.0 23.0
0 900.0 112.5 20.0 23.0
0 923.5 139.5 17.0 29.0
0 940.5 117.0 17.0 24.0
0 951.0 82.0 16.0 24.0
0 982.0 113.5 18.0 25.0
0 1020.5 78.0 15.0 22.0
