0 257.5 299.0 51.0 56.0
0 370.0 179.0 18.0 22.0
0 363.0 176.5 16.0 19.0
0 391.5 157.0 15.0 16.0
0 409.5 199.0 21.0 24.0
0 439.0 153.0 18.0 22.0
0 482.0 179.5 20.0 23.0
0 504.5 163.5 19.0 25.0
0 532.5 190.0 25.0 30.0
0 558.5 152.5 25.0 27.0
0 535.0 131.0 16.0 20.0
0 503.5 133.0 15.0 18.0
0 597.5 154.5 21.0 29.0
0 536.0 117.0 18.0 16.0
0 511.0 124.0 16.0 14.0
0 566.0 111.5 12.0 17.0
0 587.0 114.5 16.0 15.0
0 628.5 135.5 15.0 21.0
0 689.0 136.5 18.0 19.0
0 684.0 116.5 14.0 17.0
0 694.5 103.0 15.0 18.0
0 657.5 103.0 17.0 18.0
0 638.5 103.5 17.0 17.0
0 620.0 93.0 12.0 14.0
0 718.5 114.5 17.0 21.0
0 720.0 96.0 14.0 16.0
0 733.5 102.0 15.0 18.0
0 763.5 104.0 15.0 20.0
0 785.5 93.5 13.0 19.0
0 769.0 73.5 16.0 19.0
0 823.0 85.0 16.0 20.0
0 836.5 87.0 15.0 20.0
0 627.5 210.0 29.0 32.0
0 681.0 218.5 32.0 33.0
0 727.0 172.0 22.0 28.0
0 764.5 146.0 21.0 28.0
0 785.5 167.5 29.0 33.0
0 820.5 189.0 23.0 28.0
0 831.5 152.0 21.0 28.0
0 819.0 123.0 22.0 22.0
0 871.5 135.0 19.0 24.0
0 869.0 108.0 20.0 26.0
0 908.5 107.0 17.0 22.0
0 903.0 155.5 22.0 31.0
0 894.5 202.0 29.0 34.0
0 857.5 221.5 31.0 39.0
0 962.0 236.0 34.0 42.0
0 1002.5 212.5 25.0 33.0
0 1060.0 225.5 24.0 35.0
0 948.0 158.0 24.0 26.0
0 932.5 137.0 19.0 24.0
0 934.5 115.0 19.0 22.0
0 960.5 93.5 19.0 19.0
0 958.5 129.0 17.0 20.0
0 986.0 112.5 14.0 19.0
0 1004.5 103.0 15.0 16.0
0 1011.0 127.0 16.0 26.0
0 982.5 150.0 19.0 24.0
0 1023.0 161.0 22.0 32.0
0 1047.0 160.0 18.0 20.0
0 1040.5 116.0 17.0 20.0
0 1047.0 99.5 16.0 21.0
0 1091.0 104.0 16.0 22.0
0 1113.5 138.5 19.0 21.0
0 1080.0 168.5 22.0 33.0
0 1109.0 161.0 18.0 28.0
0 1138.5 175.5 25.0 33.0
