0 35.5 233.0 23.0 34.0
0 280.0 174.5 16.0 21.0
0 311.5 168.0 19.0 18.0
0 323.0 157.5 20.0 21.0
0 338.0 133.5 16.0 17.0
0 371.0 142.0 18.0 20.0
0 416.0 124.5 20.0 21.0
0 399.0 142.5 22.0 19.0
0 363.5 173.0 19.0 20.0
0 440.5 107.5 15.0 15.0
0 453.5 115.5 21.0 15.0
0 485.0 95.0 18.0 14.0
0 512.5 93.0 13.0 16.0
0 518.5 101.5 17.0 17.0
0 540.0 92.5 14.0 11.0
0 573.5 84.5 19.0 17.0
0 595.5 73.0 13.0 14.0
0 637.5 63.0 15.0 16.0
0 633.0 74.5 14.0 15.0
0 659.5 67.0 15.0 14.0
0 692.5 64.5 11.0 13.0
0 689.0 79.0 18.0 18.0
0 658.5 89.0 21.0 20.0
0 614.0 100.0 20.0 20.0
0 597.5 99.5 23.0 15.0
0 582.5 122.0 21.0 20.0
0 526.0 122.0 18.0 16.0
0 502.0 123.5 18.0 19.0
0 492.0 120.5 18.0 19.0
0 458.0 135.0 18.0 18.0
0 462.5 161.5 23.0 25.0
0 500.5 145.0 23.0 22.0
0 512.0 186.0 26.0 24.0
0 582.5 182.0 27.0 32.0
0 650.0 204.5 34.0 29.0
0 729.0 202.0 26.0 30.0
0 675.0 122.0 20.0 22.0
0 659.0 161.5 26.0 25.0
0 605.0 147.0 30.0 30.0
0 722.5 75.0 15.0 16.0
0 749.5 61.5 13.0 19.0
0 789.5 76.5 15.0 21.0
0 807.0 71.0 16.0 16.0
0 820.5 83.0 21.0 18.0
0 835.5 74.0 15.0 22.0
0 856.5 83.0 17.0 18.0
0 878.5 75.5 13.0 21.0
0 892.5 86.0 15.0 22.0
0 927.0 79.0 16.0 16.0
0 960.5 80.0 11.0 18.0
0 927.5 95.0 17.0 22.0
0 915.0 101.5 18.0 25.0
0 908.0 121.0 22.0 24.0
0 882.5 103.0 17.0 20.0
0 856.0 110.5 18.0 21.0
0 823.0 102.5 24.0 19.0
0 801.0 95.5 18.0 21.0
0 992.0 89.5 12.0 17.0
0 997.5 107.0 19.0 18.0
0 990.0 129.0 22.0 22.0
0 953.0 125.0 18.0 20.0
0 961.5 104.5 21.0 19.0
0 929.0 143.0 24.0 24.0
0 988.5 174.5 25.0 35.0
0 873.5 137.5 25.0 33.0
0 812.5 137.5 25.0 31.0
0 787.0 122.0 18.0 26.0
0 761.0 88.5 16.0 23.0
0 741.5 98.0 21.0 22.0
0 705.0 107.5 18.0 19.0
0 709.0 126.0 18.0 30.0
0 749.5 132.5 23.0 25.0
0 705.5 163.5 29.0 27.0
0 782.5 169.0 29.0 36.0
0 851.0 179.0 22.0 36.0
0 630.5 89.0 17.0 18.0
0 557.0 102.5 20.0 21.0
