0 878.5 92.5 11.0 15.0
0 844.5 103.5 9.0 15.0
0 871.5 111.5 11.0 15.0
0 856.5 131.0 13.0 22.0
0 822.0 123.5 16.0 23.0
0 813.0 154.5 16.0 27.0
0 798.0 77.5 10.0 15.0
0 820.0 78.5 10.0 15.0
0 798.5 105.0 15.0 20.0
0 765.5 66.0 11.0 12.0
0 771.5 89.5 11.0 19.0
0 754.5 100.5 13.0 19.0
0 735.0 117.0 12.0 20.0
0 738.5 68.0 9.0 14.0
0 751.5 82.5 11.0 15.0
0 730.5 85.0 13.0 20.0
0 721.0 88.5 12.0 19.0
0 690.5 94.5 11.0 15.0
0 651.0 91.0 12.0 18.0
0 664.0 98.0 16.0 22.0
0 665.5 124.5 17.0 25.0
0 615.0 104.0 16.0 22.0
0 592.0 108.5 16.0 23.0
0 620.0 124.0 20.0 22.0
0 556.0 117.5 18.0 25.0
0 569.5 54.5 7.0 11.0
0 558.0 70.0 12.0 16.0
0 574.5 87.5 11.0 15.0
0 604.5 74.0 11.0 14.0
0 612.5 63.0 9.0 12.0
0 646.0 58.0 10.0 14.0
0 669.5 62.0 7.0 12.0
0 533.5 66.0 11.0 12.0
0 541.5 91.5 13.0 17.0
0 490.5 66.5 9.0 11.0
0 488.0 85.0 12.0 16.0
0 503.0 76.0 10.0 14.0
0 498.5 117.0 13.0 18.0
0 444.0 107.5 12.0 19.0
0 482.5 100.0 15.0 18.0
0 464.5 67.0 9.0 10.0
0 371.5 84.5 13.0 15.0
0 389.5 89.0 11.0 14.0
0 403.0 88.0 10.0 14.0
0 419.0 82.5 10.0 13.0
0 433.5 92.5 13.0 15.0
0 436.0 71.0 12.0 14.0
0 440.5 82.0 11.0 18.0
0 452.5 75.5 11.0 13.0
0 379.5 116.5 23.0 29.0
0 305.5 102.5 13.0 15.0
0 333.5 107.0 13.0 16.0
