0 133.5 365.0 61.0 66.0
0 289.0 245.0 26.0 22.0
0 365.5 243.5 19.0 31.0
0 371.0 260.5 22.0 29.0
0 417.5 249.5 29.0 31.0
0 360.5 215.0 21.0 22.0
0 446.5 233.0 21.0 24.0
0 449.5 207.5 23.0 25.0
0 475.5 236.5 23.0 27.0
0 518.5 237.5 25.0 25.0
0 494.0 179.5 20.0 23.0
0 524.5 184.0 17.0 22.0
0 509.5 216.0 23.0 22.0
0 546.5 216.0 27.0 26.0
0 559.5 239.5 31.0 27.0
0 583.0 216.0 24.0 24.0
0 555.5 190.0 21.0 24.0
0 566.5 179.0 17.0 20.0
0 584.0 190.0 18.0 22.0
0 580.5 167.0 15.0 14.0
0 616.0 186.0 20.0 20.0
0 669.5 178.5 19.0 25.0
0 640.5 177.0 15.0 18.0
0 644.5 182.5 19.0 21.0
0 635.0 222.5 24.0 31.0
0 643.0 207.5 18.0 23.0
0 687.0 202.0 24.0 26.0
0 682.5 161.0 21.0 20.0
0 703.5 188.5 23.0 29.0
0 713.0 172.0 16.0 20.0
0 710.5 156.5 17.0 19.0
0 741.0 176.5 16.0 19.0
0 746.5 160.0 15.0 16.0
0 758.0 146.5 16.0 21.0
0 776.0 150.0 18.0 18.0
0 785.5 160.5 17.0 23.0
0 795.0 173.0 22.0 20.0
0 820.0 154.5 16.0 17.0
0 832.0 162.5 14.0 23.0
0 844.5 163.0 15.0 18.0
0 836.5 188.0 19.0 24.0
0 784.0 205.5 22.0 27.0
0 805.0 233.5 26.0 27.0
0 738.5 227.0 27.0 28.0
0 752.0 263.0 32.0 30.0
0 803.0 273.5 38.0 41.0
0 873.0 183.0 18.0 24.0
0 905.0 185.0 16.0 26.0
0 916.0 175.5 16.0 21.0
0 926.5 162.0 17.0 22.0
0 962.0 172.5 16.0 21.0
0 952.0 188.0 18.0 24.0
0 947.0 202.5 20.0 23.0
0 894.5 203.5 21.0 25.0
0 997.0 175.0 16.0 22.0
0 1031.5 187.0 15.0 22.0
0 1057.5 188.5 17.0 25.0
0 1074.5 184.0 17.0 24.0
0 1062.5 200.0 17.0 24.0
0 1106.0 209.5 18.0 27.0
0 1145.0 197.0 16.0 18.0
0 1148.0 215.0 14.0 22.0
0 1154.5 233.5 21.0 29.0
0 1146.0 245.5 14.0 27.0
0 1089.5 226.0 19.0 22.0
0 1043.5 218.0 17.0 22.0
0 1005.5 211.0 19.0 22.0
0 1007.0 194.0 20.0 24.0
0 1007.5 234.5 25.0 31.0
0 1073.0 261.5 24.0 29.0
0 1113.5 276.5 27.0 41.0
0 1125.0 238.5 16.0 23.0
0 1119.0 327.0 34.0 50.0
0 1059.5 294.5 31.0 35.0
0 1035.5 307.0 27.0 42.0
0 989.0 265.0 26.0 38.0
0 863.0 246.5 26.0 33.0
0 843.5 228.5 27.0 33.0
0 909.0 286.5 30.0 39.0
0 960.5 312.0 33.0 40.0
0 832.0 308.5 42.0 39.0
0 885.0 333.0 38.0 54.0
0 1007.0 352.0 36.0 46.0
0 622.5 266.0 33.0 42.0
0 663.5 263.5 33.0 37.0
0 675.0 288.0 38.0 42.0
0 760.5 300.5 41.0 45.0
