0 155.5 364.5 57.0 61.0
0 264.5 237.5 25.0 27.0
0 301.0 239.5 26.0 29.0
0 332.0 253.5 26.0 27.0
0 333.5 215.0 23.0 26.0
0 387.5 260.0 27.0 36.0
0 412.0 228.5 22.0 23.0
0 415.5 203.5 23.0 25.0
0 456.5 232.0 23.0 26.0
0 481.0 230.5 28.0 27.0
0 479.0 209.0 22.0 22.0
0 466.5 181.0 21.0 22.0
0 501.5 180.5 19.0 19.0
0 523.5 182.5 17.0 19.0
0 511.0 214.5 24.0 27.0
0 539.0 236.5 26.0 31.0
0 559.5 216.0 23.0 26.0
0 542.5 171.5 19.0 25.0
0 558.0 182.0 16.0 22.0
0 555.5 159.5 17.0 19.0
0 585.0 182.5 16.0 19.0
0 599.0 180.0 14.0 18.0
0 611.5 168.5 17.0 19.0
0 617.0 193.5 20.0 25.0
0 642.0 178.5 20.0 25.0
0 661.5 191.5 21.0 29.0
0 595.5 224.0 25.0 32.0
0 684.0 178.5 16.0 23.0
0 672.5 153.0 15.0 20.0
0 697.0 162.0 16.0 18.0
0 716.0 171.0 18.0 26.0
0 720.5 152.5 13.0 17.0
0 725.0 142.0 14.0 20.0
0 755.0 173.0 18.0 24.0
0 754.0 152.0 18.0 20.0
0 795.0 144.5 18.0 19.0
0 804.5 159.0 13.0 20.0
0 820.0 154.0 20.0 26.0
0 797.0 193.0 24.0 30.0
0 750.5 210.5 25.0 29.0
0 710.5 229.5 27.0 31.0
0 706.5 257.5 33.0 39.0
0 650.0 283.5 36.0 37.0
0 637.5 253.5 31.0 37.0
0 598.0 263.0 48.0 38.0
0 728.0 299.5 38.0 45.0
0 762.5 324.5 45.0 45.0
0 791.0 266.5 36.0 45.0
0 769.5 235.0 29.0 32.0
0 818.5 202.0 21.0 28.0
0 847.5 210.5 23.0 31.0
0 841.0 174.0 18.0 22.0
0 884.0 176.5 18.0 23.0
0 877.0 167.5 16.0 19.0
0 893.5 160.0 17.0 24.0
0 826.0 248.0 32.0 38.0
0 867.0 281.0 34.0 38.0
0 832.5 377.5 51.0 53.0
0 938.0 294.5 38.0 41.0
0 972.5 251.0 27.0 36.0
0 974.5 207.0 21.0 22.0
0 914.5 197.5 19.0 31.0
0 930.0 186.0 20.0 22.0
0 935.5 166.0 19.0 24.0
0 969.0 170.5 18.0 23.0
0 977.5 186.5 21.0 23.0
0 1009.5 180.5 17.0 21.0
0 1018.5 189.5 17.0 23.0
0 1012.0 221.0 22.0 34.0
0 1030.0 263.0 26.0 38.0
0 1016.0 310.5 36.0 45.0
0 995.0 359.0 46.0 48.0
0 1105.5 325.5 39.0 43.0
0 1098.0 273.5 32.0 37.0
0 1115.0 252.5 28.0 33.0
0 1089.0 230.5 22.0 33.0
0 1039.0 234.5 24.0 27.0
0 1047.0 177.5 20.0 23.0
0 1072.5 194.0 23.0 30.0
0 1117.5 214.0 21.0 24.0
0 1119.5 188.5 17.0 23.0
0 1095.0 214.0 18.0 22.0
