0 247.0 224.5 48.0 53.0
0 275.0 173.5 22.0 21.0
0 305.0 162.5 16.0 23.0
0 324.0 156.0 20.0 22.0
0 332.0 137.5 16.0 17.0
0 356.0 136.5 20.0 19.0
0 336.5 180.5 29.0 25.0
0 372.0 165.5 22.0 29.0
0 401.0 136.5 18.0 19.0
0 401.5 124.0 19.0 20.0
0 434.5 141.5 19.0 25.0
0 456.5 164.5 23.0 29.0
0 460.5 141.5 23.0 21.0
0 460.5 122.0 17.0 24.0
0 440.5 104.5 13.0 19.0
0 474.5 119.5 17.0 21.0
0 494.0 141.0 22.0 26.0
0 505.5 119.5 17.0 21.0
0 490.0 88.0 14.0 18.0
0 504.5 92.5 15.0 19.0
0 512.0 99.5 18.0 19.0
0 541.5 116.0 21.0 20.0
0 520.0 79.5 12.0 13.0
0 561.0 82.5 18.0 17.0
0 575.0 96.5 18.0 21.0
0 558.0 98.5 16.0 17.0
0 575.5 122.5 21.0 23.0
0 602.5 101.0 19.0 20.0
0 597.5 70.5 13.0 13.0
0 589.5 82.0 13.0 14.0
0 642.0 83.5 14.0 19.0
0 630.5 90.0 17.0 20.0
0 629.5 61.5 13.0 15.0
0 636.5 74.5 13.0 13.0
0 649.5 77.5 11.0 15.0
0 668.5 74.5 13.0 15.0
0 671.5 63.0 15.0 14.0
0 688.5 70.0 11.0 16.0
0 702.0 72.5 16.0 17.0
0 697.5 60.5 13.0 15.0
0 733.0 64.5 14.0 19.0
0 602.5 148.0 25.0 26.0
0 576.5 188.5 31.0 35.0
0 519.0 181.0 30.0 38.0
0 649.5 159.0 27.0 26.0
0 643.5 137.5 21.0 21.0
0 688.0 107.0 22.0 26.0
0 703.5 128.0 21.0 28.0
0 709.0 159.0 30.0 32.0
0 726.5 210.5 41.0 43.0
0 627.0 226.0 38.0 34.0
0 743.5 136.0 27.0 28.0
0 727.0 92.0 20.0 24.0
0 757.0 109.0 20.0 26.0
0 777.5 104.5 19.0 21.0
0 761.0 86.5 22.0 25.0
0 783.5 85.5 17.0 19.0
0 785.5 76.5 17.0 15.0
0 810.0 67.0 18.0 20.0
0 824.0 75.0 14.0 18.0
0 833.0 76.5 12.0 17.0
0 828.0 98.5 18.0 21.0
0 801.0 132.5 22.0 29.0
0 789.5 117.5 19.0 23.0
0 763.5 177.0 33.0 34.0
0 835.5 177.0 31.0 36.0
0 877.0 152.5 22.0 31.0
0 860.0 111.0 20.0 24.0
0 856.0 87.5 14.0 15.0
0 877.5 85.0 17.0 16.0
0 875.0 98.5 12.0 15.0
0 905.0 119.5 18.0 25.0
0 928.0 129.5 22.0 27.0
0 922.0 96.5 18.0 21.0
0 926.0 78.0 14.0 16.0
0 952.5 78.5 19.0 23.0
0 947.0 109.5 14.0 21.0
0 956.5 126.5 19.0 25.0
0 958.0 99.5 16.0 19.0
0 991.5 125.0 17.0 24.0
0 989.0 105.5 14.0 13.0
0 990.5 94.0 13.0 14.0
