0 136.5 336.5 59.0 65.0
0 285.0 164.0 20.0 22.0
0 296.5 175.0 27.0 30.0
0 356.0 147.0 26.0 28.0
0 391.5 146.5 23.0 25.0
0 396.0 129.0 22.0 24.0
0 419.5 142.0 21.0 24.0
0 439.5 141.5 19.0 27.0
0 463.0 162.0 28.0 34.0
0 462.5 123.0 21.0 24.0
0 489.0 119.0 20.0 30.0
0 505.5 145.5 25.0 29.0
0 551.5 182.0 31.0 32.0
0 545.5 119.0 21.0 24.0
0 553.0 102.0 22.0 22.0
0 600.5 145.5 29.0 27.0
0 627.0 126.5 20.0 23.0
0 604.0 108.0 22.0 28.0
0 589.0 108.0 18.0 24.0
0 577.5 103.5 17.0 17.0
0 627.0 97.0 18.0 20.0
0 658.5 105.0 21.0 26.0
0 692.5 144.0 25.0 24.0
0 707.5 96.5 23.0 21.0
0 700.5 86.5 17.0 19.0
0 732.0 125.0 20.0 24.0
0 736.0 105.0 20.0 22.0
0 734.0 84.0 18.0 20.0
0 756.5 79.0 19.0 20.0
0 765.0 94.0 18.0 18.0
0 771.0 111.5 20.0 21.0
0 768.0 129.0 24.0 24.0
0 798.0 79.0 20.0 18.0
0 831.5 110.5 21.0 21.0
0 827.0 90.5 16.0 17.0
0 833.0 82.0 16.0 18.0
0 867.0 97.0 22.0 24.0
0 872.0 86.5 18.0 23.0
0 897.0 100.0 16.0 24.0
0 732.5 205.5 31.0 33.0
0 767.0 234.5 36.0 37.0
0 775.5 177.5 35.0 35.0
0 834.5 152.5 29.0 37.0
0 877.5 132.5 25.0 27.0
0 833.0 239.0 38.0 42.0
0 913.5 243.0 39.0 42.0
0 903.5 172.5 29.0 33.0
0 935.5 143.0 23.0 26.0
0 921.0 137.5 20.0 23.0
0 950.0 130.0 20.0 24.0
0 968.0 113.5 20.0 23.0
0 983.5 123.0 21.0 26.0
0 998.0 150.5 26.0 37.0
0 948.0 181.0 28.0 34.0
0 1007.0 189.5 32.0 33.0
0 1040.0 143.5 26.0 25.0
0 1016.5 119.5 23.0 23.0
0 1044.5 128.5 19.0 23.0
0 1086.0 141.5 20.0 23.0
0 1106.0 145.0 18.0 24.0
0 1132.5 136.0 21.0 22.0
0 1134.0 159.5 20.0 29.0
0 1115.0 170.5 24.0 29.0
0 1094.0 186.5 28.0 33.0
0 1084.5 207.0 27.0 30.0
0 1007.5 270.5 39.0 51.0
0 1093.5 298.0 37.0 50.0
0 1114.0 247.0 30.0 44.0
0 1175.5 255.5 31.0 37.0
0 1199.0 221.0 22.0 28.0
0 1228.0 221.5 20.0 31.0
0 1166.5 198.0 23.0 34.0
0 1168.0 164.0 18.0 22.0
0 1197.0 151.0 16.0 20.0
0 1233.0 156.0 16.0 24.0
0 1230.0 188.5 20.0 27.0
