0 88.5 275.5 31.0 45.0
0 143.5 338.5 43.0 47.0
0 84.5 237.5 35.0 37.0
0 51.5 134.0 27.0 28.0
0 142.0 117.5 28.0 27.0
0 204.5 148.0 27.0 28.0
0 233.0 246.5 36.0 35.0
0 286.0 205.5 30.0 35.0
0 299.5 159.0 31.0 34.0
0 226.0 111.5 24.0 23.0
0 184.5 87.0 25.0 24.0
0 228.5 75.5 21.0 21.0
0 269.5 78.5 17.0 19.0
0 297.5 66.5 17.0 17.0
0 349.5 113.0 27.0 30.0
0 381.5 121.5 23.0 25.0
0 359.5 87.0 23.0 26.0
0 425.5 125.5 21.0 25.0
0 464.5 96.5 19.0 23.0
0 511.5 91.5 19.0 25.0
0 438.0 43.5 20.0 23.0
0 490.0 48.0 16.0 18.0
0 518.0 44.0 16.0 18.0
0 589.5 38.0 15.0 16.0
0 558.5 67.0 19.0 22.0
0 573.0 64.0 18.0 20.0
0 568.5 84.0 19.0 16.0
0 621.0 100.5 16.0 19.0
0 592.0 118.0 18.0 24.0
0 579.0 144.0 26.0 32.0
0 684.0 173.0 26.0 32.0
0 667.0 264.5 38.0 41.0
0 681.5 100.5 19.0 23.0
0 622.5 56.0 13.0 18.0
0 664.0 43.0 16.0 20.0
0 707.0 74.5 16.0 19.0
0 710.5 50.5 15.0 15.0
0 711.0 111.5 18.0 27.0
0 746.5 129.0 19.0 24.0
0 734.0 75.0 14.0 22.0
0 757.5 55.5 21.0 19.0
0 792.5 79.0 17.0 18.0
0 846.5 110.0 19.0 22.0
0 866.0 138.0 20.0 24.0
0 825.5 191.5 29.0 29.0
0 891.5 122.0 17.0 22.0
0 953.5 113.0 19.0 22.0
0 968.5 206.0 23.0 30.0
0 1001.0 131.5 16.0 19.0
0 1047.0 151.5 18.0 25.0
0 1143.5 202.0 25.0 30.0
0 1069.5 168.0 21.0 26.0
