0 686.0 163.5 32.0 35.0
0 574.0 123.0 20.0 24.0
0 600.0 118.5 22.0 23.0
0 633.5 101.0 17.0 20.0
0 657.0 120.0 18.0 22.0
0 695.5 121.5 19.0 21.0
0 687.0 103.5 18.0 19.0
0 672.0 95.0 18.0 18.0
0 711.0 95.0 16.0 18.0
0 701.0 76.0 12.0 18.0
0 717.5 78.5 13.0 13.0
0 735.5 71.5 13.0 15.0
0 306.0 116.0 16.0 14.0
0 356.5 104.5 13.0 17.0
0 362.0 95.0 14.0 14.0
0 404.5 93.5 15.0 17.0
0 421.0 94.5 12.0 15.0
0 428.5 84.5 13.0 13.0
0 425.5 74.5 13.0 11.0
0 454.0 72.5 12.0 11.0
0 457.0 85.5 12.0 15.0
0 441.5 90.0 13.0 12.0
0 452.0 110.0 16.0 20.0
0 456.5 103.0 13.0 12.0
0 506.0 98.5 16.0 17.0
0 537.5 100.5 15.0 17.0
0 469.0 79.5 14.0 15.0
0 480.0 69.0 10.0 10.0
0 506.0 66.5 12.0 11.0
0 512.5 64.5 7.0 11.0
0 509.5 83.5 13.0 13.0
0 517.0 80.0 12.0 14.0
0 525.5 74.0 11.0 12.0
0 557.0 75.0 10.0 14.0
0 563.0 66.5 12.0 13.0
0 575.5 72.5 11.0 11.0
0 593.0 56.0 10.0 12.0
0 607.5 70.5 11.0 13.0
0 611.0 85.0 14.0 14.0
0 636.0 77.0 10.0 14.0
0 630.5 67.5 9.0 11.0
0 636.5 61.5 9.0 11.0
0 653.0 59.0 10.0 14.0
0 683.0 66.0 10.0 12.0
0 660.5 80.0 13.0 10.0
0 750.0 82.5 12.0 17.0
0 766.0 86.5 12.0 15.0
0 771.0 72.0 10.0 12.0
0 784.5 86.0 11.0 16.0
0 771.0 109.0 14.0 16.0
0 786.5 108.0 13.0 16.0
0 804.5 93.5 11.0 19.0
0 798.0 74.0 12.0 14.0
0 826.0 75.5 10.0 17.0
0 833.5 108.5 11.0 21.0
0 847.0 146.5 14.0 23.0
0 855.0 124.5 14.0 25.0
0 865.0 111.5 12.0 17.0
0 906.0 121.0 12.0 20.0
0 906.5 102.5 11.0 11.0
0 883.5 95.5 13.0 17.0
0 910.0 92.5 10.0 13.0
0 863.5 86.5 11.0 15.0
