0 126.5 321.0 65.0 60.0
0 249.0 174.5 28.0 33.0
0 293.0 165.0 32.0 32.0
0 348.5 141.5 25.0 29.0
0 390.5 143.5 21.0 27.0
0 385.0 123.0 24.0 24.0
0 413.5 136.0 23.0 30.0
0 436.0 130.0 22.0 30.0
0 461.5 158.5 23.0 31.0
0 454.5 117.0 21.0 22.0
0 484.5 114.0 25.0 28.0
0 496.5 144.0 25.0 26.0
0 540.5 195.5 31.0 29.0
0 590.0 147.0 26.0 32.0
0 542.0 114.0 22.0 24.0
0 554.0 95.5 20.0 21.0
0 570.0 97.0 16.0 18.0
0 599.0 102.0 24.0 24.0
0 618.5 121.5 21.0 25.0
0 617.5 90.5 19.0 21.0
0 647.5 98.5 21.0 29.0
0 687.0 129.0 20.0 24.0
0 659.5 92.0 17.0 24.0
0 691.0 81.0 18.0 22.0
0 701.5 95.5 19.0 25.0
0 721.5 80.5 21.0 21.0
0 748.0 74.5 20.0 25.0
0 760.0 93.5 20.0 23.0
0 751.5 112.0 19.0 24.0
0 777.5 117.5 21.0 25.0
0 787.0 76.5 20.0 25.0
0 815.0 86.5 22.0 23.0
0 829.5 80.0 17.0 22.0
0 861.0 80.0 16.0 22.0
0 884.5 92.0 19.0 24.0
0 861.0 97.5 22.0 25.0
0 819.5 109.5 23.0 23.0
0 719.0 197.0 32.0 32.0
0 748.0 230.5 34.0 41.0
0 762.5 173.5 31.0 33.0
0 826.0 151.5 26.0 33.0
0 869.0 129.5 24.0 27.0
0 911.0 156.5 26.0 31.0
0 926.5 136.5 19.0 25.0
0 931.5 113.0 19.0 24.0
0 901.0 238.0 36.0 44.0
0 822.5 237.0 41.0 40.0
0 989.5 267.0 43.0 58.0
0 1089.5 288.0 37.0 48.0
0 1107.5 236.5 33.0 39.0
0 1058.5 222.5 31.0 37.0
0 1013.0 177.0 26.0 34.0
0 940.0 172.0 28.0 32.0
0 995.5 148.0 21.0 30.0
0 971.5 122.5 19.0 23.0
0 962.5 107.0 17.0 18.0
0 1010.5 114.5 21.0 25.0
0 1024.5 134.5 25.0 27.0
0 1049.5 126.5 19.0 23.0
0 1085.0 135.5 16.0 23.0
0 1094.5 133.5 13.0 25.0
0 1122.0 154.0 16.0 26.0
0 1108.5 174.5 19.0 27.0
0 1080.5 188.0 25.0 32.0
0 1132.0 139.5 20.0 25.0
0 1160.0 160.0 20.0 28.0
0 1183.0 145.5 18.0 27.0
0 1152.0 193.0 26.0 36.0
0 1180.0 226.0 28.0 40.0
0 1190.5 259.0 27.0 42.0
0 1214.5 216.5 21.0 31.0
0 1210.0 195.0 16.0 20.0
0 1217.0 181.0 16.0 22.0
0 1226.5 153.5 19.0 25.0
