0 106.0 329.0 56.0 66.0
0 258.0 157.0 22.0 24.0
0 266.5 167.5 27.0 27.0
0 326.0 142.0 22.0 26.0
0 365.5 124.0 23.0 22.0
0 361.0 142.0 24.0 26.0
0 397.0 136.0 22.0 28.0
0 409.0 136.5 20.0 25.0
0 432.0 160.5 26.0 31.0
0 432.5 119.0 23.0 22.0
0 476.0 141.0 22.0 24.0
0 469.0 113.5 22.0 23.0
0 504.0 104.0 20.0 18.0
0 518.5 113.5 19.0 21.0
0 525.5 174.5 23.0 23.0
0 571.0 141.0 24.0 26.0
0 571.0 104.5 20.0 21.0
0 597.5 121.0 19.0 20.0
0 591.0 90.0 18.0 20.0
0 548.5 96.5 17.0 15.0
0 627.0 98.5 22.0 29.0
0 640.5 95.5 17.0 19.0
0 641.0 136.0 20.0 28.0
0 671.5 82.0 17.0 22.0
0 677.5 89.5 17.0 19.0
0 697.5 80.0 19.0 20.0
0 725.0 75.0 18.0 18.0
0 734.5 88.5 17.0 17.0
0 741.5 106.0 17.0 20.0
0 736.0 127.0 22.0 26.0
0 706.0 127.5 16.0 15.0
0 706.5 102.5 19.0 21.0
0 768.5 74.0 17.0 20.0
0 801.0 80.5 20.0 23.0
0 800.0 104.0 18.0 22.0
0 841.0 81.5 16.0 19.0
0 836.5 91.5 19.0 25.0
0 863.5 92.5 17.0 23.0
0 939.0 105.5 18.0 19.0
0 927.0 117.0 16.0 22.0
0 948.5 120.5 19.0 25.0
0 990.5 112.5 17.0 25.0
0 1002.0 134.0 20.0 22.0
0 1016.5 125.0 19.0 22.0
0 906.0 135.5 24.0 27.0
0 845.5 127.0 21.0 26.0
0 800.5 147.5 27.0 33.0
0 743.0 170.5 30.0 35.0
0 698.0 197.0 26.0 34.0
0 734.5 227.0 31.0 34.0
0 802.0 232.0 32.0 38.0
0 887.0 235.5 32.0 35.0
0 874.0 165.5 26.0 27.0
0 915.0 176.5 26.0 23.0
0 971.0 149.5 22.0 27.0
0 977.5 184.0 29.0 30.0
0 1060.0 138.0 18.0 22.0
0 1074.5 140.0 15.0 18.0
0 1101.0 135.5 20.0 19.0
0 1105.0 153.5 20.0 23.0
0 1139.5 156.0 19.0 22.0
0 1168.0 147.0 20.0 22.0
0 1202.5 153.0 15.0 24.0
0 1068.5 174.5 23.0 27.0
0 1089.5 172.0 19.0 22.0
0 1136.5 194.0 23.0 28.0
0 1196.0 185.5 20.0 29.0
0 1195.0 215.5 22.0 33.0
0 1166.5 222.0 23.0 26.0
0 1049.5 211.5 27.0 35.0
0 1079.5 246.5 27.0 37.0
0 1170.0 258.5 28.0 35.0
0 969.5 274.5 39.0 47.0
0 1057.0 312.0 38.0 42.0
