0 192.0 317.5 54.0 57.0
0 279.5 233.5 19.0 25.0
0 313.5 236.5 25.0 29.0
0 347.5 212.5 19.0 25.0
0 354.5 250.0 25.0 30.0
0 413.0 250.5 28.0 35.0
0 432.5 227.5 21.0 25.0
0 433.0 201.0 18.0 26.0
0 495.5 231.0 25.0 26.0
0 468.5 234.0 21.0 26.0
0 539.5 234.5 27.0 27.0
0 530.0 211.5 24.0 29.0
0 498.0 204.0 22.0 22.0
0 497.0 187.5 18.0 21.0
0 481.5 177.0 19.0 24.0
0 517.5 179.5 17.0 21.0
0 532.5 186.5 19.0 21.0
0 574.5 208.0 25.0 24.0
0 570.5 184.5 19.0 23.0
0 563.0 168.5 18.0 21.0
0 571.0 164.0 18.0 18.0
0 604.0 185.0 20.0 22.0
0 628.0 192.0 22.0 24.0
0 609.5 217.5 25.0 31.0
0 630.0 165.5 22.0 27.0
0 653.5 173.0 19.0 26.0
0 693.0 149.0 20.0 20.0
0 695.5 188.5 23.0 31.0
0 696.5 167.0 19.0 24.0
0 735.5 172.5 19.0 21.0
0 735.5 153.5 17.0 19.0
0 743.5 140.5 19.0 23.0
0 761.5 150.5 17.0 19.0
0 778.5 171.0 19.0 18.0
0 819.5 157.5 21.0 17.0
0 812.5 144.5 15.0 19.0
0 834.5 154.5 21.0 23.0
0 855.0 170.5 20.0 23.0
0 812.5 191.5 23.0 25.0
0 771.0 214.0 28.0 32.0
0 730.5 228.0 31.0 32.0
0 656.0 261.0 32.0 36.0
0 661.0 280.0 38.0 38.0
0 616.0 263.5 38.0 43.0
0 705.0 288.5 38.0 37.0
0 745.5 293.0 43.0 42.0
0 787.0 242.0 30.0 36.0
0 810.0 256.0 36.0 46.0
0 836.5 240.5 31.0 35.0
0 803.5 308.5 43.0 41.0
0 859.5 354.5 53.0 57.0
0 899.0 282.5 34.0 45.0
0 876.5 195.5 21.0 25.0
0 892.0 172.0 18.0 26.0
0 903.5 153.0 17.0 18.0
0 908.5 184.5 21.0 23.0
0 929.0 173.5 18.0 21.0
0 931.5 194.5 21.0 25.0
0 951.0 185.5 18.0 27.0
0 951.5 162.0 21.0 26.0
0 986.5 167.5 21.0 25.0
0 989.0 191.0 22.0 22.0
0 987.5 212.5 21.0 29.0
0 983.0 250.0 28.0 32.0
0 961.5 288.0 33.0 38.0
0 977.0 343.5 48.0 45.0
0 1026.5 309.5 41.0 41.0
0 1041.0 284.5 34.0 41.0
0 1051.5 234.5 27.0 31.0
0 1034.0 211.0 22.0 26.0
0 1042.5 188.5 19.0 25.0
0 1022.5 177.0 21.0 26.0
0 1058.5 175.5 21.0 23.0
0 1089.5 197.0 21.0 26.0
0 1079.5 220.5 23.0 25.0
0 1107.0 271.0 26.0 34.0
0 1104.0 322.5 38.0 43.0
0 1127.0 243.0 20.0 26.0
0 1126.0 226.0 20.0 20.0
0 1135.5 213.5 17.0 23.0
0 1137.0 196.0 20.0 22.0
