0 52.5 240.5 33.0 35.0
0 277.0 167.0 20.0 18.0
0 322.0 151.0 14.0 16.0
0 337.0 172.5 18.0 21.0
0 363.0 166.5 16.0 19.0
0 414.0 187.0 22.0 24.0
0 341.5 135.0 15.0 14.0
0 370.0 128.5 16.0 19.0
0 407.0 133.5 16.0 21.0
0 394.5 127.5 15.0 21.0
0 411.5 119.0 11.0 16.0
0 441.5 132.5 21.0 27.0
0 480.5 132.5 17.0 19.0
0 521.5 131.5 19.0 25.0
0 509.5 113.5 15.0 15.0
0 474.0 116.5 14.0 11.0
0 451.5 114.5 21.0 13.0
0 445.5 103.0 21.0 14.0
0 486.5 101.5 15.0 19.0
0 483.5 83.0 11.0 10.0
0 508.5 98.5 15.0 13.0
0 541.0 102.0 18.0 18.0
0 571.5 82.5 15.0 15.0
0 593.5 95.5 13.0 17.0
0 620.5 93.5 15.0 17.0
0 606.5 86.0 11.0 18.0
0 597.0 69.0 10.0 12.0
0 636.0 58.0 12.0 12.0
0 631.5 70.5 11.0 15.0
0 659.5 65.0 13.0 20.0
0 668.0 84.0 14.0 16.0
0 699.0 69.0 14.0 16.0
0 693.0 55.5 14.0 13.0
0 728.0 69.5 12.0 19.0
0 741.0 64.0 10.0 18.0
0 581.5 117.0 17.0 18.0
0 609.5 105.5 17.0 17.0
0 521.0 172.0 24.0 26.0
0 566.5 189.0 25.0 24.0
0 604.0 141.0 16.0 22.0
0 651.5 129.0 17.0 22.0
0 642.5 200.0 25.0 28.0
0 650.0 165.5 18.0 21.0
0 707.5 159.5 25.0 29.0
0 719.0 213.0 26.0 30.0
0 763.0 176.5 20.0 35.0
0 836.0 175.0 28.0 32.0
0 747.5 127.0 21.0 24.0
0 736.0 116.0 16.0 20.0
0 703.5 122.5 19.0 27.0
0 731.5 92.5 17.0 15.0
0 754.0 84.5 14.0 17.0
0 781.0 94.5 12.0 15.0
0 794.0 85.5 10.0 17.0
0 781.0 79.0 12.0 14.0
0 797.5 68.0 13.0 16.0
0 830.5 70.5 9.0 15.0
0 821.5 80.5 13.0 19.0
0 805.5 93.5 19.0 17.0
0 787.5 115.5 23.0 23.0
0 814.5 140.5 21.0 23.0
0 867.5 145.0 19.0 30.0
0 851.0 102.0 16.0 20.0
0 849.0 78.0 14.0 18.0
0 859.0 74.5 14.0 15.0
0 892.0 83.0 14.0 20.0
0 874.0 96.5 14.0 19.0
0 906.0 93.0 14.0 20.0
0 916.5 115.0 15.0 18.0
0 929.0 79.5 16.0 19.0
0 940.0 102.5 16.0 15.0
0 949.5 121.5 15.0 19.0
0 934.0 138.0 18.0 24.0
0 983.0 172.0 20.0 32.0
0 986.5 119.0 17.0 28.0
0 981.5 96.5 13.0 19.0
0 996.5 91.5 11.0 15.0
0 960.5 76.5 13.0 15.0
0 961.5 99.5 15.0 15.0
0 508.0 87.0 14.0 14.0
