0 142.0 380.0 48.0 54.0
0 270.0 236.0 22.0 24.0
0 306.0 237.0 26.0 28.0
0 345.0 252.0 26.0 32.0
0 340.5 212.5 21.0 23.0
0 399.5 251.5 27.0 35.0
0 419.5 226.5 21.0 21.0
0 424.0 205.0 24.0 24.0
0 462.5 232.0 23.0 26.0
0 490.5 230.5 27.0 29.0
0 488.5 208.5 21.0 27.0
0 474.5 179.5 23.0 23.0
0 508.5 179.0 19.0 20.0
0 532.5 181.5 17.0 23.0
0 521.0 213.0 26.0 24.0
0 530.0 233.0 26.0 32.0
0 566.5 211.5 25.0 27.0
0 568.5 183.0 19.0 22.0
0 552.0 170.5 18.0 23.0
0 563.0 162.5 16.0 19.0
0 607.0 228.0 26.0 32.0
0 597.0 180.5 18.0 25.0
0 608.5 178.5 17.0 19.0
0 616.5 166.0 19.0 20.0
0 633.5 180.0 21.0 26.0
0 652.0 170.5 18.0 21.0
0 669.5 197.0 21.0 24.0
0 693.5 176.0 21.0 26.0
0 682.0 149.5 16.0 17.0
0 686.0 163.5 14.0 15.0
0 718.0 173.0 18.0 24.0
0 728.0 151.0 14.0 18.0
0 732.5 141.5 15.0 19.0
0 764.5 170.0 19.0 22.0
0 753.5 150.5 19.0 21.0
0 771.5 153.0 17.0 22.0
0 811.5 159.0 15.0 18.0
0 826.0 154.5 18.0 21.0
0 805.0 145.0 16.0 20.0
0 587.5 275.0 35.0 42.0
0 660.5 277.0 37.0 36.0
0 661.5 248.5 31.0 31.0
0 712.5 261.0 29.0 38.0
0 719.0 225.5 30.0 25.0
0 735.5 294.5 39.0 45.0
0 764.5 323.5 49.0 49.0
0 845.5 375.5 45.0 53.0
0 761.5 208.5 23.0 29.0
0 778.5 233.5 27.0 33.0
0 802.0 262.5 34.0 41.0
0 833.5 249.5 31.0 35.0
0 806.0 192.0 20.0 24.0
0 832.0 198.0 20.0 24.0
0 851.0 174.0 18.0 26.0
0 857.5 210.0 19.0 26.0
0 881.5 164.5 13.0 17.0
0 890.5 177.0 17.0 20.0
0 903.0 159.0 16.0 22.0
0 921.5 181.5 17.0 25.0
0 934.5 195.5 19.0 25.0
0 946.0 183.0 16.0 24.0
0 941.0 163.5 16.0 19.0
0 978.5 167.5 17.0 23.0
0 987.5 191.5 21.0 21.0
0 981.0 207.5 22.0 23.0
0 1021.5 215.0 23.0 26.0
0 1022.0 189.5 16.0 23.0
0 1033.5 189.0 15.0 24.0
0 1051.0 180.5 16.0 23.0
0 1014.5 178.0 15.0 18.0
0 1077.0 190.5 20.0 25.0
0 980.0 246.0 24.0 36.0
0 943.0 295.0 36.0 36.0
0 876.0 278.0 30.0 36.0
0 1005.0 359.5 46.0 47.0
0 1021.0 303.5 36.0 41.0
0 1039.0 258.5 28.0 39.0
0 1047.0 232.0 24.0 30.0
0 1090.5 227.0 23.0 30.0
0 1101.5 216.5 17.0 25.0
0 1123.5 245.5 23.0 29.0
0 1104.0 274.0 26.0 32.0
0 1113.5 321.5 35.0 41.0
0 1126.5 213.5 17.0 25.0
0 1132.5 193.0 19.0 22.0
