0 90.0 370.5 54.0 59.0
0 274.5 252.5 21.0 25.0
0 326.5 248.0 27.0 34.0
0 355.0 260.5 22.0 27.0
0 358.5 217.0 17.0 24.0
0 413.5 262.5 27.0 29.0
0 439.5 238.5 21.0 25.0
0 444.5 208.5 19.0 21.0
0 477.5 237.5 21.0 25.0
0 506.5 241.5 25.0 27.0
0 503.0 213.0 22.0 22.0
0 502.0 195.0 18.0 18.0
0 478.0 183.5 16.0 19.0
0 553.0 240.5 24.0 29.0
0 539.0 223.5 18.0 23.0
0 580.0 217.0 18.0 24.0
0 571.0 196.0 20.0 20.0
0 559.5 186.0 15.0 16.0
0 551.0 178.0 16.0 18.0
0 581.5 167.5 19.0 21.0
0 607.0 192.0 20.0 30.0
0 647.5 190.5 19.0 23.0
0 657.0 182.5 20.0 19.0
0 677.5 204.5 21.0 25.0
0 676.5 163.5 19.0 19.0
0 715.0 183.0 20.0 26.0
0 707.5 168.5 15.0 17.0
0 706.5 155.5 17.0 15.0
0 739.5 161.5 17.0 21.0
0 738.5 178.5 15.0 19.0
0 753.0 145.0 14.0 20.0
0 773.0 152.0 20.0 18.0
0 793.0 175.5 16.0 21.0
0 812.5 158.5 15.0 17.0
0 829.5 164.5 17.0 23.0
0 849.0 159.0 16.0 24.0
0 870.0 176.5 22.0 25.0
0 833.0 190.0 22.0 26.0
0 780.0 214.5 22.0 27.0
0 736.0 232.5 26.0 35.0
0 654.5 253.0 31.0 38.0
0 626.5 233.5 25.0 33.0
0 565.5 309.5 43.0 47.0
0 670.5 287.5 35.0 37.0
0 727.5 308.5 37.0 53.0
0 719.0 284.5 34.0 35.0
0 789.5 331.5 45.0 49.0
0 811.5 278.5 35.0 45.0
0 808.5 237.0 29.0 32.0
0 852.5 247.5 29.0 35.0
0 858.0 367.5 46.0 57.0
0 910.0 284.5 38.0 47.0
0 888.5 202.5 19.0 23.0
0 903.5 181.5 19.0 25.0
0 911.0 170.0 16.0 18.0
0 921.5 162.5 15.0 19.0
0 936.5 188.0 19.0 18.0
0 947.5 199.0 19.0 26.0
0 965.0 191.0 18.0 22.0
0 959.0 170.5 18.0 21.0
0 1003.5 190.0 17.0 20.0
0 1027.5 190.5 17.0 23.0
0 999.5 212.5 19.0 23.0
0 1011.5 242.5 25.0 27.0
0 991.0 262.0 30.0 34.0
0 951.5 310.5 35.0 45.0
0 999.0 364.0 40.0 48.0
0 1039.0 314.0 40.0 42.0
0 1053.5 264.5 31.0 39.0
0 1075.0 266.0 20.0 32.0
0 1111.5 282.5 33.0 39.0
0 1121.5 328.5 39.0 47.0
0 1139.0 248.0 22.0 30.0
0 1151.0 225.0 20.0 22.0
0 1158.0 192.5 18.0 21.0
0 1101.0 206.5 20.0 27.0
0 1083.5 228.5 21.0 27.0
0 1037.0 221.5 20.0 25.0
0 1049.0 217.5 18.0 27.0
0 1051.5 194.5 15.0 23.0
0 1068.5 185.5 15.0 25.0
