0 1105.5 322.5 35.0 43.0
0 1147.0 246.0 26.0 38.0
0 1226.5 269.5 31.0 39.0
0 1217.5 226.5 21.0 31.0
0 1240.0 209.0 16.0 26.0
0 1247.5 226.5 19.0 31.0
0 1244.0 187.0 16.0 24.0
0 1258.5 164.0 13.0 20.0
0 1177.0 201.5 20.0 31.0
0 1190.5 170.0 15.0 26.0
0 1212.0 151.0 14.0 22.0
0 1156.5 142.5 17.0 23.0
0 1115.0 147.5 14.0 23.0
0 1148.0 178.5 22.0 31.0
0 1002.5 111.0 15.0 22.0
0 1036.0 124.5 16.0 25.0
0 1052.0 141.0 18.0 30.0
0 1035.5 148.5 19.0 29.0
0 1012.5 168.0 21.0 26.0
0 1044.5 185.0 23.0 34.0
0 1105.5 216.0 21.0 34.0
0 987.5 267.5 31.0 49.0
0 980.0 179.0 20.0 30.0
0 952.5 126.5 17.0 25.0
0 997.5 130.5 21.0 27.0
0 957.5 147.0 21.0 28.0
0 916.5 182.5 27.0 29.0
0 921.0 136.0 18.0 26.0
0 891.0 90.0 14.0 22.0
0 914.5 102.5 15.0 23.0
0 879.0 103.0 18.0 26.0
0 858.0 116.0 16.0 22.0
0 849.0 160.0 24.0 28.0
0 814.5 84.0 15.0 22.0
0 833.5 91.0 15.0 22.0
0 795.5 101.0 21.0 20.0
0 799.5 123.0 17.0 28.0
0 788.5 115.0 17.0 22.0
0 748.0 124.0 18.0 24.0
0 797.5 183.5 25.0 37.0
0 847.0 249.5 32.0 37.0
0 780.5 229.0 29.0 40.0
0 721.5 212.5 33.0 35.0
0 751.5 88.0 15.0 20.0
0 766.5 91.5 17.0 17.0
0 719.0 91.5 16.0 19.0
0 721.5 106.0 15.0 24.0
0 711.0 136.0 18.0 28.0
0 690.5 103.0 19.0 24.0
0 646.0 98.5 16.0 23.0
0 648.5 131.0 17.0 26.0
0 625.0 149.5 26.0 31.0
0 622.0 110.0 18.0 26.0
0 566.0 122.5 16.0 25.0
0 542.5 111.5 13.0 17.0
0 525.5 115.5 19.0 21.0
0 526.0 148.5 18.0 23.0
0 486.5 125.0 19.0 22.0
0 488.0 171.0 22.0 32.0
0 568.0 195.5 26.0 37.0
0 466.0 132.0 20.0 24.0
0 450.0 147.5 18.0 33.0
0 417.5 137.0 21.0 24.0
0 411.0 149.0 18.0 24.0
0 346.5 157.5 19.0 27.0
0 59.0 408.0 62.0 74.0
0 926.0 248.5 28.0 43.0
