0 67.0 320.0 64.0 66.0
0 271.5 171.0 15.0 14.0
0 298.5 165.0 17.0 18.0
0 321.0 153.0 16.0 20.0
0 332.5 144.0 17.0 18.0
0 346.5 158.0 15.0 20.0
0 365.0 170.5 24.0 29.0
0 364.0 132.5 20.0 23.0
0 376.0 140.5 16.0 17.0
0 398.5 134.0 19.0 20.0
0 412.5 117.0 19.0 18.0
0 447.0 130.5 18.0 17.0
0 462.5 162.0 25.0 26.0
0 503.5 147.0 23.0 26.0
0 496.5 116.0 15.0 18.0
0 519.5 119.0 15.0 18.0
0 475.5 136.0 19.0 22.0
0 437.0 100.0 16.0 18.0
0 459.5 100.5 17.0 19.0
0 482.5 99.5 17.0 15.0
0 481.0 82.5 10.0 13.0
0 510.5 96.5 13.0 15.0
0 507.5 86.0 11.0 12.0
0 525.0 78.5 14.0 13.0
0 550.5 96.5 17.0 17.0
0 562.5 80.5 15.0 17.0
0 578.0 116.0 18.0 22.0
0 584.5 91.5 17.0 19.0
0 597.0 66.0 14.0 16.0
0 624.5 89.5 21.0 27.0
0 633.5 71.0 13.0 10.0
0 630.5 57.5 13.0 13.0
0 651.5 67.0 13.0 14.0
0 663.0 84.5 16.0 17.0
0 665.5 59.0 15.0 14.0
0 683.0 61.0 12.0 14.0
0 681.5 74.0 15.0 16.0
0 710.0 75.0 16.0 16.0
0 734.5 61.5 17.0 19.0
0 519.5 176.5 25.0 27.0
0 595.5 176.5 25.0 31.0
0 605.0 145.0 20.0 24.0
0 632.5 154.5 23.0 27.0
0 650.5 123.0 19.0 22.0
0 694.0 104.0 16.0 20.0
0 705.5 124.0 21.0 26.0
0 703.5 150.0 25.0 32.0
0 713.0 201.5 32.0 35.0
0 645.0 197.5 26.0 33.0
0 756.5 176.5 31.0 33.0
0 744.5 129.0 23.0 28.0
0 727.5 111.5 19.0 25.0
0 729.5 90.0 17.0 18.0
0 755.5 80.0 17.0 18.0
0 784.5 108.5 21.0 29.0
0 794.5 82.0 17.0 20.0
0 801.5 65.5 15.0 17.0
0 841.5 82.5 17.0 21.0
0 851.0 71.0 20.0 18.0
0 808.5 84.0 11.0 16.0
0 822.0 130.5 24.0 29.0
0 831.5 174.5 33.0 39.0
0 854.0 106.0 18.0 22.0
0 870.0 101.5 16.0 19.0
0 868.5 83.0 15.0 18.0
0 888.0 82.5 16.0 21.0
0 906.0 91.0 16.0 18.0
0 923.5 94.0 15.0 18.0
0 930.5 76.0 13.0 20.0
0 963.0 78.0 14.0 18.0
0 993.0 95.5 16.0 21.0
0 995.0 87.0 12.0 16.0
0 983.5 122.0 19.0 26.0
0 985.5 161.0 23.0 32.0
0 926.0 128.5 24.0 29.0
0 911.5 113.0 19.0 18.0
0 939.0 117.0 18.0 22.0
0 952.0 107.5 16.0 19.0
