0 164.5 221.0 33.0 38.0
0 180.5 210.5 41.0 45.0
0 277.0 174.5 22.0 19.0
0 332.0 157.0 22.0 26.0
0 319.0 168.0 20.0 22.0
0 368.0 162.5 22.0 27.0
0 358.5 132.0 19.0 22.0
0 371.5 132.5 19.0 21.0
0 383.5 145.0 17.0 20.0
0 401.0 139.0 18.0 24.0
0 410.0 122.0 18.0 22.0
0 437.0 106.0 16.0 18.0
0 454.0 116.0 18.0 20.0
0 458.5 139.0 21.0 24.0
0 486.5 140.5 23.0 29.0
0 506.5 154.0 33.0 30.0
0 480.0 117.0 16.0 18.0
0 483.5 107.5 15.0 19.0
0 499.0 99.0 16.0 18.0
0 506.5 116.5 17.0 19.0
0 521.5 117.0 19.0 18.0
0 517.5 82.5 13.0 13.0
0 546.0 96.0 16.0 18.0
0 553.0 128.5 20.0 19.0
0 576.5 80.0 15.0 16.0
0 604.5 102.5 23.0 25.0
0 584.0 100.0 16.0 22.0
0 622.5 84.5 15.0 17.0
0 660.5 92.5 17.0 19.0
0 635.5 76.0 13.0 16.0
0 635.5 60.5 17.0 15.0
0 654.0 38.0 16.0 16.0
0 696.0 46.5 16.0 19.0
0 718.0 44.0 14.0 18.0
0 688.5 63.5 15.0 15.0
0 518.0 183.5 30.0 27.0
0 571.5 211.5 31.0 27.0
0 606.5 153.0 21.0 24.0
0 647.0 164.5 22.0 31.0
0 638.5 215.5 31.0 37.0
0 713.5 221.0 31.0 42.0
0 703.0 188.0 26.0 28.0
0 680.0 127.5 26.0 29.0
0 708.5 131.0 21.0 26.0
0 713.0 111.5 18.0 21.0
0 741.0 116.0 18.0 22.0
0 736.5 95.0 17.0 22.0
0 738.5 136.5 23.0 25.0
0 768.0 178.5 24.0 35.0
0 844.0 190.0 30.0 36.0
0 807.5 160.5 25.0 31.0
0 866.0 160.5 24.0 31.0
0 979.0 177.0 26.0 32.0
0 932.5 149.5 19.0 27.0
0 845.5 118.5 21.0 25.0
0 811.5 105.5 17.0 21.0
0 794.5 113.0 19.0 18.0
0 776.0 103.0 16.0 18.0
0 770.5 89.5 13.0 15.0
0 789.5 80.5 15.0 21.0
0 801.0 89.0 18.0 20.0
0 820.5 82.5 15.0 21.0
0 835.5 77.5 13.0 19.0
0 850.0 87.5 14.0 23.0
0 863.0 87.0 12.0 16.0
0 877.5 99.5 13.0 19.0
0 898.5 107.5 13.0 19.0
0 895.5 89.5 17.0 19.0
0 920.5 96.0 15.0 20.0
0 920.0 82.0 14.0 18.0
0 941.5 113.0 19.0 24.0
0 951.5 106.5 17.0 19.0
0 959.0 86.5 12.0 17.0
0 990.0 125.5 18.0 23.0
0 994.0 98.5 14.0 19.0
