0 165.5 380.5 55.0 55.0
0 275.0 249.0 20.0 24.0
0 341.5 232.5 21.0 23.0
0 300.0 283.0 22.0 24.0
0 345.0 270.0 22.0 28.0
0 406.0 263.5 22.0 29.0
0 426.5 240.5 19.0 21.0
0 424.0 222.0 14.0 18.0
0 473.0 197.0 16.0 22.0
0 490.5 203.5 19.0 19.0
0 492.5 244.5 23.0 25.0
0 533.0 248.0 22.0 30.0
0 525.0 208.0 20.0 20.0
0 557.0 201.0 18.0 24.0
0 584.5 202.5 19.0 27.0
0 561.0 228.0 18.0 24.0
0 606.0 240.5 28.0 27.0
0 634.0 208.5 16.0 21.0
0 626.5 187.5 23.0 15.0
0 659.0 187.0 14.0 20.0
0 673.0 209.0 20.0 24.0
0 685.0 162.5 14.0 17.0
0 696.5 197.5 21.0 23.0
0 726.5 194.5 23.0 19.0
0 740.0 163.0 16.0 20.0
0 771.5 190.0 17.0 18.0
0 812.0 157.5 16.0 15.0
0 830.0 168.5 14.0 21.0
0 581.5 293.5 31.0 43.0
0 651.0 260.5 26.0 35.0
0 637.0 310.5 30.0 45.0
0 727.0 242.0 24.0 32.0
0 749.5 269.0 27.0 40.0
0 720.0 331.0 32.0 54.0
0 769.0 342.5 34.0 49.0
0 782.5 249.5 21.0 33.0
0 768.0 220.5 22.0 25.0
0 812.5 204.0 21.0 24.0
0 839.0 215.5 20.0 29.0
0 855.5 187.5 17.0 27.0
0 835.0 261.0 28.0 38.0
0 797.5 275.5 33.0 37.0
0 874.0 294.5 38.0 41.0
0 855.5 370.0 49.0 54.0
0 893.5 176.0 15.0 12.0
0 899.5 198.0 23.0 20.0
0 950.0 180.0 16.0 16.0
0 952.0 195.5 14.0 21.0
0 943.0 210.5 18.0 25.0
0 982.0 181.0 16.0 16.0
0 995.5 205.5 23.0 23.0
0 938.5 314.0 27.0 42.0
0 984.5 266.5 25.0 35.0
0 1002.5 250.5 23.0 29.0
0 1023.0 237.5 18.0 25.0
0 1039.0 207.0 20.0 26.0
0 1066.0 192.0 18.0 28.0
0 1056.5 248.0 21.0 32.0
0 1040.0 288.5 28.0 39.0
0 1014.5 329.5 39.0 41.0
0 1017.5 370.5 41.0 47.0
0 1105.0 332.0 38.0 46.0
0 1082.0 238.5 22.0 27.0
0 1086.0 208.5 14.0 23.0
0 1106.0 238.0 18.0 26.0
0 1121.0 272.5 24.0 33.0
0 1137.5 211.0 17.0 18.0
0 456.5 254.5 21.0 27.0
0 992.0 230.0 22.0 26.0
0 1130.0 229.5 16.0 21.0
