0 39.5 291.5 33.0 35.0
0 291.5 238.5 23.0 29.0
0 321.5 251.5 29.0 35.0
0 359.0 259.5 26.0 31.0
0 355.5 220.0 27.0 30.0
0 418.0 256.5 30.0 37.0
0 469.0 247.0 22.0 24.0
0 461.0 229.0 22.0 20.0
0 440.5 210.0 19.0 20.0
0 480.0 183.5 16.0 21.0
0 496.5 197.5 17.0 19.0
0 505.0 211.0 20.0 22.0
0 504.5 243.0 29.0 28.0
0 560.5 241.5 29.0 29.0
0 545.0 217.0 22.0 26.0
0 529.5 201.5 19.0 23.0
0 524.0 184.0 16.0 16.0
0 566.0 175.0 16.0 20.0
0 578.5 167.5 15.0 19.0
0 581.0 216.0 20.0 20.0
0 582.5 193.5 21.0 21.0
0 616.5 188.0 21.0 26.0
0 633.0 199.0 20.0 28.0
0 636.0 176.0 16.0 24.0
0 659.5 184.5 19.0 23.0
0 691.5 204.0 21.0 26.0
0 696.0 190.0 16.0 20.0
0 703.0 173.0 14.0 18.0
0 678.0 163.5 20.0 25.0
0 702.0 158.5 18.0 21.0
0 742.0 159.0 16.0 20.0
0 751.5 146.5 15.0 19.0
0 745.0 177.0 16.0 20.0
0 770.5 154.5 17.0 19.0
0 785.5 163.0 17.0 22.0
0 791.0 174.5 20.0 23.0
0 637.0 225.5 24.0 27.0
0 618.0 280.0 38.0 42.0
0 667.0 261.0 34.0 40.0
0 672.0 286.5 42.0 39.0
0 733.0 232.5 28.0 33.0
0 753.0 265.5 28.0 33.0
0 751.0 305.0 42.0 40.0
0 821.5 318.0 41.0 48.0
0 810.5 261.5 35.0 41.0
0 795.5 239.5 27.0 33.0
0 780.0 215.0 24.0 32.0
0 827.0 194.0 22.0 26.0
0 803.0 170.0 18.0 18.0
0 809.5 157.5 13.0 13.0
0 823.5 163.0 15.0 18.0
0 842.0 165.5 16.0 19.0
0 864.5 179.0 19.0 20.0
0 886.5 206.0 23.0 26.0
0 835.0 230.5 26.0 31.0
0 905.0 176.0 14.0 20.0
0 910.0 159.0 18.0 22.0
0 916.0 192.0 20.0 22.0
0 937.5 200.5 21.0 25.0
0 959.0 165.0 18.0 20.0
0 994.0 176.5 20.0 25.0
0 950.0 189.0 18.0 22.0
0 934.0 179.5 18.0 21.0
0 880.5 358.0 51.0 58.0
0 908.0 284.0 34.0 40.0
0 847.5 252.0 27.0 32.0
0 967.0 284.5 36.0 43.0
0 990.5 265.0 27.0 36.0
0 997.0 214.5 22.0 25.0
0 993.5 242.5 25.0 27.0
0 1033.5 322.0 33.0 44.0
0 1025.0 382.0 46.0 50.0
0 1049.5 291.5 29.0 33.0
0 1073.5 252.0 31.0 36.0
0 1067.0 226.0 26.0 30.0
0 1035.0 218.5 24.0 25.0
0 1048.5 204.0 17.0 24.0
0 1052.5 188.5 21.0 21.0
0 1032.5 186.0 23.0 28.0
0 1065.0 176.5 20.0 31.0
0 1094.0 206.5 20.0 27.0
0 1133.0 250.5 24.0 29.0
0 1121.5 279.0 27.0 36.0
0 1116.0 323.5 38.0 47.0
0 1131.0 227.0 24.0 24.0
0 1140.5 219.0 21.0 26.0
0 1142.5 200.0 23.0 28.0
