0 300.5 148.0 19.0 18.0
0 319.5 144.0 19.0 18.0
0 323.5 159.0 21.0 20.0
0 390.5 155.5 19.0 23.0
0 412.0 137.5 18.0 23.0
0 434.0 134.5 26.0 31.0
0 391.5 116.0 17.0 18.0
0 474.5 90.0 11.0 20.0
0 483.5 94.0 13.0 16.0
0 475.5 134.5 19.0 23.0
0 444.0 101.0 20.0 18.0
0 452.0 106.5 14.0 15.0
0 505.0 110.5 16.0 19.0
0 479.5 112.5 15.0 17.0
0 509.0 137.5 22.0 25.0
0 529.0 116.0 20.0 24.0
0 520.5 99.0 15.0 18.0
0 503.5 93.0 15.0 18.0
0 425.5 113.5 15.0 13.0
0 561.5 123.0 21.0 22.0
0 554.5 85.5 17.0 17.0
0 546.5 73.0 15.0 16.0
0 576.0 103.0 20.0 20.0
0 602.0 98.0 18.0 20.0
0 584.0 67.0 12.0 16.0
0 604.0 62.5 12.0 15.0
0 627.5 84.5 15.0 19.0
0 608.5 79.5 13.0 17.0
0 633.5 74.5 13.0 13.0
0 641.5 59.5 11.0 13.0
0 650.0 92.0 14.0 18.0
0 663.5 79.5 13.0 15.0
0 662.0 58.0 14.0 14.0
0 688.5 66.0 13.0 12.0
0 694.0 75.0 14.0 16.0
0 687.5 57.0 13.0 10.0
0 724.0 59.5 14.0 19.0
0 749.5 59.5 11.0 15.0
0 541.0 166.0 34.0 30.0
0 597.0 157.0 24.0 26.0
0 584.0 191.5 30.0 31.0
0 670.0 191.0 32.0 36.0
0 673.0 147.0 24.0 26.0
0 674.5 120.0 19.0 22.0
0 720.0 119.5 20.0 23.0
0 719.0 97.0 18.0 22.0
0 729.5 91.0 21.0 20.0
0 747.5 108.5 21.0 25.0
0 743.5 188.5 33.0 43.0
0 784.0 144.5 24.0 31.0
0 771.5 140.5 17.0 23.0
0 789.0 112.5 26.0 27.0
0 815.5 130.0 23.0 30.0
0 811.5 193.5 39.0 45.0
0 846.5 228.5 33.0 43.0
0 846.0 167.5 30.0 33.0
0 840.0 117.5 20.0 25.0
0 836.0 90.0 20.0 22.0
0 826.0 76.0 14.0 18.0
0 803.5 71.0 15.0 18.0
0 803.0 89.5 18.0 17.0
0 861.0 89.5 20.0 23.0
0 894.0 79.0 16.0 20.0
0 897.0 68.0 16.0 16.0
0 923.5 71.0 15.0 20.0
0 926.5 85.5 17.0 17.0
0 912.5 103.5 15.0 21.0
0 895.0 127.5 22.0 29.0
0 867.5 141.5 23.0 23.0
0 922.5 150.5 25.0 25.0
0 906.5 192.0 25.0 38.0
0 974.0 219.0 38.0 50.0
0 979.5 153.0 19.0 32.0
0 989.0 141.0 22.0 28.0
0 995.5 124.0 15.0 18.0
0 943.5 122.5 21.0 27.0
0 950.0 92.0 16.0 18.0
0 956.0 77.5 12.0 19.0
0 965.0 107.0 20.0 24.0
0 994.0 91.0 14.0 18.0
