0 243.5 289.5 61.0 61.0
0 329.0 189.5 24.0 23.0
0 376.0 171.0 30.0 30.0
0 409.0 148.0 22.0 28.0
0 406.0 176.5 26.0 23.0
0 444.0 181.0 30.0 26.0
0 484.0 180.0 22.0 30.0
0 478.0 142.0 20.0 28.0
0 509.5 120.0 17.0 18.0
0 545.5 112.0 19.0 24.0
0 582.0 100.0 18.0 20.0
0 581.5 116.5 21.0 27.0
0 603.0 91.0 16.0 20.0
0 635.5 86.0 15.0 16.0
0 655.0 92.0 18.0 22.0
0 524.5 128.0 15.0 24.0
0 538.0 171.5 24.0 23.0
0 519.5 196.0 27.0 30.0
0 603.0 150.0 24.0 28.0
0 622.5 132.0 19.0 28.0
0 701.5 98.5 17.0 25.0
0 661.5 142.5 25.0 25.0
0 716.5 120.5 23.0 25.0
0 729.5 93.5 21.0 21.0
0 735.5 104.0 21.0 22.0
0 753.0 75.5 24.0 21.0
0 779.5 78.5 19.0 21.0
0 806.5 79.5 21.0 25.0
0 772.0 107.5 18.0 17.0
0 792.0 104.0 24.0 28.0
0 834.5 85.0 17.0 22.0
0 630.0 200.0 34.0 38.0
0 687.5 214.5 35.0 37.0
0 730.0 170.0 28.0 32.0
0 762.5 179.0 39.0 38.0
0 787.5 146.0 23.0 38.0
0 822.5 140.0 31.0 38.0
0 822.5 109.0 25.0 28.0
0 871.0 103.0 22.0 28.0
0 963.5 89.5 17.0 25.0
0 1001.0 89.0 20.0 26.0
0 913.0 109.0 24.0 28.0
0 936.5 105.5 21.0 31.0
0 954.5 120.0 21.0 26.0
0 995.0 129.0 24.0 32.0
0 1012.5 120.5 21.0 29.0
0 1051.0 95.5 22.0 31.0
0 1090.5 98.0 17.0 24.0
0 879.0 152.0 28.0 32.0
0 837.0 172.5 30.0 39.0
0 847.5 207.5 33.0 51.0
0 905.0 179.5 34.0 39.0
0 933.0 232.0 44.0 60.0
0 971.0 200.5 30.0 39.0
0 1061.5 127.0 23.0 28.0
0 1118.0 137.5 24.0 33.0
0 1028.0 160.5 26.0 33.0
0 1054.0 156.0 24.0 28.0
0 1094.0 177.0 24.0 40.0
0 1146.5 188.5 35.0 33.0
0 424.5 154.0 23.0 28.0
0 896.0 133.5 36.0 37.0
0 936.0 170.5 22.0 29.0
0 931.0 140.5 26.0 29.0
