0 153.5 328.0 51.0 58.0
0 286.5 238.5 23.0 27.0
0 327.5 241.5 23.0 29.0
0 366.0 251.5 24.0 29.0
0 354.0 214.0 22.0 28.0
0 422.5 253.5 29.0 33.0
0 448.5 229.0 19.0 24.0
0 442.5 205.0 19.0 26.0
0 478.0 235.0 22.0 24.0
0 505.0 233.5 24.0 25.0
0 543.0 241.0 26.0 30.0
0 489.5 180.5 17.0 23.0
0 506.0 208.5 20.0 23.0
0 540.5 214.0 21.0 24.0
0 581.0 213.5 22.0 25.0
0 515.5 187.5 17.0 21.0
0 526.0 181.0 16.0 18.0
0 531.0 194.5 18.0 23.0
0 571.5 171.5 17.0 21.0
0 579.5 168.0 15.0 24.0
0 579.0 186.0 18.0 22.0
0 614.0 186.0 20.0 26.0
0 626.0 180.5 16.0 23.0
0 638.0 197.0 20.0 30.0
0 628.0 220.5 22.0 25.0
0 621.5 265.0 35.0 42.0
0 673.0 281.5 34.0 39.0
0 667.0 258.5 26.0 33.0
0 662.0 176.5 18.0 25.0
0 688.5 154.5 15.0 19.0
0 701.5 156.0 15.0 18.0
0 693.5 176.0 19.0 24.0
0 693.5 193.5 19.0 27.0
0 743.0 178.0 18.0 24.0
0 745.0 157.0 14.0 22.0
0 752.5 145.0 13.0 22.0
0 773.0 155.0 16.0 20.0
0 782.5 173.0 15.0 22.0
0 811.0 153.0 16.0 18.0
0 826.5 159.5 17.0 21.0
0 848.5 159.0 17.0 22.0
0 822.5 192.0 23.0 28.0
0 738.5 226.5 29.0 31.0
0 781.0 214.0 24.0 28.0
0 795.0 239.5 26.0 35.0
0 818.5 256.0 31.0 38.0
0 849.5 247.0 25.0 36.0
0 752.0 295.0 38.0 44.0
0 824.0 309.5 44.0 45.0
0 864.5 181.0 17.0 26.0
0 887.0 199.0 20.0 24.0
0 913.5 157.0 15.0 22.0
0 918.0 188.5 16.0 25.0
0 938.5 197.5 17.0 27.0
0 962.0 188.0 18.0 24.0
0 958.5 165.5 17.0 23.0
0 994.5 174.5 15.0 23.0
0 1030.5 183.5 15.0 25.0
0 1051.5 186.0 15.0 24.0
0 1070.5 181.5 15.0 23.0
0 1098.0 203.5 18.0 29.0
0 1146.0 198.5 14.0 21.0
0 1143.0 218.0 16.0 22.0
0 1138.0 247.5 22.0 25.0
0 1049.0 196.0 18.0 22.0
0 1089.5 222.5 21.0 25.0
0 1038.5 213.5 19.0 25.0
0 1001.5 211.5 21.0 25.0
0 998.5 194.5 17.0 23.0
0 1062.5 238.0 21.0 34.0
0 993.5 243.0 23.0 30.0
0 992.5 254.0 25.0 30.0
0 1124.5 277.0 29.0 38.0
0 1051.0 288.0 28.0 36.0
0 1115.5 323.0 35.0 46.0
0 1037.5 309.0 31.0 34.0
0 910.5 279.0 35.0 38.0
0 965.0 284.5 34.0 39.0
0 985.0 342.5 38.0 41.0
0 871.5 356.0 47.0 56.0
