0 218.0 264.5 48.0 59.0
0 256.0 218.0 40.0 56.0
0 295.5 122.5 21.0 23.0
0 357.0 173.0 20.0 22.0
0 377.0 155.5 14.0 21.0
0 464.0 171.0 24.0 24.0
0 412.0 116.0 14.0 16.0
0 453.0 135.5 16.0 17.0
0 478.0 138.0 16.0 18.0
0 481.5 115.5 13.0 19.0
0 507.0 123.0 16.0 16.0
0 562.5 127.5 19.0 21.0
0 514.5 100.0 17.0 14.0
0 508.0 109.0 14.0 14.0
0 487.0 93.5 14.0 13.0
0 503.5 93.0 13.0 12.0
0 519.0 81.5 10.0 13.0
0 546.5 99.0 11.0 12.0
0 568.5 86.0 17.0 18.0
0 598.5 92.5 13.0 15.0
0 622.0 98.5 12.0 17.0
0 613.5 68.5 11.0 15.0
0 675.0 43.5 12.0 15.0
0 515.5 197.0 27.0 28.0
0 644.5 153.5 21.0 25.0
0 707.0 150.5 24.0 27.0
0 768.5 173.0 23.0 28.0
0 827.0 186.0 24.0 28.0
0 747.0 110.0 18.0 22.0
0 734.5 96.5 15.0 23.0
0 737.0 61.0 14.0 18.0
0 770.5 44.0 15.0 16.0
0 808.0 67.5 14.0 17.0
0 800.0 80.0 16.0 20.0
0 782.5 100.5 13.0 17.0
0 764.5 93.5 15.0 17.0
0 809.5 104.0 15.0 16.0
0 855.5 112.5 17.0 21.0
0 870.5 80.0 11.0 18.0
0 910.5 120.5 17.0 23.0
0 935.0 140.0 16.0 26.0
