0 214.0 343.0 50.0 46.0
0 366.5 192.0 21.0 26.0
0 402.0 194.0 22.0 24.0
0 418.0 155.0 18.0 22.0
0 435.0 153.5 20.0 19.0
0 436.5 174.5 23.0 27.0
0 457.0 182.0 24.0 26.0
0 470.0 167.0 22.0 22.0
0 496.5 200.5 27.0 31.0
0 501.5 166.5 23.0 23.0
0 489.5 184.5 27.0 23.0
0 513.5 139.0 17.0 18.0
0 532.0 131.0 16.0 18.0
0 560.0 106.5 14.0 15.0
0 567.5 118.0 15.0 16.0
0 585.5 116.0 17.0 16.0
0 569.0 134.5 16.0 19.0
0 572.0 148.0 20.0 20.0
0 579.5 165.5 21.0 27.0
0 611.5 100.0 15.0 14.0
0 620.5 110.0 15.0 16.0
0 637.0 97.0 12.0 14.0
0 644.0 131.0 20.0 24.0
0 651.0 112.0 16.0 20.0
0 659.0 105.5 16.0 17.0
0 684.0 93.5 14.0 17.0
0 696.5 78.0 13.0 18.0
0 700.5 102.0 15.0 16.0
0 690.5 114.5 17.0 21.0
0 710.5 92.0 15.0 18.0
0 739.5 88.5 17.0 19.0
0 728.0 104.5 18.0 17.0
0 727.5 123.0 19.0 24.0
0 744.5 74.5 13.0 13.0
0 765.0 72.0 14.0 16.0
0 766.0 91.0 16.0 18.0
0 811.5 67.0 13.0 16.0
0 804.5 82.5 15.0 15.0
0 806.5 98.5 17.0 17.0
0 790.0 107.0 18.0 20.0
0 833.0 72.5 14.0 17.0
0 873.5 78.5 13.0 17.0
0 844.5 89.0 15.0 16.0
0 932.5 79.0 15.0 16.0
0 986.5 82.0 11.0 18.0
0 1016.0 89.0 16.0 20.0
0 1041.0 88.5 16.0 17.0
0 1095.5 93.0 13.0 16.0
0 1137.5 99.0 15.0 20.0
0 1126.0 111.0 16.0 20.0
0 1121.0 133.0 18.0 20.0
0 1086.0 108.5 18.0 19.0
0 1070.0 115.0 16.0 20.0
0 1063.5 131.0 19.0 20.0
0 1024.5 115.5 19.0 21.0
0 1099.0 164.5 20.0 31.0
0 1037.5 148.0 21.0 24.0
0 1076.5 187.5 27.0 35.0
0 1170.5 115.0 15.0 22.0
0 1153.5 159.0 17.0 22.0
0 1160.0 149.5 18.0 21.0
0 1158.5 198.0 25.0 26.0
0 1115.0 213.0 32.0 32.0
0 1049.0 209.5 28.0 31.0
0 1022.5 181.5 25.0 25.0
0 976.0 151.0 22.0 26.0
0 967.0 211.0 30.0 38.0
0 1043.0 260.0 34.0 44.0
0 1116.0 303.5 42.0 55.0
0 685.5 208.0 37.0 36.0
0 702.0 169.0 26.0 30.0
0 755.0 177.5 26.0 31.0
0 758.0 153.5 26.0 25.0
0 795.5 219.0 31.0 32.0
0 845.5 187.5 31.0 37.0
0 825.5 164.0 25.0 30.0
0 871.0 185.0 24.0 22.0
0 942.5 169.0 27.0 38.0
0 856.5 136.5 23.0 29.0
0 871.5 117.5 21.0 21.0
0 906.0 115.0 20.0 20.0
0 919.5 133.5 25.0 25.0
0 940.5 105.0 17.0 22.0
0 929.5 98.5 19.0 19.0
0 982.0 126.5 20.0 19.0
0 1005.0 135.5 22.0 23.0
0 951.0 129.5 24.0 27.0
