0 228.0 211.5 40.0 43.0
0 307.5 130.5 13.0 17.0
0 325.0 138.0 14.0 18.0
0 343.5 144.5 15.0 21.0
0 375.5 151.0 15.0 20.0
0 399.5 148.5 15.0 17.0
0 443.5 142.5 21.0 25.0
0 349.0 113.0 12.0 14.0
0 364.0 123.5 16.0 17.0
0 389.5 119.5 15.0 19.0
0 424.0 113.0 16.0 18.0
0 444.0 100.0 12.0 16.0
0 444.5 86.0 11.0 12.0
0 466.5 102.5 13.0 13.0
0 469.5 123.0 15.0 16.0
0 486.0 127.0 16.0 16.0
0 509.0 113.5 16.0 17.0
0 525.0 128.0 14.0 18.0
0 518.5 169.0 23.0 30.0
0 472.5 92.0 13.0 12.0
0 487.5 83.5 13.0 13.0
0 505.0 89.0 12.0 14.0
0 528.5 87.5 11.0 13.0
0 563.0 112.5 14.0 17.0
0 553.0 104.5 12.0 15.0
0 584.5 94.0 13.0 16.0
0 610.0 104.0 16.0 16.0
0 545.5 82.0 11.0 12.0
0 529.0 71.0 12.0 12.0
0 550.5 74.5 11.0 11.0
0 511.5 81.5 13.0 13.0
0 572.0 72.0 12.0 14.0
0 601.0 74.0 12.0 14.0
0 591.5 72.5 9.0 13.0
0 576.5 89.0 13.0 14.0
0 617.0 87.5 14.0 19.0
0 647.5 89.5 13.0 17.0
0 645.5 79.0 13.0 12.0
0 632.5 76.0 11.0 14.0
0 640.5 66.0 11.0 10.0
0 659.5 65.0 13.0 16.0
0 687.0 60.5 10.0 15.0
0 692.5 76.5 13.0 13.0
0 682.5 90.5 15.0 15.0
0 717.0 75.0 14.0 18.0
0 711.0 61.5 12.0 13.0
0 745.0 65.5 14.0 15.0
0 585.5 175.5 25.0 27.0
0 590.5 150.0 23.0 22.0
0 629.0 152.0 24.0 26.0
0 647.5 129.5 15.0 21.0
0 693.5 113.0 19.0 20.0
0 733.5 103.0 13.0 18.0
0 743.5 108.5 15.0 19.0
0 755.0 130.5 18.0 21.0
0 704.0 150.5 24.0 29.0
0 729.5 183.0 27.0 32.0
0 749.5 162.5 19.0 27.0
0 782.5 220.0 29.0 32.0
0 628.0 206.5 30.0 35.0
0 763.0 87.0 12.0 14.0
0 770.5 99.5 15.0 15.0
0 782.0 117.0 16.0 18.0
0 800.0 149.0 18.0 26.0
0 827.5 133.0 15.0 18.0
0 829.5 95.5 15.0 17.0
0 816.0 83.5 14.0 19.0
0 780.5 81.5 15.0 17.0
0 792.0 96.0 12.0 18.0
0 849.5 157.5 19.0 25.0
0 826.5 187.5 27.0 27.0
0 853.0 237.0 30.0 38.0
0 876.5 209.5 29.0 31.0
0 907.0 159.0 18.0 26.0
0 922.5 135.5 17.0 25.0
0 988.5 134.0 15.0 20.0
0 960.5 172.0 17.0 26.0
0 953.5 209.5 19.0 31.0
0 923.5 250.5 33.0 41.0
