0 178.5 292.0 43.0 48.0
0 265.0 157.5 16.0 19.0
0 288.5 156.0 19.0 20.0
0 309.0 159.5 20.0 25.0
0 329.0 160.5 20.0 29.0
0 328.0 131.0 20.0 20.0
0 349.5 132.0 19.0 22.0
0 369.5 132.0 19.0 24.0
0 365.0 157.0 22.0 24.0
0 390.5 163.5 19.0 25.0
0 394.0 111.5 14.0 17.0
0 419.0 126.0 20.0 20.0
0 429.0 164.0 26.0 32.0
0 456.0 142.0 22.0 22.0
0 441.0 110.0 16.0 18.0
0 426.0 105.5 16.0 19.0
0 474.5 112.0 21.0 20.0
0 501.5 137.5 23.0 27.0
0 509.5 117.0 17.0 20.0
0 530.5 116.5 19.0 21.0
0 511.0 101.5 14.0 17.0
0 500.0 94.5 18.0 19.0
0 484.0 86.0 14.0 16.0
0 524.5 75.0 13.0 16.0
0 570.5 111.5 19.0 21.0
0 588.0 94.0 14.0 18.0
0 604.5 98.5 17.0 23.0
0 599.0 85.0 12.0 16.0
0 582.5 75.0 15.0 18.0
0 610.5 75.0 13.0 18.0
0 632.0 80.5 12.0 17.0
0 649.5 80.0 15.0 20.0
0 658.0 84.5 14.0 17.0
0 685.0 75.5 12.0 19.0
0 689.0 65.0 10.0 14.0
0 714.5 68.5 13.0 17.0
0 665.0 110.5 18.0 21.0
0 584.0 144.0 24.0 28.0
0 521.0 182.5 32.0 35.0
0 612.0 172.5 26.0 35.0
0 636.5 197.5 35.0 41.0
0 656.5 150.0 29.0 32.0
0 716.0 143.0 26.0 30.0
0 711.5 117.0 21.0 26.0
0 700.5 102.5 17.0 21.0
0 725.0 86.5 18.0 21.0
0 747.0 87.0 14.0 16.0
0 763.0 96.0 18.0 22.0
0 743.5 108.5 19.0 23.0
0 761.0 133.5 28.0 31.0
0 756.0 164.0 28.0 30.0
0 818.0 165.5 24.0 33.0
0 823.0 135.5 26.0 31.0
0 779.5 117.5 23.0 29.0
0 802.5 98.0 17.0 22.0
0 820.0 110.0 16.0 22.0
0 785.0 87.5 18.0 19.0
0 783.5 69.5 15.0 17.0
0 811.0 77.5 16.0 19.0
0 834.5 89.0 15.0 20.0
0 851.5 98.5 19.0 27.0
0 894.5 203.0 33.0 34.0
0 909.0 149.5 30.0 33.0
0 901.0 131.0 26.0 24.0
0 884.0 87.0 18.0 18.0
0 915.5 89.5 17.0 23.0
0 932.0 98.5 14.0 21.0
0 950.0 90.5 14.0 19.0
0 947.0 115.5 20.0 23.0
0 975.0 134.0 18.0 24.0
0 970.5 159.0 27.0 32.0
