0 140.5 272.0 59.0 64.0
0 248.5 174.5 25.0 29.0
0 281.5 170.0 27.0 34.0
0 331.0 139.5 28.0 29.0
0 380.5 141.5 23.0 27.0
0 404.5 137.5 25.0 33.0
0 387.0 125.0 26.0 26.0
0 431.5 123.5 21.0 29.0
0 460.0 156.0 30.0 34.0
0 451.0 115.5 22.0 25.0
0 482.5 111.0 23.0 28.0
0 493.0 142.0 24.0 30.0
0 533.0 114.0 20.0 24.0
0 529.5 94.5 21.0 21.0
0 554.5 91.0 21.0 26.0
0 581.5 142.5 29.0 33.0
0 542.5 183.0 29.0 34.0
0 614.0 119.5 24.0 31.0
0 603.5 93.5 23.0 25.0
0 613.5 87.0 17.0 20.0
0 642.0 95.0 26.0 28.0
0 659.5 133.0 31.0 32.0
0 687.5 78.5 21.0 27.0
0 698.5 96.5 21.0 23.0
0 711.5 117.0 27.0 30.0
0 722.5 99.5 23.0 27.0
0 721.0 76.5 22.0 23.0
0 741.0 66.0 20.0 26.0
0 750.0 109.0 20.0 28.0
0 753.5 90.0 19.0 20.0
0 773.0 113.5 22.0 25.0
0 785.5 72.5 19.0 23.0
0 810.5 85.0 17.0 26.0
0 819.5 107.0 21.0 24.0
0 827.5 78.0 19.0 26.0
0 855.0 77.0 16.0 22.0
0 887.5 88.0 19.0 24.0
0 855.0 100.0 20.0 22.0
0 711.5 198.0 29.0 44.0
0 750.5 217.0 35.0 42.0
0 769.0 173.0 32.0 38.0
0 814.5 148.5 31.0 35.0
0 822.0 234.5 36.0 39.0
0 882.0 121.5 20.0 25.0
0 900.0 151.0 26.0 30.0
0 930.0 171.0 26.0 32.0
0 920.5 136.0 27.0 32.0
0 939.0 117.0 20.0 26.0
0 964.0 119.5 22.0 25.0
0 1003.5 109.5 25.0 25.0
0 985.5 150.5 25.0 35.0
0 1011.5 174.0 29.0 34.0
0 1014.5 129.5 21.0 25.0
0 1034.0 124.5 18.0 25.0
0 1078.0 132.0 16.0 24.0
0 905.0 233.5 40.0 41.0
0 986.5 268.5 49.0 59.0
0 1076.0 291.0 48.0 52.0
0 1091.5 257.5 37.0 43.0
0 1065.5 196.0 23.0 32.0
0 1082.0 186.5 24.0 33.0
0 1101.0 157.5 28.0 31.0
0 1119.5 149.0 19.0 22.0
0 1128.0 132.0 24.0 26.0
0 1163.5 156.0 19.0 24.0
0 1179.0 143.0 16.0 22.0
0 1156.0 193.5 24.0 31.0
0 1179.0 224.0 24.0 34.0
0 1184.0 258.5 30.0 43.0
0 1211.5 215.5 21.0 29.0
0 1198.0 189.0 20.0 26.0
0 1212.5 179.0 17.0 24.0
0 1225.5 164.0 23.0 26.0
