0 40.0 287.0 30.0 38.0
0 292.5 234.0 25.0 28.0
0 324.5 243.5 29.0 35.0
0 359.0 256.5 26.0 33.0
0 354.5 215.5 25.0 25.0
0 419.0 250.5 36.0 43.0
0 470.5 244.0 25.0 24.0
0 461.0 226.0 22.0 22.0
0 442.0 203.5 24.0 27.0
0 503.5 240.0 29.0 34.0
0 561.5 238.5 31.0 31.0
0 480.0 182.0 18.0 28.0
0 496.5 193.0 19.0 24.0
0 508.0 208.0 20.0 26.0
0 529.5 197.5 19.0 21.0
0 544.5 215.5 23.0 25.0
0 579.5 213.0 21.0 26.0
0 526.0 182.5 18.0 21.0
0 565.5 171.0 15.0 24.0
0 579.5 164.0 15.0 20.0
0 582.0 182.0 20.0 22.0
0 616.5 185.0 21.0 24.0
0 633.5 197.0 23.0 26.0
0 642.0 221.0 22.0 28.0
0 691.0 201.5 28.0 29.0
0 660.0 178.5 20.0 25.0
0 637.0 170.0 20.0 24.0
0 680.0 159.0 20.0 20.0
0 703.0 169.0 20.0 22.0
0 702.5 155.5 17.0 19.0
0 743.0 173.5 20.0 27.0
0 744.0 155.0 18.0 22.0
0 790.0 174.0 20.0 24.0
0 754.0 145.5 16.0 23.0
0 768.0 151.0 16.0 20.0
0 783.5 157.0 15.0 20.0
0 807.0 150.5 16.0 17.0
0 803.5 162.5 13.0 17.0
0 823.0 159.0 16.0 20.0
0 842.0 160.0 18.0 22.0
0 616.5 276.0 41.0 48.0
0 669.5 284.0 35.0 42.0
0 666.0 256.5 30.0 33.0
0 734.0 229.5 30.0 33.0
0 779.0 213.5 24.0 29.0
0 797.0 232.0 24.0 32.0
0 752.0 262.0 32.0 36.0
0 750.0 301.5 46.0 49.0
0 820.5 316.5 43.0 47.0
0 809.5 255.0 33.0 42.0
0 849.5 245.0 29.0 40.0
0 825.5 192.0 21.0 26.0
0 863.0 176.0 22.0 24.0
0 898.5 174.0 17.0 22.0
0 887.0 204.5 24.0 27.0
0 916.0 189.0 16.0 26.0
0 911.5 156.0 17.0 20.0
0 939.5 196.0 21.0 24.0
0 958.0 160.5 18.0 23.0
0 992.5 170.5 19.0 27.0
0 935.5 176.0 15.0 16.0
0 949.0 182.0 16.0 24.0
0 908.5 281.0 33.0 40.0
0 880.0 354.5 48.0 59.0
0 1022.5 374.0 45.0 52.0
0 968.0 284.5 36.0 39.0
0 994.5 256.5 33.0 39.0
0 1037.5 311.5 41.0 45.0
0 1117.0 323.0 44.0 50.0
0 1118.5 277.5 29.0 43.0
0 1074.5 250.0 31.0 36.0
0 1047.5 284.5 31.0 37.0
0 996.0 212.0 22.0 26.0
0 1034.5 216.0 21.0 28.0
0 1047.0 199.5 20.0 23.0
0 1031.5 181.5 17.0 25.0
0 1053.0 184.5 16.0 19.0
0 1068.0 172.5 16.0 23.0
0 1094.0 201.5 20.0 27.0
0 1069.0 220.0 22.0 28.0
0 1134.5 248.0 21.0 28.0
0 1132.0 225.5 18.0 23.0
0 1145.0 198.0 16.0 18.0
0 1142.5 219.5 15.0 23.0
