0 203.0 321.5 54.0 57.0
0 279.5 236.0 19.0 22.0
0 318.0 237.5 26.0 27.0
0 347.0 215.5 22.0 25.0
0 355.0 252.5 22.0 29.0
0 412.5 253.0 29.0 28.0
0 435.5 226.5 19.0 23.0
0 434.0 202.5 22.0 23.0
0 481.5 177.5 19.0 19.0
0 494.5 187.0 19.0 20.0
0 516.5 179.5 17.0 15.0
0 529.0 183.5 14.0 19.0
0 496.0 207.5 18.0 19.0
0 467.5 234.5 21.0 23.0
0 494.5 230.0 25.0 24.0
0 530.0 211.5 22.0 21.0
0 537.5 233.0 27.0 26.0
0 573.0 209.0 20.0 20.0
0 570.5 181.5 19.0 19.0
0 562.0 168.0 16.0 16.0
0 570.5 165.0 19.0 16.0
0 601.0 183.0 20.0 20.0
0 615.0 178.0 18.0 18.0
0 630.0 165.0 20.0 18.0
0 652.0 176.0 20.0 24.0
0 627.0 191.0 18.0 20.0
0 611.0 216.5 24.0 23.0
0 687.0 149.5 14.0 15.0
0 691.5 163.0 15.0 16.0
0 698.5 190.0 19.0 22.0
0 735.5 155.0 13.0 18.0
0 745.0 140.0 12.0 16.0
0 733.5 174.0 15.0 18.0
0 762.5 151.0 11.0 16.0
0 770.5 168.5 13.0 15.0
0 814.0 146.5 14.0 15.0
0 819.5 159.5 13.0 15.0
0 833.5 153.0 17.0 18.0
0 813.0 191.5 18.0 19.0
0 855.5 174.5 19.0 23.0
0 892.0 171.0 14.0 22.0
0 903.0 154.5 16.0 19.0
0 929.0 173.5 14.0 15.0
0 949.5 162.0 15.0 20.0
0 951.0 183.5 16.0 27.0
0 984.5 170.5 15.0 21.0
0 1022.0 177.5 16.0 17.0
0 1045.5 183.5 13.0 21.0
0 1059.5 177.5 17.0 19.0
0 1091.0 197.5 20.0 25.0
0 1138.5 195.5 17.0 21.0
0 1134.0 216.0 20.0 24.0
0 1127.5 244.0 19.0 24.0
0 1114.5 273.0 25.0 32.0
0 1105.0 323.0 34.0 34.0
0 1024.5 302.5 29.0 39.0
0 1040.0 282.5 30.0 29.0
0 1053.0 237.0 22.0 28.0
0 1080.0 221.0 20.0 22.0
0 1034.0 210.5 22.0 23.0
0 986.5 211.5 21.0 29.0
0 730.5 226.5 25.0 23.0
0 787.5 243.0 23.0 26.0
0 769.5 213.0 23.0 24.0
0 826.5 226.0 27.0 26.0
0 842.0 243.0 26.0 30.0
0 984.5 251.5 25.0 31.0
0 962.5 282.5 35.0 35.0
0 900.5 281.5 35.0 43.0
0 809.5 258.5 29.0 31.0
0 743.0 295.0 40.0 38.0
0 791.5 320.0 43.0 46.0
0 860.5 353.5 47.0 53.0
0 981.0 340.0 42.0 36.0
0 707.0 292.5 34.0 27.0
0 664.5 278.5 33.0 29.0
0 614.5 265.5 37.0 39.0
0 876.0 195.5 18.0 21.0
0 908.0 185.5 20.0 19.0
0 929.0 194.5 20.0 19.0
