0 27.5 291.0 35.0 40.0
0 284.5 227.0 23.0 22.0
0 314.5 248.5 23.0 29.0
0 351.5 253.5 25.0 27.0
0 406.0 245.5 34.0 31.0
0 354.5 203.0 21.0 24.0
0 439.0 223.0 20.0 24.0
0 436.0 197.0 20.0 26.0
0 473.5 214.5 17.0 25.0
0 500.0 223.5 26.0 27.0
0 499.0 198.5 18.0 21.0
0 483.5 175.0 17.0 18.0
0 499.0 178.5 18.0 23.0
0 527.5 164.5 17.0 19.0
0 547.0 173.5 20.0 21.0
0 573.5 200.0 19.0 24.0
0 551.0 246.5 26.0 31.0
0 575.5 154.5 15.0 17.0
0 623.0 175.0 16.0 20.0
0 577.0 179.5 26.0 23.0
0 612.5 214.5 25.0 31.0
0 639.0 184.5 22.0 29.0
0 655.5 165.5 19.0 25.0
0 636.0 167.0 14.0 24.0
0 682.5 148.0 15.0 18.0
0 697.5 154.5 17.0 19.0
0 703.0 145.5 18.0 17.0
0 736.5 143.5 17.0 19.0
0 750.0 134.0 14.0 22.0
0 733.5 164.0 19.0 24.0
0 717.5 164.5 17.0 19.0
0 713.0 176.0 18.0 22.0
0 693.5 190.0 23.0 30.0
0 656.5 234.0 31.0 36.0
0 669.5 271.5 39.0 35.0
0 566.5 276.0 35.0 38.0
0 726.5 301.0 39.0 46.0
0 737.0 217.5 30.0 27.0
0 750.5 238.0 31.0 38.0
0 766.5 140.5 15.0 19.0
0 783.5 148.5 21.0 21.0
0 806.0 137.5 12.0 17.0
0 822.0 148.0 16.0 22.0
0 778.0 159.5 16.0 19.0
0 828.0 176.0 20.0 22.0
0 853.5 147.0 17.0 20.0
0 860.5 165.0 15.0 24.0
0 776.0 203.5 24.0 25.0
0 793.5 228.0 23.0 30.0
0 803.5 243.0 31.0 42.0
0 841.0 235.0 26.0 32.0
0 832.5 212.0 27.0 30.0
0 783.5 306.5 45.0 49.0
0 863.5 327.5 43.0 57.0
0 897.5 268.5 31.0 35.0
0 955.5 287.0 35.0 36.0
0 911.0 161.0 18.0 20.0
0 925.0 151.5 18.0 19.0
0 953.0 155.5 16.0 21.0
0 967.0 159.5 18.0 23.0
0 995.0 174.0 20.0 24.0
0 1030.0 167.5 18.0 25.0
0 889.5 189.5 21.0 23.0
0 919.5 179.0 21.0 24.0
0 947.0 188.0 20.0 26.0
0 1003.0 198.5 18.0 23.0
0 996.0 218.5 26.0 27.0
0 991.5 242.0 29.0 30.0
0 1041.5 223.0 19.0 26.0
0 1054.5 247.0 25.0 40.0
0 1071.5 223.5 21.0 29.0
0 1075.5 207.5 19.0 23.0
0 1042.0 187.0 20.0 22.0
0 1049.5 181.0 15.0 24.0
0 1066.0 164.0 14.0 22.0
0 1096.5 188.5 17.0 27.0
0 1115.0 213.0 18.0 26.0
0 1115.5 203.0 19.0 24.0
0 1139.0 177.0 14.0 22.0
0 1140.5 197.0 17.0 24.0
0 1150.0 246.0 22.0 40.0
0 1115.0 313.0 34.0 40.0
0 1033.0 320.5 34.0 41.0
0 1006.5 357.0 37.0 50.0
0 1113.5 300.5 29.0 25.0
