0 113.0 187.5 18.0 19.0
0 222.0 274.5 50.0 57.0
0 264.5 234.0 35.0 50.0
0 211.5 140.5 23.0 23.0
0 370.0 160.0 20.0 28.0
0 389.0 157.0 18.0 22.0
0 453.5 167.5 19.0 27.0
0 444.5 133.5 19.0 19.0
0 477.5 134.0 19.0 18.0
0 500.0 118.0 16.0 16.0
0 477.5 111.5 17.0 21.0
0 490.5 107.0 13.0 14.0
0 485.0 90.5 10.0 13.0
0 496.5 89.5 13.0 11.0
0 504.5 95.0 15.0 16.0
0 512.5 79.0 13.0 16.0
0 540.0 100.5 16.0 23.0
0 560.0 83.0 18.0 16.0
0 588.0 90.0 18.0 18.0
0 620.5 88.5 15.0 19.0
0 596.5 64.0 13.0 14.0
0 566.0 119.0 20.0 20.0
0 502.5 193.5 29.0 35.0
0 695.0 145.0 20.0 28.0
0 719.5 98.0 19.0 20.0
0 752.5 88.0 17.0 20.0
0 776.5 95.0 13.0 16.0
0 785.0 87.0 18.0 20.0
0 797.5 64.0 13.0 16.0
0 857.0 75.5 14.0 19.0
0 841.0 113.5 20.0 23.0
0 798.0 105.5 16.0 23.0
0 756.0 172.5 24.0 33.0
0 804.0 182.0 26.0 28.0
0 924.5 132.0 19.0 28.0
0 1026.5 89.5 17.0 29.0
