0 94.0 135.0 22.0 24.0
0 213.0 190.5 42.0 43.0
0 429.5 79.5 11.0 17.0
0 450.5 79.0 11.0 16.0
0 472.5 82.5 15.0 17.0
0 504.0 36.0 14.0 10.0
0 503.5 73.0 13.0 12.0
0 483.5 110.0 15.0 16.0
0 621.5 66.5 11.0 15.0
0 639.5 67.0 11.0 16.0
0 614.5 113.5 23.0 25.0
0 680.5 98.0 17.0 18.0
0 701.0 104.0 14.0 18.0
0 707.0 85.5 12.0 15.0
0 716.5 98.0 11.0 16.0
0 757.0 78.0 10.0 14.0
0 750.5 96.5 15.0 17.0
0 792.0 76.5 14.0 15.0
0 805.5 101.0 17.0 18.0
0 882.0 98.0 14.0 20.0
0 848.5 158.0 19.0 28.0
0 905.0 129.5 16.0 19.0
0 912.5 107.5 15.0 15.0
0 914.5 93.5 11.0 13.0
