0 258.0 298.5 54.0 61.0
0 361.0 183.5 24.0 25.0
0 376.5 185.0 25.0 26.0
0 398.5 161.5 23.0 25.0
0 417.0 196.5 28.0 35.0
0 445.5 158.5 25.0 31.0
0 490.5 188.5 29.0 29.0
0 508.0 172.0 24.0 30.0
0 536.5 193.0 29.0 30.0
0 551.0 172.5 24.0 31.0
0 536.0 141.5 22.0 27.0
0 517.0 134.0 20.0 22.0
0 499.5 141.5 21.0 25.0
0 542.5 119.5 21.0 21.0
0 568.0 113.5 16.0 25.0
0 593.0 118.5 20.0 25.0
0 606.5 159.0 31.0 36.0
0 630.5 139.0 23.0 30.0
0 627.0 101.5 18.0 21.0
0 644.5 109.5 21.0 21.0
0 662.0 108.0 22.0 22.0
0 690.5 140.5 23.0 27.0
0 696.5 109.5 19.0 17.0
0 711.0 121.0 22.0 18.0
0 728.0 102.0 16.0 20.0
0 731.5 125.5 23.0 27.0
0 770.5 110.5 17.0 19.0
0 749.0 108.5 18.0 23.0
0 767.0 81.0 18.0 18.0
0 792.5 100.5 23.0 23.0
0 822.0 88.0 14.0 18.0
0 844.5 89.0 17.0 24.0
0 703.5 187.5 33.0 37.0
0 687.5 225.5 37.0 45.0
0 632.0 216.0 38.0 40.0
0 770.0 153.5 28.0 35.0
0 761.0 195.5 34.0 37.0
0 830.5 158.5 29.0 31.0
0 819.5 124.5 21.0 29.0
0 873.0 111.5 24.0 23.0
0 878.5 143.5 27.0 29.0
0 901.0 161.5 30.0 35.0
0 844.5 180.5 31.0 35.0
0 863.0 225.0 38.0 44.0
0 898.5 215.5 33.0 47.0
0 916.5 112.5 21.0 27.0
0 939.5 138.5 27.0 31.0
0 957.5 163.0 29.0 30.0
0 969.0 245.0 46.0 44.0
0 1007.0 209.5 32.0 39.0
0 1072.0 236.5 40.0 41.0
0 1023.5 165.5 29.0 35.0
0 985.5 151.5 27.0 31.0
0 964.0 130.5 22.0 29.0
0 963.0 103.0 26.0 24.0
0 990.0 117.5 24.0 29.0
0 1008.0 104.5 20.0 25.0
0 1020.0 127.0 22.0 32.0
0 1034.5 113.5 19.0 25.0
0 1052.5 106.0 19.0 24.0
0 1097.5 109.0 17.0 30.0
0 1052.0 143.0 26.0 30.0
0 1056.5 168.0 25.0 34.0
0 1082.0 174.0 28.0 38.0
0 1112.0 165.0 24.0 36.0
0 1124.5 147.5 23.0 31.0
0 1143.5 193.0 29.0 46.0
