0 67.0 238.0 38.0 38.0
0 272.0 168.5 32.0 27.0
0 314.5 159.5 23.0 31.0
0 369.0 157.5 22.0 23.0
0 371.5 132.0 25.0 26.0
0 333.5 133.5 17.0 17.0
0 430.5 175.0 23.0 30.0
0 513.5 182.0 33.0 28.0
0 603.0 175.5 34.0 31.0
0 629.0 224.5 26.0 39.0
0 723.0 200.0 32.0 30.0
0 768.5 176.0 27.0 30.0
0 836.5 176.5 29.0 31.0
0 828.0 128.0 28.0 32.0
0 800.0 109.5 20.0 15.0
0 757.0 136.0 20.0 18.0
0 706.0 152.5 32.0 33.0
0 666.0 116.5 18.0 17.0
0 707.0 125.5 20.0 17.0
0 702.0 107.5 24.0 19.0
0 616.0 150.0 32.0 22.0
0 519.5 134.0 29.0 14.0
0 489.5 132.5 19.0 13.0
0 459.5 130.5 21.0 17.0
0 416.0 133.0 16.0 16.0
0 397.5 129.0 19.0 14.0
0 443.0 107.5 20.0 19.0
0 484.5 101.0 13.0 14.0
0 501.0 114.0 18.0 18.0
0 539.0 115.5 16.0 19.0
0 587.5 119.5 19.0 25.0
0 580.5 98.0 23.0 20.0
0 615.0 100.5 16.0 23.0
0 606.0 67.5 18.0 15.0
0 662.0 84.0 20.0 16.0
0 753.5 59.5 15.0 19.0
0 728.0 92.5 22.0 19.0
0 752.0 109.0 22.0 24.0
0 636.5 59.0 13.0 14.0
0 667.0 60.0 12.0 12.0
0 685.5 63.0 15.0 18.0
0 853.0 105.0 18.0 18.0
0 891.5 85.0 11.0 22.0
0 868.5 74.0 13.0 12.0
0 852.5 79.5 17.0 15.0
0 795.0 84.5 14.0 19.0
0 816.5 93.5 19.0 17.0
0 826.5 75.5 9.0 19.0
0 838.5 75.0 11.0 20.0
0 791.0 68.5 12.0 13.0
0 806.0 67.0 14.0 20.0
0 758.5 83.0 19.0 18.0
0 697.5 68.5 9.0 19.0
0 510.0 99.0 18.0 16.0
0 867.0 98.5 14.0 17.0
0 910.5 110.0 19.0 22.0
0 930.0 137.5 16.0 19.0
0 949.5 121.0 13.0 16.0
0 956.5 101.5 17.0 17.0
0 912.0 90.5 16.0 19.0
0 956.0 78.5 10.0 17.0
0 994.0 94.5 16.0 17.0
0 988.5 116.0 13.0 22.0
0 718.0 72.5 12.0 15.0
0 931.0 78.0 14.0 18.0
0 932.0 103.5 20.0 25.0
