0 250.0 299.5 54.0 61.0
0 355.0 183.5 20.0 23.0
0 372.0 172.0 22.0 30.0
0 411.0 186.5 28.0 27.0
0 402.5 150.5 17.0 23.0
0 417.5 152.0 19.0 26.0
0 501.0 179.0 24.0 30.0
0 498.0 164.0 24.0 30.0
0 536.5 174.0 25.0 28.0
0 531.0 185.0 28.0 36.0
0 514.5 131.5 19.0 21.0
0 535.0 127.5 18.0 23.0
0 509.5 119.5 17.0 23.0
0 533.0 112.0 18.0 24.0
0 582.5 98.0 15.0 20.0
0 587.0 106.0 16.0 22.0
0 598.0 131.5 20.0 29.0
0 595.5 157.5 21.0 33.0
0 658.0 135.0 22.0 30.0
0 639.5 126.5 19.0 25.0
0 608.5 94.0 13.0 18.0
0 618.5 85.5 11.0 17.0
0 648.0 87.5 16.0 21.0
0 667.5 94.0 19.0 22.0
0 698.0 109.5 18.0 25.0
0 703.5 94.0 17.0 20.0
0 585.0 227.5 28.0 37.0
0 678.0 210.0 42.0 38.0
0 733.5 165.5 23.0 33.0
0 744.5 112.5 19.0 23.0
0 737.0 95.5 16.0 21.0
0 732.5 71.5 17.0 17.0
0 745.5 73.5 15.0 21.0
0 765.0 98.5 16.0 23.0
0 762.5 84.0 13.0 18.0
0 779.0 89.5 14.0 21.0
0 820.5 75.5 17.0 17.0
0 842.0 76.0 14.0 20.0
0 815.0 115.0 20.0 32.0
0 770.0 142.0 22.0 28.0
0 797.5 164.5 29.0 33.0
0 817.5 183.0 25.0 32.0
0 831.0 212.0 38.0 46.0
0 821.0 145.0 28.0 34.0
0 849.5 107.0 19.0 22.0
0 885.0 122.5 18.0 23.0
0 899.5 110.0 17.0 22.0
0 920.0 132.0 24.0 30.0
0 893.0 150.0 28.0 28.0
0 904.5 184.5 33.0 41.0
0 955.0 230.0 40.0 42.0
0 950.5 152.0 25.0 28.0
0 955.5 120.5 19.0 27.0
0 949.5 100.5 19.0 23.0
0 969.0 90.0 18.0 26.0
0 1005.0 88.5 18.0 29.0
0 985.0 113.5 16.0 23.0
0 998.0 139.5 22.0 29.0
0 1015.5 119.0 21.0 34.0
0 1035.0 109.0 18.0 22.0
0 1047.5 91.0 15.0 22.0
0 1087.0 97.5 16.0 23.0
0 1062.5 126.0 17.0 22.0
0 1055.0 143.5 20.0 27.0
0 1037.0 156.0 28.0 32.0
0 996.5 193.0 31.0 40.0
0 1072.0 200.0 30.0 38.0
0 1112.0 144.5 20.0 29.0
0 1144.5 179.5 25.0 37.0
0 1110.5 131.0 17.0 24.0
