0 46.5 239.5 31.0 39.0
0 260.0 158.5 16.0 21.0
0 286.0 157.0 18.0 24.0
0 306.5 154.5 23.0 25.0
0 334.0 159.5 22.0 23.0
0 333.5 134.5 19.0 17.0
0 371.0 125.0 14.0 16.0
0 381.0 110.5 16.0 21.0
0 400.5 108.5 15.0 19.0
0 425.0 132.0 16.0 16.0
0 429.5 114.0 15.0 18.0
0 410.5 167.5 25.0 29.0
0 378.0 153.0 24.0 18.0
0 472.0 130.5 18.0 19.0
0 496.0 141.5 18.0 19.0
0 510.0 188.5 24.0 33.0
0 568.0 183.0 26.0 32.0
0 638.0 198.0 36.0 34.0
0 653.0 151.5 24.0 27.0
0 592.5 149.0 27.0 22.0
0 560.5 113.0 17.0 22.0
0 515.5 117.5 19.0 21.0
0 469.5 98.5 13.0 13.0
0 508.5 80.0 17.0 16.0
0 597.0 107.5 20.0 21.0
0 617.0 81.5 16.0 21.0
0 588.5 77.5 17.0 17.0
0 649.5 68.5 11.0 19.0
0 676.0 67.5 10.0 17.0
0 721.0 70.0 18.0 20.0
0 780.0 68.0 14.0 14.0
0 808.5 76.0 17.0 16.0
0 862.0 73.0 16.0 12.0
0 888.5 83.5 17.0 19.0
0 953.5 92.0 21.0 14.0
0 946.5 101.5 21.0 19.0
0 909.0 94.0 20.0 16.0
0 896.5 110.0 23.0 16.0
0 965.5 134.5 23.0 25.0
0 908.0 136.5 22.0 21.0
0 874.0 131.5 22.0 21.0
0 845.0 105.5 18.0 19.0
0 836.0 86.0 16.0 16.0
0 801.0 100.0 22.0 18.0
0 763.5 93.0 15.0 14.0
0 735.5 121.5 17.0 21.0
0 696.5 125.5 19.0 17.0
0 673.5 121.5 19.0 23.0
0 706.0 150.5 26.0 25.0
0 766.0 169.5 22.0 23.0
0 797.0 139.5 20.0 19.0
0 838.0 158.5 22.0 25.0
0 888.0 184.0 28.0 28.0
0 976.0 167.5 20.0 25.0
0 695.0 105.5 14.0 15.0
0 722.5 98.5 15.0 19.0
0 750.5 87.5 13.0 17.0
0 816.0 131.0 20.0 28.0
0 781.0 118.5 20.0 29.0
0 646.5 86.5 19.0 21.0
0 675.5 87.0 17.0 20.0
0 540.5 103.5 17.0 17.0
0 578.0 93.5 22.0 23.0
0 489.5 87.0 15.0 16.0
0 488.5 117.0 17.0 20.0
0 465.0 112.5 14.0 21.0
0 521.0 100.0 18.0 22.0
0 399.5 129.0 19.0 26.0
0 963.0 111.5 16.0 25.0
