0 164.5 214.5 53.0 51.0
0 278.0 169.0 18.0 22.0
0 315.5 158.5 23.0 23.0
0 336.5 149.0 19.0 26.0
0 369.5 128.0 21.0 22.0
0 353.0 146.5 20.0 19.0
0 387.0 147.0 20.0 26.0
0 404.5 136.5 19.0 21.0
0 411.5 119.0 17.0 22.0
0 440.0 101.0 14.0 20.0
0 462.5 133.0 21.0 24.0
0 487.5 137.0 21.0 22.0
0 509.5 150.0 25.0 26.0
0 454.5 110.5 21.0 17.0
0 477.0 114.5 20.0 25.0
0 484.0 105.0 20.0 22.0
0 499.0 93.5 16.0 17.0
0 511.0 104.5 24.0 19.0
0 516.5 124.0 21.0 20.0
0 553.0 122.5 24.0 27.0
0 546.5 101.0 21.0 20.0
0 518.5 78.5 15.0 15.0
0 556.5 78.5 13.0 17.0
0 570.0 81.5 16.0 19.0
0 585.5 90.0 19.0 26.0
0 614.0 104.0 20.0 24.0
0 599.0 67.0 16.0 18.0
0 609.5 77.0 13.0 14.0
0 624.5 81.0 13.0 16.0
0 636.0 72.0 14.0 14.0
0 662.0 85.0 18.0 20.0
0 678.0 72.5 18.0 17.0
0 662.5 34.5 15.0 17.0
0 692.0 57.0 14.0 18.0
0 678.5 59.0 13.0 12.0
0 717.5 70.0 17.0 18.0
0 552.0 166.5 26.0 31.0
0 571.0 208.0 32.0 34.0
0 634.0 212.0 32.0 44.0
0 608.0 148.0 22.0 28.0
0 648.5 164.0 25.0 30.0
0 679.0 125.5 24.0 31.0
0 709.5 126.5 23.0 31.0
0 715.0 105.5 16.0 21.0
0 742.5 109.5 21.0 25.0
0 735.5 134.5 27.0 27.0
0 702.0 177.5 30.0 35.0
0 722.0 206.5 32.0 37.0
0 790.0 177.0 30.0 42.0
0 810.0 154.0 32.0 34.0
0 845.0 191.5 28.0 39.0
0 865.0 155.5 28.0 33.0
0 794.0 118.5 22.0 29.0
0 759.0 93.0 22.0 28.0
0 773.0 85.5 18.0 25.0
0 768.5 47.5 15.0 19.0
0 789.5 74.0 15.0 18.0
0 802.5 85.0 19.0 20.0
0 817.5 77.0 19.0 26.0
0 837.0 72.5 14.0 21.0
0 849.5 85.5 19.0 21.0
0 861.5 81.5 17.0 19.0
0 844.5 112.0 21.0 22.0
0 806.0 106.5 22.0 23.0
0 932.5 146.0 19.0 26.0
0 977.5 163.0 25.0 34.0
0 883.5 94.0 15.0 20.0
0 903.0 95.0 18.0 22.0
0 897.0 79.5 14.0 15.0
0 921.5 86.5 19.0 27.0
0 954.5 100.5 19.0 21.0
0 991.0 116.0 16.0 20.0
0 993.0 93.0 16.0 22.0
0 954.5 83.5 13.0 15.0
