0 84.0 139.0 20.0 26.0
0 141.5 128.0 19.0 22.0
0 164.5 121.5 23.0 27.0
0 290.0 122.5 20.0 23.0
0 334.5 100.5 15.0 19.0
0 399.5 139.5 19.0 23.0
0 386.0 107.0 18.0 20.0
0 415.0 122.0 20.0 18.0
0 413.5 96.0 19.0 20.0
0 450.0 93.5 20.0 19.0
0 426.5 75.0 15.0 14.0
0 506.0 100.5 18.0 17.0
0 510.5 89.5 17.0 17.0
0 581.0 168.5 24.0 35.0
0 622.0 177.5 28.0 41.0
0 591.0 138.0 20.0 22.0
0 623.0 149.5 22.0 27.0
0 582.5 115.5 21.0 23.0
0 618.0 90.5 18.0 23.0
0 622.5 117.0 19.0 24.0
0 678.0 123.5 20.0 23.0
0 753.5 134.0 23.0 26.0
0 805.0 140.5 20.0 29.0
0 587.0 67.0 14.0 18.0
0 864.0 128.5 16.0 21.0
