0 211.0 191.5 32.0 37.0
0 345.0 185.0 26.0 26.0
0 358.5 180.0 25.0 24.0
0 402.0 177.5 28.0 27.0
0 426.5 155.0 23.0 28.0
0 455.0 192.0 28.0 30.0
0 483.0 215.5 36.0 33.0
0 501.0 139.0 26.0 32.0
0 526.5 157.5 23.0 27.0
0 607.0 161.5 24.0 33.0
0 590.0 113.5 20.0 23.0
0 580.5 100.5 15.0 17.0
0 608.5 93.0 17.0 22.0
0 654.5 143.5 25.0 29.0
0 675.5 129.5 23.0 21.0
0 668.0 102.5 20.0 25.0
0 710.0 98.5 20.0 25.0
0 742.5 110.5 21.0 25.0
0 777.0 106.0 18.0 24.0
0 773.5 91.0 17.0 18.0
0 738.0 70.0 18.0 18.0
0 623.0 213.5 34.0 41.0
0 692.5 214.0 37.0 42.0
0 742.0 155.5 26.0 33.0
0 759.0 150.0 28.0 30.0
0 812.5 125.0 27.0 30.0
0 826.0 147.5 28.0 37.0
0 820.0 183.5 32.0 37.0
0 773.0 195.0 34.0 40.0
0 803.0 264.5 46.0 59.0
0 917.0 185.5 32.0 41.0
0 892.5 150.5 27.0 31.0
0 859.5 118.0 21.0 24.0
0 911.0 106.0 26.0 28.0
0 924.0 137.0 26.0 30.0
0 947.0 161.0 26.0 30.0
0 974.0 144.0 22.0 30.0
0 1011.0 164.0 32.0 42.0
0 1022.5 199.0 37.0 38.0
0 959.5 252.5 41.0 45.0
0 1079.5 216.5 33.0 45.0
0 1086.5 179.5 31.0 41.0
0 1144.0 187.5 30.0 41.0
0 1108.0 140.0 24.0 28.0
0 1090.5 108.0 21.0 24.0
0 1059.5 130.0 23.0 28.0
0 1037.5 153.0 23.0 32.0
0 1011.5 125.5 21.0 23.0
0 1033.5 112.0 23.0 26.0
0 1004.5 99.0 21.0 28.0
0 987.0 108.5 22.0 25.0
0 967.0 116.5 20.0 25.0
0 957.5 90.5 21.0 23.0
