0 49.5 239.5 31.0 39.0
0 276.0 168.5 24.0 23.0
0 307.5 159.5 21.0 25.0
0 327.0 155.5 20.0 25.0
0 333.5 142.5 19.0 19.0
0 365.0 157.5 22.0 25.0
0 367.5 130.5 23.0 21.0
0 408.0 126.5 20.0 23.0
0 416.5 114.5 17.0 19.0
0 423.5 178.0 29.0 30.0
0 442.0 134.5 20.0 19.0
0 442.0 96.5 18.0 19.0
0 468.5 136.5 21.0 23.0
0 473.0 118.5 18.0 23.0
0 485.5 111.0 15.0 20.0
0 496.5 122.5 17.0 21.0
0 524.5 130.5 21.0 23.0
0 522.5 110.5 21.0 23.0
0 515.0 95.5 14.0 19.0
0 506.0 88.5 12.0 19.0
0 486.0 81.0 16.0 20.0
0 519.0 80.0 14.0 18.0
0 544.5 97.0 13.0 16.0
0 557.0 80.0 14.0 20.0
0 568.0 75.5 14.0 19.0
0 572.5 92.5 17.0 19.0
0 590.0 88.5 18.0 21.0
0 609.5 94.0 19.0 22.0
0 574.0 117.0 20.0 22.0
0 598.0 67.5 14.0 15.0
0 620.0 77.5 18.0 19.0
0 632.0 57.5 16.0 19.0
0 635.0 71.0 12.0 20.0
0 660.5 70.0 13.0 16.0
0 669.5 86.5 17.0 21.0
0 682.5 75.0 13.0 18.0
0 683.0 61.0 14.0 16.0
0 655.5 59.5 13.0 15.0
0 720.0 67.0 12.0 16.0
0 735.5 57.5 13.0 17.0
0 740.5 34.5 13.0 13.0
0 528.5 174.0 29.0 34.0
0 578.0 185.0 34.0 36.0
0 603.5 146.0 25.0 26.0
0 650.0 146.5 26.0 29.0
0 651.0 122.5 22.0 25.0
0 695.5 104.5 19.0 25.0
0 718.0 121.5 24.0 29.0
0 709.5 154.0 27.0 28.0
0 721.5 200.5 37.0 37.0
0 726.0 89.5 18.0 21.0
0 742.5 103.0 19.0 24.0
0 744.5 135.0 25.0 28.0
0 772.0 176.5 30.0 29.0
0 797.0 136.0 24.0 32.0
0 788.5 106.5 17.0 21.0
0 782.0 87.5 16.0 21.0
0 760.0 81.5 16.0 23.0
0 785.0 71.0 14.0 22.0
0 794.0 77.5 16.0 19.0
0 800.0 62.0 16.0 20.0
0 840.5 68.5 13.0 17.0
0 834.5 78.5 13.0 17.0
0 812.0 93.0 18.0 22.0
0 852.5 100.0 19.0 22.0
0 848.5 81.5 13.0 17.0
0 864.0 72.5 14.0 21.0
0 887.0 82.5 16.0 23.0
0 875.5 95.0 17.0 24.0
0 875.0 137.0 22.0 34.0
0 843.0 164.0 26.0 32.0
0 932.0 126.0 22.0 28.0
0 908.5 104.5 21.0 27.0
0 923.0 91.0 14.0 18.0
0 925.5 75.5 15.0 17.0
0 963.5 76.0 13.0 18.0
0 953.5 96.5 19.0 21.0
0 950.5 119.0 17.0 24.0
0 992.5 170.0 25.0 36.0
0 989.0 111.0 18.0 24.0
0 994.0 92.5 14.0 17.0
0 642.5 200.5 33.0 43.0
