0 170.0 385.5 50.0 59.0
0 291.5 235.0 23.0 26.0
0 324.5 240.0 27.0 30.0
0 356.0 256.5 26.0 31.0
0 360.0 210.5 22.0 27.0
0 443.0 241.0 28.0 32.0
0 436.0 222.5 18.0 23.0
0 440.5 203.5 23.0 23.0
0 479.5 229.5 21.0 25.0
0 505.5 228.5 25.0 27.0
0 504.0 208.5 22.0 19.0
0 504.5 191.0 21.0 18.0
0 492.5 179.0 19.0 20.0
0 524.5 179.5 23.0 23.0
0 550.0 183.5 18.0 21.0
0 539.0 211.0 20.0 26.0
0 551.5 232.5 25.0 27.0
0 587.0 212.5 26.0 23.0
0 568.0 170.5 22.0 23.0
0 582.5 186.0 21.0 22.0
0 578.0 163.0 18.0 20.0
0 607.0 183.5 20.0 21.0
0 622.5 180.0 19.0 18.0
0 643.0 167.0 18.0 20.0
0 644.0 190.5 20.0 21.0
0 669.5 171.0 21.0 20.0
0 685.5 196.5 19.0 27.0
0 623.0 226.0 26.0 30.0
0 603.5 269.5 43.0 39.0
0 697.5 151.0 11.0 16.0
0 706.5 161.5 15.0 19.0
0 720.0 165.0 16.0 20.0
0 703.5 187.5 19.0 25.0
0 735.5 174.0 19.0 20.0
0 743.0 151.5 12.0 21.0
0 736.0 146.0 12.0 18.0
0 769.5 151.0 17.0 22.0
0 787.0 155.5 14.0 17.0
0 789.5 170.0 19.0 18.0
0 825.0 160.5 16.0 19.0
0 845.0 158.5 18.0 23.0
0 821.0 143.5 16.0 17.0
0 738.5 225.5 27.0 35.0
0 732.0 257.5 30.0 37.0
0 676.5 278.5 31.0 39.0
0 653.0 246.0 28.0 30.0
0 752.5 295.5 37.0 41.0
0 779.0 324.5 36.0 47.0
0 860.5 376.5 45.0 53.0
0 797.5 233.5 29.0 31.0
0 779.0 210.5 26.0 27.0
0 821.5 191.5 23.0 29.0
0 852.5 209.0 23.0 30.0
0 867.5 210.5 21.0 27.0
0 867.5 173.5 17.0 23.0
0 897.0 174.5 20.0 25.0
0 902.0 164.0 16.0 18.0
0 920.5 158.5 21.0 21.0
0 960.0 165.5 16.0 21.0
0 956.0 202.5 26.0 25.0
0 952.5 183.5 19.0 21.0
0 845.0 252.5 28.0 33.0
0 814.5 264.5 33.0 43.0
0 892.0 280.5 32.0 33.0
0 963.5 298.0 35.0 44.0
0 999.5 249.5 29.0 37.0
0 1001.5 208.0 19.0 24.0
0 1004.5 188.0 21.0 24.0
0 993.5 170.0 21.0 26.0
0 1032.0 178.0 16.0 24.0
0 1041.0 188.5 20.0 25.0
0 1053.5 193.0 17.0 22.0
0 1070.5 180.0 19.0 24.0
0 1097.5 190.5 17.0 25.0
0 1090.5 220.5 21.0 27.0
0 1063.0 234.0 26.0 32.0
0 1036.5 217.0 25.0 28.0
0 1055.5 260.0 33.0 44.0
0 1015.5 339.0 39.0 50.0
0 1039.0 314.5 32.0 45.0
0 1130.5 323.0 41.0 50.0
0 1123.0 274.0 30.0 38.0
0 1141.5 246.0 21.0 32.0
0 1115.5 212.0 19.0 24.0
0 1145.0 214.0 18.0 26.0
0 1151.5 188.5 17.0 21.0
