0 1071.0 113.0 14.0 20.0
0 1120.0 126.0 18.0 24.0
0 1159.5 152.5 17.0 27.0
0 1092.5 159.0 21.0 30.0
0 1108.0 221.5 24.0 41.0
0 1139.0 243.0 28.0 38.0
0 1115.5 281.5 33.0 47.0
0 1028.0 262.5 30.0 47.0
0 976.0 208.0 24.0 32.0
0 1033.5 148.0 21.0 30.0
0 886.0 164.5 24.0 33.0
0 819.0 156.0 22.0 34.0
0 717.0 164.5 24.0 31.0
0 613.0 137.0 20.0 24.0
0 541.5 151.5 19.0 29.0
0 504.0 143.0 16.0 20.0
0 512.0 154.0 20.0 28.0
0 463.0 168.5 20.0 23.0
0 411.5 172.5 19.0 23.0
0 326.0 201.5 28.0 33.0
0 240.5 211.5 23.0 29.0
0 252.0 343.5 44.0 49.0
0 741.5 72.5 13.0 15.0
