0 135.0 272.5 56.0 55.0
0 250.0 170.0 26.0 28.0
0 285.5 167.0 31.0 28.0
0 336.5 139.0 25.0 24.0
0 384.0 141.5 26.0 27.0
0 385.5 124.0 27.0 30.0
0 409.5 135.0 27.0 28.0
0 434.5 121.5 19.0 21.0
0 456.5 155.0 25.0 30.0
0 496.0 138.5 24.0 23.0
0 455.5 116.5 23.0 27.0
0 483.0 108.5 24.0 25.0
0 547.0 183.5 32.0 31.0
0 534.5 111.5 19.0 23.0
0 538.0 94.0 18.0 20.0
0 560.5 95.0 21.0 22.0
0 586.0 144.0 24.0 30.0
0 614.0 120.0 22.0 24.0
0 606.0 96.5 24.0 27.0
0 614.0 85.0 22.0 22.0
0 647.5 96.5 25.0 27.0
0 699.0 95.5 24.0 21.0
0 689.5 76.0 19.0 20.0
0 715.5 116.0 19.0 24.0
0 722.5 97.5 19.0 23.0
0 722.0 79.0 20.0 20.0
0 756.5 88.0 21.0 22.0
0 754.0 111.0 16.0 24.0
0 745.0 66.0 18.0 22.0
0 776.5 113.0 19.0 26.0
0 787.0 73.5 18.0 19.0
0 812.5 85.0 21.0 22.0
0 821.5 103.5 19.0 21.0
0 828.5 78.5 19.0 23.0
0 857.5 77.5 19.0 19.0
0 858.0 95.5 18.0 21.0
0 889.0 92.0 18.0 22.0
0 879.5 122.0 21.0 26.0
0 846.0 140.0 22.0 28.0
0 774.5 172.5 31.0 37.0
0 714.0 197.5 32.0 35.0
0 755.0 217.5 36.0 39.0
0 830.0 233.0 36.0 36.0
0 906.0 234.0 36.0 38.0
0 896.5 150.5 27.0 31.0
0 926.5 130.0 25.0 30.0
0 935.5 173.5 25.0 31.0
0 989.0 151.0 22.0 30.0
0 967.5 120.5 23.0 25.0
0 947.0 114.5 20.0 21.0
0 1008.5 111.0 21.0 26.0
0 1018.0 130.5 24.0 27.0
0 1034.0 123.5 18.0 25.0
0 1015.0 175.5 28.0 39.0
0 1071.5 194.5 25.0 27.0
0 1083.5 178.5 23.0 31.0
0 992.0 256.5 40.0 47.0
0 1084.0 288.5 38.0 49.0
0 1094.5 255.5 31.0 39.0
0 1199.0 251.0 30.0 46.0
0 1179.5 222.5 27.0 37.0
0 1156.5 195.0 25.0 28.0
0 1111.0 163.0 24.0 28.0
0 1081.5 132.5 17.0 25.0
0 1136.5 135.5 19.0 27.0
0 1159.5 157.5 21.0 25.0
0 1183.0 144.0 20.0 26.0
0 1215.5 213.0 21.0 34.0
0 1213.0 189.5 18.0 23.0
0 1232.0 168.5 22.0 21.0
