0 93.5 366.5 67.0 71.0
0 268.0 161.5 26.0 27.0
0 280.0 178.0 30.0 30.0
0 339.0 147.5 24.0 25.0
0 360.0 150.0 22.0 30.0
0 382.5 126.5 21.0 23.0
0 404.5 141.0 25.0 28.0
0 429.5 132.0 23.0 26.0
0 448.0 123.0 22.0 24.0
0 480.5 117.0 19.0 20.0
0 456.5 159.0 23.0 28.0
0 487.0 153.5 22.0 27.0
0 531.5 119.0 19.0 24.0
0 538.0 105.0 22.0 24.0
0 538.5 184.0 27.0 32.0
0 580.0 149.5 26.0 29.0
0 560.5 104.5 19.0 17.0
0 575.0 106.0 16.0 22.0
0 600.5 97.0 19.0 20.0
0 591.0 110.0 22.0 26.0
0 611.5 127.5 19.0 25.0
0 639.5 106.0 21.0 26.0
0 649.5 99.5 19.0 21.0
0 685.5 85.5 15.0 21.0
0 689.0 96.0 20.0 20.0
0 709.0 88.0 18.0 22.0
0 682.5 140.0 23.0 24.0
0 719.5 107.0 19.0 22.0
0 742.5 77.0 19.0 20.0
0 751.5 96.0 19.0 20.0
0 755.5 110.0 21.0 26.0
0 767.5 122.0 21.0 26.0
0 779.0 83.5 16.0 21.0
0 825.0 83.0 16.0 20.0
0 812.0 93.5 18.0 21.0
0 814.0 114.5 16.0 23.0
0 818.5 138.5 23.0 31.0
0 856.5 88.0 15.0 20.0
0 850.0 96.5 18.0 25.0
0 882.0 96.5 18.0 25.0
0 863.0 133.0 20.0 30.0
0 761.0 180.5 30.0 35.0
0 714.0 205.5 34.0 31.0
0 749.5 223.5 29.0 33.0
0 817.5 243.0 29.0 36.0
0 894.5 239.5 33.0 37.0
0 895.0 159.0 24.0 30.0
0 919.5 142.0 21.0 24.0
0 929.0 121.0 20.0 22.0
0 957.0 115.0 18.0 24.0
0 966.5 128.5 21.0 25.0
0 1002.0 120.0 18.0 22.0
0 1017.5 140.5 23.0 21.0
0 992.5 152.0 23.0 26.0
0 1011.0 183.0 24.0 32.0
0 930.5 181.0 27.0 32.0
0 989.5 265.5 39.0 47.0
0 1072.5 292.0 35.0 52.0
0 1094.5 244.5 25.0 43.0
0 1074.0 211.0 26.0 36.0
0 1069.5 191.0 19.0 28.0
0 1097.0 181.0 24.0 26.0
0 1080.5 146.5 19.0 21.0
0 1044.5 132.0 19.0 22.0
0 1081.0 133.0 22.0 26.0
0 1114.0 137.5 18.0 25.0
0 1118.5 159.5 17.0 25.0
0 1179.5 153.5 19.0 23.0
0 1216.5 164.5 17.0 25.0
0 1211.5 187.0 17.0 18.0
0 1206.5 200.0 23.0 24.0
0 1208.5 223.5 19.0 31.0
0 1152.5 166.0 19.0 26.0
0 1147.0 200.5 20.0 31.0
0 1173.0 233.0 24.0 40.0
0 1187.5 271.0 29.0 46.0
