0 215.5 300.0 41.0 54.0
0 324.0 153.0 22.0 24.0
0 347.0 164.5 22.0 25.0
0 366.5 172.5 19.0 23.0
0 463.5 175.5 23.0 29.0
0 414.5 128.0 17.0 20.0
0 455.5 134.5 19.0 19.0
0 483.5 134.0 17.0 18.0
0 507.5 135.5 15.0 17.0
0 513.5 120.5 17.0 17.0
0 484.5 115.5 15.0 17.0
0 465.5 109.0 15.0 18.0
0 493.5 97.0 13.0 14.0
0 513.5 103.5 17.0 17.0
0 538.0 105.0 14.0 18.0
0 526.5 86.5 15.0 15.0
0 574.0 91.0 14.0 14.0
0 581.5 82.0 13.0 18.0
0 604.0 76.0 14.0 18.0
0 603.0 98.0 14.0 16.0
0 626.5 101.5 15.0 19.0
0 620.0 82.5 14.0 17.0
0 654.5 86.5 13.0 15.0
0 657.5 68.5 13.0 15.0
0 668.0 73.0 16.0 16.0
0 698.0 39.5 12.0 11.0
0 740.0 38.5 14.0 15.0
0 524.0 202.0 30.0 30.0
0 591.5 198.5 27.0 33.0
0 666.5 192.0 27.0 42.0
0 618.0 157.5 22.0 25.0
0 654.5 156.0 25.0 28.0
0 667.5 130.0 25.0 28.0
0 710.0 163.0 24.0 28.0
0 722.0 131.5 28.0 29.0
0 754.5 128.0 21.0 26.0
0 773.0 176.5 28.0 35.0
0 839.0 195.5 28.0 31.0
0 745.5 68.5 15.0 19.0
0 740.5 100.0 19.0 24.0
0 773.0 88.5 18.0 23.0
0 805.5 114.5 19.0 19.0
0 813.0 96.5 20.0 19.0
0 811.5 76.0 13.0 16.0
0 798.5 76.5 19.0 23.0
0 874.5 83.5 15.0 19.0
0 892.5 96.5 15.0 19.0
0 865.0 120.0 18.0 18.0
0 917.0 118.0 16.0 24.0
0 939.5 142.5 19.0 27.0
0 956.0 120.5 20.0 25.0
0 997.0 126.5 20.0 25.0
