0 81.5 192.5 41.0 47.0
0 197.5 271.0 49.0 50.0
0 309.0 123.5 24.0 27.0
0 317.5 140.5 19.0 21.0
0 344.0 107.5 30.0 23.0
0 358.5 150.5 19.0 27.0
0 349.0 120.5 24.0 23.0
0 387.0 118.5 20.0 25.0
0 406.5 117.0 21.0 30.0
0 446.5 102.0 25.0 24.0
0 469.0 89.0 22.0 22.0
0 463.0 121.0 20.0 28.0
0 447.5 149.0 33.0 28.0
0 494.5 128.0 25.0 28.0
0 491.5 85.5 23.0 25.0
0 504.0 73.0 14.0 22.0
0 513.0 82.5 16.0 21.0
0 524.0 70.5 18.0 19.0
0 547.5 69.5 17.0 21.0
0 534.0 133.5 22.0 27.0
0 535.0 106.0 24.0 30.0
0 557.0 94.5 24.0 23.0
0 566.0 77.5 22.0 19.0
0 608.0 73.0 20.0 22.0
0 577.0 118.0 28.0 28.0
0 583.0 92.0 24.0 24.0
0 628.0 66.5 20.0 21.0
0 648.0 71.5 24.0 21.0
0 643.5 93.5 21.0 19.0
0 679.0 79.5 20.0 23.0
0 693.5 57.0 17.0 18.0
0 703.0 74.0 26.0 22.0
0 722.0 58.5 18.0 19.0
0 737.5 61.0 19.0 24.0
0 535.0 172.5 40.0 37.0
0 587.5 144.0 29.0 34.0
0 664.0 123.5 30.0 29.0
0 648.0 152.5 42.0 35.0
0 625.5 198.0 35.0 46.0
0 708.0 159.0 32.0 32.0
0 699.5 107.5 31.0 29.0
0 737.0 110.5 20.0 33.0
0 755.5 88.0 35.0 26.0
0 795.5 76.5 19.0 27.0
0 826.0 80.0 20.0 26.0
0 791.0 109.5 22.0 23.0
0 775.5 119.0 31.0 26.0
0 762.0 140.0 38.0 36.0
0 722.5 182.5 31.0 37.0
0 746.5 165.0 29.0 28.0
0 848.0 90.0 20.0 22.0
0 838.0 128.5 24.0 29.0
0 798.0 150.5 28.0 27.0
0 849.0 152.5 24.0 35.0
0 822.0 184.0 32.0 34.0
0 820.0 234.0 34.0 44.0
0 862.5 238.0 37.0 42.0
0 878.0 195.0 34.0 34.0
0 902.0 165.5 32.0 37.0
0 922.5 140.5 29.0 31.0
0 968.5 138.0 25.0 32.0
0 970.5 181.5 33.0 37.0
0 943.5 217.5 31.0 35.0
0 944.5 248.0 41.0 44.0
0 805.5 87.5 21.0 19.0
0 821.0 92.5 18.0 19.0
0 606.0 106.0 28.0 22.0
0 605.0 92.5 18.0 25.0
0 531.5 85.0 19.0 22.0
0 491.0 108.5 28.0 19.0
0 390.0 168.0 30.0 24.0
