0 142.5 328.0 65.0 66.0
0 286.0 161.0 22.0 32.0
0 299.5 163.0 31.0 30.0
0 355.0 144.0 24.0 30.0
0 390.5 143.0 25.0 32.0
0 395.5 128.0 27.0 28.0
0 426.5 134.5 25.0 23.0
0 443.5 126.0 21.0 26.0
0 463.0 121.5 22.0 25.0
0 471.0 160.0 28.0 34.0
0 512.0 144.0 26.0 24.0
0 533.0 109.0 20.0 22.0
0 543.0 101.0 18.0 26.0
0 554.5 114.0 23.0 28.0
0 552.0 184.5 32.0 35.0
0 598.5 144.5 27.0 29.0
0 577.5 98.0 21.0 22.0
0 603.0 101.5 20.0 27.0
0 625.0 91.5 18.0 21.0
0 631.5 123.5 23.0 29.0
0 655.0 93.0 22.0 24.0
0 702.5 84.0 21.0 24.0
0 708.5 91.0 23.0 24.0
0 669.5 141.0 25.0 24.0
0 727.0 81.5 22.0 23.0
0 751.5 77.0 19.0 20.0
0 765.5 92.0 23.0 22.0
0 733.0 120.0 20.0 28.0
0 735.5 101.5 25.0 23.0
0 766.5 127.5 25.0 25.0
0 774.5 108.0 19.0 24.0
0 803.5 77.5 19.0 21.0
0 819.0 89.5 18.0 25.0
0 836.0 76.5 18.0 21.0
0 831.5 109.5 17.0 21.0
0 842.0 136.5 28.0 27.0
0 777.0 167.0 32.0 34.0
0 732.5 200.0 35.0 38.0
0 769.0 222.0 34.0 38.0
0 833.0 238.0 36.0 34.0
0 871.5 84.5 21.0 23.0
0 869.0 93.0 20.0 24.0
0 904.0 95.0 24.0 26.0
0 867.5 130.0 29.0 26.0
0 922.0 123.5 20.0 27.0
0 945.5 117.5 19.0 21.0
0 975.0 109.5 20.0 21.0
0 980.5 123.0 21.0 26.0
0 1019.0 115.5 20.0 25.0
0 1045.0 128.0 22.0 26.0
0 1028.5 134.0 21.0 24.0
0 1003.5 145.5 23.0 31.0
0 1009.0 186.5 32.0 39.0
0 936.0 138.5 24.0 27.0
0 950.5 175.0 29.0 30.0
0 903.5 167.5 33.0 35.0
0 1091.5 139.5 17.0 25.0
0 1136.0 135.5 22.0 25.0
0 1134.5 155.0 21.0 22.0
0 1119.5 168.0 21.0 28.0
0 1101.0 175.5 22.0 29.0
0 1091.5 201.5 29.0 33.0
0 1167.0 197.0 22.0 34.0
0 1168.5 159.0 17.0 24.0
0 1199.5 148.0 21.0 24.0
0 1233.5 156.5 17.0 25.0
0 1222.0 184.5 20.0 31.0
0 1227.0 180.0 16.0 26.0
0 1225.0 218.0 24.0 34.0
0 1197.0 229.5 30.0 37.0
0 1193.5 266.5 29.0 47.0
0 1117.0 238.0 30.0 46.0
0 1086.5 306.0 39.0 50.0
0 998.0 276.5 38.0 53.0
0 908.5 244.5 37.0 43.0
