0 160.0 369.0 46.0 50.0
0 275.0 239.5 20.0 29.0
0 301.0 268.0 30.0 26.0
0 336.5 269.5 35.0 35.0
0 338.0 223.0 26.0 26.0
0 402.0 252.0 32.0 32.0
0 424.5 229.0 25.0 24.0
0 425.5 209.5 19.0 21.0
0 469.0 184.0 20.0 22.0
0 492.5 189.0 19.0 24.0
0 512.5 179.5 21.0 23.0
0 529.5 194.5 19.0 23.0
0 493.0 235.5 30.0 31.0
0 489.0 213.5 32.0 23.0
0 540.5 235.5 27.0 29.0
0 563.0 218.0 22.0 24.0
0 601.5 233.5 31.0 29.0
0 569.0 186.0 22.0 24.0
0 564.0 169.0 26.0 26.0
0 614.0 185.0 18.0 22.0
0 633.0 195.5 22.0 21.0
0 655.5 176.0 19.0 20.0
0 666.5 197.0 25.0 28.0
0 696.5 183.0 21.0 22.0
0 671.5 156.0 13.0 20.0
0 687.5 153.5 17.0 23.0
0 724.5 174.0 17.0 20.0
0 768.0 174.5 16.0 21.0
0 759.0 155.0 24.0 22.0
0 739.0 143.0 20.0 22.0
0 811.5 145.5 15.0 21.0
0 831.0 154.5 18.0 25.0
0 816.0 164.5 16.0 21.0
0 809.0 192.0 22.0 26.0
0 766.0 211.5 30.0 33.0
0 722.0 231.0 30.0 26.0
0 647.0 251.0 36.0 38.0
0 580.5 287.5 39.0 47.0
0 632.5 310.5 45.0 49.0
0 710.0 314.0 40.0 50.0
0 741.0 260.5 28.0 41.0
0 780.0 243.5 24.0 31.0
0 796.0 257.0 32.0 34.0
0 836.5 255.0 29.0 34.0
0 823.5 222.0 23.0 24.0
0 850.5 211.0 27.0 30.0
0 854.0 177.0 24.0 26.0
0 890.0 182.0 20.0 24.0
0 900.5 166.0 17.0 18.0
0 931.0 186.5 18.0 23.0
0 948.0 199.0 18.0 24.0
0 944.0 168.0 18.0 22.0
0 978.5 170.5 19.0 25.0
0 987.5 206.0 19.0 26.0
0 994.0 188.0 20.0 22.0
0 986.5 251.0 31.0 34.0
0 1005.0 232.5 22.0 31.0
0 932.0 303.0 40.0 44.0
0 870.5 283.0 39.0 40.0
0 846.5 384.0 45.0 58.0
0 768.5 330.5 51.0 57.0
0 978.0 411.0 50.0 60.0
0 1017.0 328.0 44.0 42.0
0 1038.5 269.5 33.0 39.0
0 1098.5 316.5 33.0 43.0
0 1053.5 240.5 23.0 29.0
0 1020.5 228.5 21.0 27.0
0 1037.5 194.5 21.0 25.0
0 1024.5 184.5 21.0 19.0
0 1064.5 178.5 19.0 25.0
0 1085.0 213.0 26.0 26.0
0 1127.0 217.0 22.0 22.0
0 1122.0 244.5 24.0 35.0
0 1071.5 226.0 21.0 26.0
0 1137.0 199.0 16.0 20.0
