0 98.5 254.0 49.0 56.0
0 275.5 171.5 21.0 21.0
0 300.5 165.5 23.0 25.0
0 320.0 155.0 20.0 26.0
0 343.5 160.5 21.0 27.0
0 363.0 169.0 22.0 26.0
0 343.0 133.0 16.0 18.0
0 370.5 127.5 19.0 19.0
0 378.5 148.0 21.0 22.0
0 396.5 137.5 17.0 21.0
0 444.5 132.5 19.0 21.0
0 412.5 132.0 23.0 24.0
0 420.0 183.5 26.0 31.0
0 479.0 134.5 18.0 25.0
0 453.5 112.0 17.0 16.0
0 435.0 106.0 16.0 16.0
0 486.0 101.0 20.0 20.0
0 512.0 102.0 18.0 20.0
0 529.5 139.0 23.0 30.0
0 503.5 90.5 15.0 17.0
0 516.5 84.5 15.0 19.0
0 536.5 105.0 19.0 20.0
0 562.0 82.5 20.0 23.0
0 565.5 103.5 21.0 21.0
0 577.0 121.5 24.0 27.0
0 608.5 98.0 23.0 24.0
0 586.5 93.0 17.0 22.0
0 607.0 70.5 14.0 15.0
0 620.5 80.0 17.0 18.0
0 634.5 63.0 15.0 18.0
0 658.0 62.0 14.0 18.0
0 681.0 63.5 14.0 15.0
0 661.0 86.5 18.0 19.0
0 672.5 76.5 17.0 19.0
0 734.0 63.5 16.0 19.0
0 714.5 73.5 19.0 21.0
0 522.5 178.5 31.0 31.0
0 597.0 175.5 26.0 35.0
0 602.5 144.0 23.0 26.0
0 644.5 155.0 33.0 32.0
0 664.5 115.5 23.0 31.0
0 690.5 106.5 19.0 25.0
0 704.0 125.0 22.0 24.0
0 722.0 147.0 20.0 30.0
0 741.0 128.5 26.0 27.0
0 718.0 201.5 34.0 39.0
0 645.0 200.5 28.0 35.0
0 729.0 85.5 18.0 19.0
0 753.5 82.5 17.0 23.0
0 737.0 107.0 22.0 20.0
0 777.0 94.0 20.0 24.0
0 787.0 73.5 20.0 19.0
0 797.0 67.0 16.0 20.0
0 815.0 81.0 16.0 20.0
0 805.5 95.5 21.0 21.0
0 788.5 126.0 23.0 26.0
0 809.5 138.5 25.0 29.0
0 821.5 168.5 33.0 39.0
0 753.5 174.0 33.0 34.0
0 846.5 111.0 23.0 26.0
0 844.5 80.0 15.0 18.0
0 840.0 71.5 16.0 15.0
0 859.0 72.0 14.0 20.0
0 878.0 95.5 16.0 21.0
0 882.0 80.5 16.0 19.0
0 905.0 88.5 18.0 21.0
0 901.0 115.5 20.0 27.0
0 931.0 134.5 26.0 27.0
0 935.5 112.0 23.0 24.0
0 922.5 89.5 15.0 19.0
0 926.0 74.5 16.0 17.0
0 954.0 78.0 18.0 24.0
0 993.5 99.5 21.0 25.0
0 950.0 103.0 18.0 18.0
0 989.0 163.5 26.0 33.0
