0 72.0 175.5 26.0 29.0
0 348.0 127.5 18.0 23.0
0 360.0 112.5 16.0 21.0
0 352.0 103.5 18.0 21.0
0 419.0 117.0 18.0 22.0
0 429.0 100.0 16.0 18.0
0 436.0 87.5 14.0 17.0
0 462.0 100.5 20.0 17.0
0 449.0 131.5 22.0 23.0
0 487.5 129.5 21.0 27.0
0 484.5 107.5 21.0 25.0
0 465.0 86.0 14.0 18.0
0 474.5 82.5 15.0 19.0
0 484.0 90.0 16.0 20.0
0 510.5 80.5 13.0 15.0
0 525.0 72.5 14.0 13.0
0 536.5 76.0 11.0 14.0
0 549.0 78.0 14.0 18.0
0 539.5 89.0 17.0 20.0
0 516.5 92.5 15.0 17.0
0 564.0 68.0 12.0 16.0
0 575.0 87.5 14.0 19.0
0 568.5 106.5 15.0 19.0
0 569.5 89.5 17.0 15.0
0 599.5 97.5 19.0 19.0
0 605.5 82.5 15.0 15.0
0 530.5 164.0 27.0 24.0
0 568.5 169.0 29.0 34.0
0 590.0 141.5 24.0 29.0
0 629.0 151.5 30.0 27.0
0 637.0 170.0 30.0 36.0
0 637.0 118.5 22.0 25.0
0 614.5 71.0 13.0 16.0
0 627.0 64.5 12.0 15.0
0 633.5 81.5 17.0 23.0
0 648.5 90.0 15.0 20.0
0 649.0 58.5 12.0 17.0
0 666.0 78.0 12.0 16.0
0 673.5 60.5 13.0 15.0
0 676.5 69.0 13.0 14.0
0 696.5 64.0 11.0 14.0
0 695.5 73.5 11.0 15.0
0 717.5 71.0 13.0 14.0
0 745.0 84.0 16.0 20.0
0 722.5 91.5 15.0 17.0
0 685.0 100.5 20.0 23.0
0 680.5 122.5 19.0 25.0
0 686.0 155.0 24.0 28.0
0 693.5 191.5 33.0 39.0
0 727.0 127.0 22.0 32.0
0 721.0 110.0 20.0 24.0
0 757.0 97.0 12.0 18.0
0 763.0 74.0 16.0 18.0
0 787.5 100.5 15.0 17.0
0 760.0 91.0 14.0 16.0
0 799.0 75.0 12.0 16.0
0 818.5 99.5 13.0 19.0
0 798.5 114.5 17.0 23.0
0 814.5 164.0 21.0 36.0
0 836.0 147.0 16.0 28.0
0 861.5 123.5 17.0 21.0
0 830.0 113.0 16.0 20.0
0 775.0 194.5 28.0 33.0
0 850.5 201.5 29.0 37.0
0 867.5 174.5 21.0 33.0
0 888.5 163.0 21.0 32.0
0 898.5 130.5 17.0 27.0
0 845.5 104.0 15.0 22.0
0 856.0 88.5 16.0 19.0
0 868.0 109.5 14.0 23.0
0 883.0 107.5 12.0 19.0
0 894.0 94.5 14.0 23.0
0 904.5 115.5 15.0 19.0
0 917.0 111.0 12.0 26.0
0 924.0 108.0 10.0 16.0
0 959.5 101.5 13.0 23.0
0 956.5 119.0 13.0 22.0
0 959.0 145.0 14.0 24.0
0 937.0 161.0 20.0 30.0
0 934.5 182.5 23.0 35.0
