0 309.5 111.0 17.0 16.0
0 345.5 108.5 15.0 17.0
0 362.5 103.0 13.0 14.0
0 395.0 95.0 14.0 14.0
0 404.5 97.5 13.0 17.0
0 409.0 89.5 12.0 13.0
0 421.0 87.5 12.0 13.0
0 445.5 84.5 13.0 9.0
0 465.0 82.0 14.0 18.0
0 450.0 99.0 16.0 14.0
0 449.5 114.5 19.0 15.0
0 430.5 134.5 19.0 15.0
0 481.5 68.0 11.0 12.0
0 481.0 104.0 18.0 20.0
0 501.5 101.0 15.0 12.0
0 517.0 69.5 10.0 11.0
0 517.5 81.5 13.0 15.0
0 544.0 74.5 12.0 13.0
0 550.5 82.0 13.0 12.0
0 532.5 99.5 15.0 17.0
0 555.5 101.0 15.0 16.0
0 576.0 81.5 14.0 11.0
0 560.0 71.0 12.0 12.0
0 589.0 57.5 10.0 11.0
0 617.0 66.5 10.0 11.0
0 613.0 74.0 12.0 12.0
0 629.5 80.0 11.0 12.0
0 638.5 62.5 11.0 11.0
0 644.0 68.0 10.0 10.0
0 677.5 69.5 9.0 9.0
0 648.5 78.5 11.0 9.0
0 603.0 98.0 14.0 12.0
0 563.5 92.5 17.0 11.0
0 551.0 126.0 22.0 24.0
0 612.0 109.0 18.0 22.0
0 631.0 129.0 20.0 20.0
0 636.0 100.0 16.0 18.0
0 671.0 98.0 14.0 12.0
0 685.5 83.5 13.0 15.0
0 688.5 127.5 19.0 23.0
0 695.5 102.5 15.0 19.0
0 707.0 94.0 14.0 20.0
0 716.0 83.5 12.0 13.0
0 736.0 79.5 10.0 9.0
0 759.5 79.5 13.0 15.0
0 768.5 71.5 9.0 13.0
0 776.0 84.0 14.0 16.0
0 764.5 96.5 13.0 13.0
0 740.5 100.5 15.0 19.0
0 728.5 168.5 35.0 37.0
0 771.0 113.0 14.0 22.0
0 783.5 110.5 15.0 19.0
0 798.5 97.0 13.0 16.0
0 796.5 86.0 11.0 12.0
0 822.5 81.5 11.0 15.0
0 834.0 53.0 12.0 16.0
0 856.0 86.5 10.0 13.0
0 825.5 115.5 13.0 15.0
0 850.5 129.0 13.0 20.0
0 843.0 147.5 16.0 21.0
0 884.0 98.5 12.0 15.0
0 903.5 115.5 15.0 19.0
0 887.5 145.0 15.0 20.0
0 900.5 135.0 17.0 18.0
