0 365.0 137.5 18.0 21.0
0 364.0 151.5 24.0 17.0
0 431.0 157.5 22.0 23.0
0 451.0 137.5 18.0 21.0
0 472.5 141.5 19.0 23.0
0 522.5 141.0 23.0 26.0
0 536.5 116.0 21.0 22.0
0 555.5 88.0 17.0 16.0
0 586.0 128.5 22.0 31.0
0 627.0 115.0 26.0 28.0
0 669.0 93.0 18.0 20.0
0 636.5 150.5 27.0 33.0
0 712.5 126.0 25.0 30.0
0 777.5 117.5 19.0 17.0
0 682.5 154.0 23.0 26.0
0 730.5 161.0 21.0 24.0
0 780.5 182.5 21.0 33.0
0 819.0 186.0 32.0 42.0
0 895.5 150.5 25.0 31.0
0 902.5 131.5 21.0 23.0
0 919.5 195.0 25.0 36.0
0 955.5 142.5 19.0 21.0
0 980.0 151.5 18.0 31.0
0 985.0 212.5 22.0 35.0
0 999.5 172.5 21.0 31.0
0 999.5 149.0 25.0 24.0
0 821.0 159.0 32.0 24.0
0 929.5 175.0 29.0 36.0
