0 74.0 176.5 30.0 33.0
0 330.0 133.0 18.0 22.0
0 362.5 106.5 21.0 21.0
0 363.5 121.0 17.0 20.0
0 426.0 117.0 18.0 22.0
0 436.5 103.5 15.0 17.0
0 428.0 96.0 14.0 18.0
0 460.0 124.0 22.0 24.0
0 486.0 133.0 22.0 28.0
0 493.5 104.5 17.0 19.0
0 477.0 94.5 16.0 19.0
0 461.0 93.5 16.0 15.0
0 458.0 106.5 18.0 19.0
0 484.0 80.5 14.0 15.0
0 511.5 92.5 17.0 19.0
0 516.0 82.5 12.0 15.0
0 520.5 71.5 13.0 15.0
0 531.0 97.0 16.0 20.0
0 539.0 76.0 16.0 18.0
0 555.5 76.0 13.0 18.0
0 558.5 83.5 13.0 15.0
0 566.0 97.0 18.0 20.0
0 575.0 116.5 18.0 25.0
0 601.5 104.5 21.0 21.0
0 610.5 89.0 19.0 22.0
0 602.0 65.5 14.0 17.0
0 620.5 78.5 15.0 19.0
0 643.5 87.0 15.0 18.0
0 635.5 64.5 11.0 15.0
0 648.0 69.5 14.0 17.0
0 658.0 77.0 10.0 16.0
0 662.0 86.5 14.0 13.0
0 662.0 63.0 10.0 12.0
0 684.0 69.0 12.0 16.0
0 697.5 72.0 11.0 14.0
0 708.5 69.5 13.0 17.0
0 724.0 76.5 14.0 17.0
0 604.5 138.5 21.0 27.0
0 540.5 170.5 27.0 33.0
0 608.0 168.0 30.0 36.0
0 642.0 171.5 34.0 43.0
0 647.0 127.0 24.0 26.0
0 649.5 143.5 25.0 27.0
0 687.0 126.5 26.0 27.0
0 679.5 108.0 21.0 24.0
0 682.5 160.5 25.0 27.0
0 693.0 191.0 36.0 40.0
0 754.5 195.0 37.0 38.0
0 827.0 178.0 30.0 38.0
0 856.0 199.5 34.0 37.0
0 879.0 177.0 30.0 34.0
0 913.5 227.5 29.0 43.0
0 931.0 188.0 24.0 36.0
0 881.5 138.5 23.0 25.0
0 907.5 139.5 21.0 29.0
0 962.0 167.5 26.0 25.0
0 959.5 140.0 19.0 22.0
0 967.5 121.5 15.0 21.0
0 965.0 102.5 14.0 21.0
0 917.0 116.0 16.0 22.0
0 927.0 95.0 16.0 20.0
0 889.5 109.5 17.0 17.0
0 874.5 118.5 15.0 15.0
0 852.0 108.5 22.0 25.0
0 866.5 92.5 19.0 23.0
0 832.5 120.0 21.0 24.0
0 793.0 132.0 28.0 26.0
0 737.5 131.0 27.0 26.0
0 723.0 118.5 20.0 25.0
0 717.5 104.5 17.0 19.0
0 737.5 100.5 17.0 13.0
0 768.0 78.5 14.0 21.0
0 776.5 93.5 17.0 21.0
0 758.5 108.0 21.0 24.0
0 798.5 110.0 21.0 22.0
0 818.5 98.0 15.0 20.0
0 803.0 83.5 14.0 19.0
0 783.0 79.0 14.0 16.0
0 830.5 154.5 27.0 29.0
