0 88.5 162.0 25.0 28.0
0 285.0 133.5 20.0 15.0
0 303.5 133.0 17.0 20.0
0 338.5 110.0 15.0 16.0
0 361.5 112.5 17.0 17.0
0 365.0 133.0 20.0 22.0
0 387.5 137.0 15.0 18.0
0 420.0 140.0 20.0 20.0
0 384.0 117.0 12.0 12.0
0 392.0 99.5 14.0 15.0
0 413.0 99.5 18.0 15.0
0 430.0 102.0 14.0 14.0
0 433.0 120.0 16.0 16.0
0 469.5 125.5 19.0 19.0
0 456.0 147.0 24.0 18.0
0 452.0 95.0 18.0 14.0
0 401.5 122.0 19.0 14.0
0 513.5 106.5 15.0 17.0
0 537.0 104.5 16.0 21.0
0 509.0 90.0 14.0 12.0
0 496.0 89.0 12.0 14.0
0 512.5 75.5 9.0 13.0
0 531.0 80.5 14.0 13.0
0 559.0 73.0 10.0 16.0
0 551.0 93.5 12.0 17.0
0 571.5 109.0 11.0 18.0
0 581.5 93.0 11.0 14.0
0 587.0 79.5 10.0 9.0
0 607.5 133.5 21.0 19.0
0 652.0 144.0 20.0 20.0
0 637.0 122.5 24.0 21.0
0 619.0 95.5 12.0 17.0
0 656.5 91.5 13.0 13.0
0 684.0 106.0 14.0 18.0
0 637.5 82.0 11.0 16.0
0 654.0 71.0 16.0 14.0
0 677.0 72.0 12.0 12.0
0 694.0 79.0 12.0 14.0
0 722.5 69.5 11.0 13.0
0 701.5 65.0 9.0 8.0
0 695.0 128.0 16.0 14.0
0 704.0 149.5 18.0 23.0
0 709.5 181.5 27.0 33.0
0 762.5 222.0 25.0 34.0
0 809.0 171.0 16.0 28.0
0 784.5 143.0 17.0 28.0
0 749.0 138.0 20.0 24.0
0 732.0 109.5 16.0 19.0
0 752.0 102.0 12.0 18.0
0 771.0 115.5 16.0 21.0
0 750.5 86.5 13.0 13.0
0 716.5 106.0 15.0 12.0
0 776.0 80.5 12.0 17.0
0 627.0 75.0 10.0 14.0
0 794.5 77.5 9.0 13.0
0 803.5 87.0 9.0 14.0
0 820.0 82.5 12.0 17.0
0 810.5 100.0 13.0 14.0
0 850.0 82.0 12.0 14.0
0 872.0 92.0 12.0 14.0
0 892.0 98.0 14.0 16.0
0 848.5 104.5 13.0 13.0
0 834.5 120.0 13.0 12.0
0 804.5 136.5 19.0 19.0
0 839.5 155.5 17.0 23.0
0 859.5 132.0 13.0 24.0
0 907.0 136.5 18.0 21.0
0 918.5 109.0 15.0 16.0
0 955.5 124.5 13.0 15.0
0 972.5 116.0 13.0 16.0
0 940.5 151.5 19.0 19.0
0 933.5 192.0 25.0 28.0
0 884.0 111.5 14.0 17.0
0 873.5 130.5 11.0 19.0
0 931.5 90.0 11.0 18.0
