0 182.5 303.5 45.0 43.0
0 297.5 149.0 17.0 20.0
0 290.5 170.0 19.0 18.0
0 346.5 134.5 17.0 19.0
0 351.5 147.5 15.0 19.0
0 359.5 138.5 15.0 17.0
0 386.5 152.5 23.0 23.0
0 346.5 171.0 23.0 20.0
0 384.5 139.0 17.0 20.0
0 411.5 117.5 15.0 21.0
0 424.0 136.0 20.0 22.0
0 421.0 161.5 18.0 27.0
0 434.5 164.0 23.0 28.0
0 437.5 114.0 15.0 18.0
0 452.0 118.0 14.0 22.0
0 478.0 109.0 16.0 16.0
0 482.5 114.5 15.0 19.0
0 481.5 143.0 23.0 26.0
0 516.0 145.5 26.0 27.0
0 494.0 94.0 12.0 14.0
0 517.0 89.0 14.0 16.0
0 516.5 121.0 17.0 18.0
0 534.5 112.5 19.0 21.0
0 532.0 129.5 22.0 21.0
0 553.0 131.5 24.0 23.0
0 572.0 108.5 22.0 25.0
0 603.5 80.0 15.0 18.0
0 598.0 96.0 18.0 20.0
0 617.5 109.5 19.0 27.0
0 640.5 91.5 15.0 15.0
0 626.0 85.0 14.0 18.0
0 677.0 80.5 12.0 17.0
0 712.5 80.5 13.0 17.0
0 689.5 91.5 17.0 17.0
0 660.5 95.0 13.0 18.0
0 664.5 125.5 21.0 25.0
0 623.5 140.0 25.0 26.0
0 558.0 182.5 28.0 31.0
0 629.0 182.0 28.0 32.0
0 669.5 149.5 23.0 29.0
0 684.0 191.0 30.0 34.0
0 710.5 128.0 21.0 24.0
0 734.0 130.5 18.0 25.0
0 744.0 94.0 16.0 18.0
0 756.5 88.5 15.0 19.0
0 780.0 83.5 14.0 17.0
0 782.5 103.5 17.0 21.0
0 778.0 125.5 18.0 27.0
0 756.0 138.5 22.0 29.0
0 721.5 151.5 21.0 29.0
0 766.5 167.0 29.0 32.0
0 816.0 83.0 14.0 16.0
0 821.5 99.0 15.0 22.0
0 839.0 95.5 14.0 19.0
0 859.0 102.5 18.0 21.0
0 887.0 96.5 14.0 17.0
0 904.0 106.5 16.0 21.0
0 903.5 124.5 15.0 23.0
0 957.0 101.0 12.0 18.0
0 946.5 107.5 13.0 19.0
0 944.0 121.5 18.0 21.0
0 978.5 141.0 21.0 30.0
0 987.0 160.0 22.0 32.0
0 919.0 157.5 20.0 29.0
0 885.0 139.5 20.0 25.0
0 904.5 195.0 25.0 34.0
0 825.5 126.5 19.0 29.0
0 811.5 144.5 23.0 33.0
0 839.5 158.5 23.0 33.0
