0 195.0 216.0 52.0 40.0
0 328.0 125.5 16.0 19.0
0 347.0 135.0 16.0 16.0
0 368.5 135.5 15.0 17.0
0 384.5 152.5 13.0 23.0
0 434.5 144.0 19.0 22.0
0 390.0 120.0 20.0 20.0
0 413.0 119.0 14.0 24.0
0 341.5 109.0 17.0 14.0
0 358.5 120.5 13.0 13.0
0 434.0 101.5 12.0 15.0
0 440.0 89.0 10.0 12.0
0 464.5 100.5 15.0 17.0
0 442.5 120.5 15.0 19.0
0 467.0 133.5 14.0 21.0
0 500.5 139.5 21.0 21.0
0 528.0 109.0 16.0 20.0
0 499.0 113.5 14.0 15.0
0 483.5 86.0 9.0 14.0
0 513.5 85.0 13.0 10.0
0 532.0 90.5 14.0 17.0
0 535.0 74.5 12.0 11.0
0 553.5 77.0 13.0 12.0
0 546.0 102.5 10.0 15.0
0 575.0 96.5 14.0 11.0
0 590.0 89.5 12.0 13.0
0 568.0 79.0 10.0 12.0
0 604.5 74.5 11.0 11.0
0 613.0 69.5 10.0 11.0
0 628.0 79.5 12.0 17.0
0 643.0 69.0 12.0 14.0
0 655.5 77.5 11.0 15.0
0 667.0 72.0 10.0 12.0
0 652.5 94.5 13.0 15.0
0 516.5 167.0 23.0 28.0
0 566.5 172.5 19.0 27.0
0 627.5 197.5 25.0 29.0
0 599.5 146.0 19.0 24.0
0 571.5 114.0 15.0 18.0
0 611.0 103.0 18.0 16.0
0 696.5 106.5 15.0 21.0
0 695.5 62.0 7.0 12.0
0 718.5 72.5 13.0 13.0
0 727.0 65.5 10.0 15.0
0 755.5 67.0 13.0 12.0
0 770.0 89.0 10.0 18.0
0 783.0 81.5 12.0 17.0
0 658.5 141.5 17.0 27.0
0 715.0 158.5 20.0 21.0
0 723.0 183.0 22.0 28.0
0 765.5 169.5 17.0 29.0
0 775.0 233.5 30.0 37.0
0 848.0 242.0 26.0 38.0
0 934.0 255.0 34.0 42.0
0 952.5 208.0 19.0 28.0
0 880.0 188.0 22.0 36.0
0 823.0 183.5 24.0 27.0
0 791.5 158.5 15.0 27.0
0 758.0 138.0 18.0 22.0
0 751.5 112.0 15.0 16.0
0 733.5 95.5 17.0 15.0
0 781.5 106.5 7.0 19.0
0 795.0 111.0 12.0 20.0
0 832.5 92.5 11.0 17.0
0 851.0 95.0 12.0 18.0
0 843.0 146.0 20.0 22.0
0 847.0 123.0 14.0 14.0
0 913.0 153.5 16.0 27.0
0 929.0 138.5 18.0 23.0
0 968.0 130.5 14.0 21.0
0 967.5 170.0 17.0 28.0
0 815.0 87.0 14.0 18.0
