0 229.5 299.0 41.0 48.0
0 420.0 166.5 20.0 23.0
0 393.5 113.5 15.0 15.0
0 429.5 134.5 19.0 19.0
0 490.5 135.5 19.0 23.0
0 444.0 99.5 14.0 17.0
0 524.0 84.0 12.0 16.0
0 552.0 77.5 12.0 17.0
0 583.0 76.5 16.0 15.0
0 605.0 81.5 12.0 17.0
0 603.5 112.0 17.0 22.0
0 627.5 75.5 13.0 15.0
0 514.0 207.0 30.0 26.0
0 571.0 201.0 24.0 26.0
0 662.0 159.5 22.0 27.0
0 702.0 135.5 26.0 27.0
0 735.5 186.0 33.0 36.0
0 755.0 156.5 28.0 37.0
0 826.5 172.5 27.0 37.0
0 880.5 194.5 29.0 37.0
0 970.0 183.0 26.0 34.0
0 901.5 73.0 15.0 16.0
0 996.0 95.5 14.0 19.0
0 967.0 91.0 12.0 14.0
0 949.5 86.5 13.0 15.0
