0 114.0 340.0 58.0 68.0
0 269.0 159.5 20.0 25.0
0 291.0 162.5 18.0 19.0
0 320.5 155.0 19.0 22.0
0 328.5 139.5 17.0 19.0
0 353.5 137.0 19.0 24.0
0 375.0 135.0 18.0 22.0
0 352.0 169.0 20.0 20.0
0 392.5 165.5 21.0 23.0
0 377.0 160.0 18.0 22.0
0 422.0 168.0 22.0 28.0
0 406.0 137.5 22.0 21.0
0 406.0 107.5 14.0 21.0
0 414.5 112.5 15.0 19.0
0 446.5 117.5 17.0 25.0
0 465.5 144.0 23.0 26.0
0 505.0 137.5 22.0 27.0
0 477.0 118.0 18.0 20.0
0 470.5 102.5 17.0 15.0
0 481.0 96.0 14.0 14.0
0 509.5 98.5 15.0 17.0
0 517.0 120.0 20.0 24.0
0 511.5 84.5 15.0 17.0
0 559.0 127.5 24.0 27.0
0 569.0 104.5 20.0 23.0
0 593.5 144.0 27.0 34.0
0 532.0 186.0 32.0 42.0
0 594.5 76.5 15.0 21.0
0 598.5 88.5 15.0 17.0
0 612.5 102.0 17.0 20.0
0 635.5 88.0 15.0 20.0
0 633.5 71.5 15.0 19.0
0 659.0 85.5 16.0 17.0
0 661.5 72.5 13.0 17.0
0 676.5 82.0 15.0 20.0
0 719.5 72.0 17.0 20.0
0 662.5 123.0 21.0 24.0
0 619.0 173.5 30.0 35.0
0 661.5 180.0 29.0 36.0
0 654.0 155.0 22.0 28.0
0 718.0 163.5 28.0 35.0
0 764.5 167.5 27.0 35.0
0 715.5 131.5 27.0 29.0
0 749.0 132.5 20.0 27.0
0 730.0 96.5 18.0 21.0
0 753.5 109.5 19.0 21.0
0 778.5 124.0 23.0 30.0
0 771.0 103.0 20.0 20.0
0 768.0 81.5 18.0 25.0
0 804.0 74.0 18.0 18.0
0 819.5 78.5 15.0 19.0
0 823.0 94.5 16.0 21.0
0 807.0 88.0 16.0 16.0
0 827.5 123.5 21.0 29.0
0 809.0 142.0 22.0 32.0
0 829.0 163.0 30.0 36.0
0 907.5 176.5 27.0 39.0
0 891.0 134.0 20.0 28.0
0 853.5 98.0 17.0 24.0
0 840.5 88.5 15.0 21.0
0 886.5 93.0 19.0 22.0
0 913.0 95.5 16.0 21.0
0 953.5 101.0 21.0 24.0
0 903.0 118.5 18.0 23.0
0 944.5 120.5 19.0 25.0
0 970.5 144.0 19.0 28.0
0 996.5 155.0 25.0 28.0
