0 223.5 208.5 43.0 49.0
0 322.5 118.0 21.0 18.0
0 350.5 110.0 15.0 20.0
0 374.5 105.5 17.0 19.0
0 411.0 97.0 12.0 16.0
0 425.5 96.5 13.0 21.0
0 438.5 88.5 13.0 17.0
0 459.0 94.5 16.0 13.0
0 473.0 89.0 14.0 18.0
0 470.5 115.5 19.0 19.0
0 505.5 103.5 19.0 17.0
0 494.0 77.5 12.0 13.0
0 526.5 71.5 13.0 17.0
0 525.0 91.5 18.0 15.0
0 534.5 121.5 17.0 19.0
0 598.0 134.0 24.0 24.0
0 628.5 120.0 15.0 20.0
0 666.5 127.0 21.0 20.0
0 727.5 129.5 21.0 19.0
0 875.0 155.0 26.0 26.0
0 878.5 130.5 15.0 23.0
0 927.0 144.5 22.0 19.0
0 936.5 127.5 17.0 21.0
0 944.5 99.0 19.0 20.0
0 910.0 97.0 16.0 18.0
0 883.0 88.0 14.0 18.0
0 854.0 83.5 12.0 13.0
0 858.5 110.5 17.0 25.0
0 823.5 78.5 17.0 19.0
0 794.0 76.5 14.0 15.0
0 808.0 92.0 14.0 18.0
0 825.5 104.5 17.0 19.0
0 798.5 115.0 15.0 20.0
0 776.0 85.5 14.0 17.0
0 762.5 79.5 15.0 17.0
0 745.5 84.5 15.0 21.0
0 737.0 101.5 18.0 17.0
0 704.5 68.5 15.0 11.0
0 720.5 82.0 15.0 16.0
0 543.0 106.5 16.0 15.0
0 578.5 104.5 15.0 15.0
0 606.0 94.0 12.0 16.0
0 594.0 77.0 14.0 14.0
0 621.5 61.5 11.0 13.0
0 625.5 74.5 15.0 13.0
0 657.0 106.5 18.0 15.0
0 718.0 103.5 14.0 17.0
0 703.0 97.0 16.0 20.0
0 674.0 61.0 10.0 14.0
0 664.0 81.0 16.0 18.0
0 579.5 69.5 17.0 15.0
0 426.5 84.5 13.0 17.0
0 468.0 77.0 14.0 14.0
0 498.5 91.0 13.0 16.0
0 574.0 84.0 14.0 16.0
0 592.0 92.0 14.0 18.0
0 539.0 84.0 16.0 16.0
0 789.5 105.0 15.0 20.0
0 810.0 114.0 14.0 20.0
0 783.5 98.0 13.0 16.0
0 895.5 116.5 15.0 21.0
