0 145.5 357.5 55.0 73.0
0 272.0 250.5 24.0 23.0
0 315.5 257.0 31.0 30.0
0 358.5 262.0 31.0 32.0
0 354.0 212.5 18.0 27.0
0 418.5 245.0 29.0 34.0
0 434.5 230.0 19.0 24.0
0 442.5 207.0 19.0 22.0
0 474.0 237.0 20.0 24.0
0 513.5 236.5 23.0 27.0
0 550.0 241.5 24.0 33.0
0 541.5 215.5 23.0 25.0
0 501.0 208.0 18.0 22.0
0 485.0 179.5 18.0 21.0
0 510.5 181.5 19.0 21.0
0 552.0 183.0 16.0 20.0
0 563.0 175.5 14.0 21.0
0 581.0 188.0 20.0 22.0
0 576.0 219.5 22.0 29.0
0 622.5 218.0 21.0 26.0
0 637.5 207.0 21.0 26.0
0 609.0 187.5 18.0 23.0
0 580.0 167.5 18.0 15.0
0 635.0 179.0 16.0 20.0
0 667.5 175.5 17.0 21.0
0 682.5 191.0 21.0 28.0
0 706.0 180.5 20.0 25.0
0 676.0 159.5 18.0 21.0
0 705.0 153.0 18.0 18.0
0 715.0 166.5 18.0 21.0
0 735.5 174.0 15.0 22.0
0 736.5 157.5 15.0 19.0
0 751.5 143.5 15.0 21.0
0 772.0 148.0 16.0 20.0
0 783.0 161.5 16.0 25.0
0 774.5 181.0 19.0 24.0
0 814.0 153.5 16.0 19.0
0 828.5 162.0 17.0 22.0
0 840.5 159.5 15.0 23.0
0 619.0 267.0 34.0 40.0
0 673.5 284.0 37.0 36.0
0 658.0 262.5 28.0 35.0
0 734.5 227.5 29.0 37.0
0 756.0 301.0 42.0 46.0
0 749.0 267.0 36.0 38.0
0 819.0 309.0 42.0 48.0
0 805.5 260.0 35.0 42.0
0 793.0 234.0 28.0 32.0
0 775.5 207.5 23.0 27.0
0 829.5 188.5 19.0 23.0
0 847.5 254.0 29.0 30.0
0 880.0 333.0 44.0 58.0
0 900.0 277.0 34.0 42.0
0 953.0 311.0 38.0 40.0
0 1007.0 350.0 40.0 46.0
0 1031.5 309.0 37.0 40.0
0 1053.5 290.5 33.0 33.0
0 1114.0 326.5 40.0 41.0
0 1107.0 274.5 26.0 37.0
0 1068.5 263.0 29.0 32.0
0 1085.5 225.5 23.0 31.0
0 1118.0 244.5 22.0 31.0
0 1131.0 232.5 20.0 31.0
0 1146.5 219.0 15.0 22.0
0 1137.5 195.5 17.0 23.0
0 1098.5 204.0 17.0 26.0
0 1067.5 183.0 17.0 22.0
0 1053.0 185.5 20.0 25.0
0 1056.5 200.0 19.0 24.0
0 1041.5 214.5 21.0 27.0
0 1010.5 245.5 29.0 31.0
0 963.0 264.0 32.0 42.0
0 995.5 211.0 25.0 30.0
0 1002.0 190.0 22.0 22.0
0 1025.5 187.0 19.0 26.0
0 991.5 171.0 17.0 22.0
0 957.0 173.0 20.0 20.0
0 940.5 203.0 23.0 28.0
0 943.0 183.5 22.0 25.0
0 902.5 188.0 19.0 26.0
0 910.5 172.0 17.0 22.0
0 920.0 161.5 18.0 21.0
0 865.0 173.5 18.0 23.0
0 887.5 203.0 19.0 30.0
0 842.5 229.0 29.0 24.0
