0 220.5 341.5 47.0 49.0
0 422.0 157.0 22.0 26.0
0 450.0 155.5 22.0 21.0
0 457.0 185.0 28.0 30.0
0 485.0 190.0 28.0 32.0
0 510.5 142.0 23.0 24.0
0 588.0 174.5 30.0 29.0
0 569.5 150.5 23.0 25.0
0 552.5 117.5 19.0 21.0
0 568.0 116.0 18.0 22.0
0 579.0 98.0 16.0 16.0
0 612.5 139.0 25.0 30.0
0 632.5 99.0 17.0 20.0
0 657.0 87.0 18.0 18.0
0 653.5 112.5 17.0 25.0
0 693.5 113.0 19.0 22.0
0 699.5 95.5 19.0 21.0
0 685.0 91.0 18.0 24.0
0 714.5 85.5 19.0 21.0
0 737.0 88.0 16.0 18.0
0 746.0 76.5 12.0 13.0
0 777.0 101.5 18.0 25.0
0 825.5 86.5 17.0 23.0
0 736.0 112.0 26.0 24.0
0 704.0 171.0 30.0 36.0
0 769.0 180.5 28.0 35.0
0 767.0 148.0 26.0 32.0
0 824.5 161.0 25.0 32.0
0 829.5 196.5 31.0 41.0
0 876.5 121.0 25.0 30.0
0 905.5 163.0 29.0 36.0
0 921.0 123.0 26.0 36.0
0 907.0 109.0 22.0 22.0
0 959.0 117.5 22.0 29.0
0 980.0 149.5 24.0 35.0
0 1010.5 122.0 27.0 28.0
0 1038.5 150.5 29.0 35.0
0 1058.0 130.5 24.0 29.0
0 1072.5 115.5 23.0 23.0
0 1124.5 129.5 19.0 31.0
0 1097.5 159.5 25.0 35.0
0 1155.0 173.0 26.0 38.0
0 1139.0 243.0 30.0 46.0
0 1143.0 207.0 24.0 32.0
0 1054.5 219.0 33.0 50.0
0 1011.0 272.5 46.0 59.0
0 994.0 204.0 32.0 44.0
0 1103.0 283.5 50.0 59.0
