0 66.0 238.0 32.0 44.0
0 276.0 168.0 20.0 18.0
0 337.5 132.5 19.0 23.0
0 323.5 155.5 27.0 29.0
0 370.5 126.0 19.0 22.0
0 398.0 130.0 20.0 24.0
0 410.5 118.0 21.0 22.0
0 447.0 102.5 22.0 21.0
0 482.0 84.5 14.0 23.0
0 504.0 86.5 22.0 25.0
0 376.5 158.5 23.0 21.0
0 415.5 182.5 21.0 29.0
0 442.5 136.5 19.0 23.0
0 475.5 117.5 29.0 23.0
0 487.0 136.0 22.0 28.0
0 506.0 110.5 26.0 23.0
0 544.5 101.0 23.0 20.0
0 573.0 80.0 20.0 20.0
0 525.5 128.5 23.0 21.0
0 578.0 115.5 18.0 27.0
0 598.0 95.0 18.0 22.0
0 597.0 71.5 16.0 23.0
0 628.0 76.0 18.0 24.0
0 633.5 59.5 15.0 21.0
0 662.0 68.5 24.0 27.0
0 690.0 58.0 20.0 18.0
0 700.0 71.0 24.0 24.0
0 668.5 85.0 21.0 22.0
0 651.5 127.0 23.0 26.0
0 600.0 140.5 28.0 29.0
0 529.5 172.0 27.0 32.0
0 568.5 182.5 29.0 35.0
0 647.0 195.0 38.0 36.0
0 717.0 207.5 34.0 37.0
0 704.5 156.5 21.0 25.0
0 704.5 119.0 33.0 30.0
0 721.0 68.5 22.0 21.0
0 736.0 64.0 20.0 22.0
0 737.0 103.5 36.0 35.0
0 753.5 76.0 25.0 30.0
0 748.5 134.5 33.0 37.0
0 755.5 169.0 27.0 30.0
0 837.5 170.5 29.0 39.0
0 790.0 107.5 26.0 29.0
0 781.5 76.5 19.0 23.0
0 794.0 82.0 18.0 20.0
0 800.0 92.5 22.0 23.0
0 797.0 61.0 12.0 16.0
0 830.0 70.5 12.0 19.0
0 822.0 80.5 20.0 31.0
0 853.0 76.5 16.0 25.0
0 874.5 91.0 21.0 22.0
0 847.0 104.5 18.0 25.0
0 863.0 143.5 20.0 29.0
0 820.0 138.0 28.0 32.0
0 893.5 80.5 19.0 21.0
0 910.5 86.5 17.0 23.0
0 925.0 77.0 16.0 18.0
0 958.5 75.5 15.0 21.0
0 978.0 93.0 16.0 20.0
0 998.5 95.0 21.0 18.0
0 920.0 112.5 22.0 21.0
0 940.0 102.0 24.0 30.0
0 963.0 96.5 24.0 19.0
0 956.0 114.5 26.0 25.0
0 979.0 115.5 14.0 19.0
0 931.0 131.5 20.0 23.0
0 985.5 164.5 25.0 29.0
0 924.5 88.5 19.0 19.0
0 653.5 164.5 35.0 31.0
0 700.5 101.5 21.0 19.0
0 519.0 79.5 18.0 17.0
0 618.0 89.0 18.0 24.0
