0 70.0 167.5 26.0 31.0
0 312.5 124.0 19.0 20.0
0 331.0 132.5 20.0 25.0
0 347.0 143.5 22.0 23.0
0 378.5 143.0 25.0 24.0
0 351.0 120.5 18.0 19.0
0 356.0 107.0 18.0 18.0
0 386.0 111.0 22.0 22.0
0 420.5 111.5 23.0 25.0
0 428.5 132.0 21.0 24.0
0 469.0 119.5 20.0 23.0
0 505.0 123.0 20.0 26.0
0 478.5 92.5 15.0 17.0
0 474.5 104.5 17.0 15.0
0 455.5 99.5 23.0 19.0
0 423.5 81.5 17.0 19.0
0 464.5 84.0 13.0 14.0
0 475.5 76.5 13.0 13.0
0 499.0 80.0 12.0 18.0
0 511.0 87.5 14.0 17.0
0 515.5 77.0 15.0 16.0
0 519.0 69.0 12.0 12.0
0 527.0 73.5 12.0 15.0
0 527.0 97.0 16.0 22.0
0 537.5 105.0 19.0 20.0
0 551.0 94.0 16.0 20.0
0 566.0 105.5 18.0 25.0
0 584.0 100.5 16.0 21.0
0 593.0 89.0 14.0 18.0
0 563.5 74.5 15.0 17.0
0 573.0 70.5 14.0 23.0
0 591.5 68.0 15.0 20.0
0 600.0 74.5 14.0 17.0
0 619.0 89.5 16.0 17.0
0 624.0 76.0 16.0 20.0
0 619.0 67.0 12.0 16.0
0 639.5 64.0 15.0 18.0
0 649.0 59.5 12.0 15.0
0 658.5 71.0 15.0 18.0
0 672.5 76.0 13.0 22.0
0 681.5 73.0 13.0 16.0
0 686.0 62.0 16.0 16.0
0 711.0 61.5 16.0 15.0
0 489.0 165.5 28.0 39.0
0 539.5 166.5 33.0 37.0
0 589.5 134.5 23.0 27.0
0 614.5 176.5 35.0 43.0
0 633.0 139.5 24.0 31.0
0 631.5 121.5 25.0 23.0
0 661.5 108.0 23.0 24.0
0 688.0 147.5 30.0 35.0
0 712.5 138.0 25.0 30.0
0 720.0 184.0 38.0 40.0
0 751.0 213.0 40.0 44.0
0 726.0 162.0 30.0 24.0
0 772.0 142.5 28.0 29.0
0 822.0 221.5 30.0 43.0
0 909.0 254.5 42.0 47.0
0 795.5 167.0 27.0 36.0
0 834.5 176.5 27.0 35.0
0 799.5 134.5 23.0 25.0
0 761.0 108.5 18.0 21.0
0 794.5 90.0 17.0 20.0
0 785.0 80.0 16.0 20.0
0 748.0 80.0 12.0 16.0
0 750.0 99.5 14.0 19.0
0 730.0 85.0 12.0 20.0
0 719.0 102.0 18.0 24.0
0 697.5 91.0 17.0 20.0
0 825.0 144.5 20.0 31.0
0 866.0 147.0 24.0 26.0
0 877.5 126.5 21.0 29.0
0 917.5 189.5 23.0 35.0
0 924.5 162.0 21.0 28.0
0 933.0 125.0 18.0 24.0
