0 159.0 390.0 50.0 56.0
0 277.5 245.0 25.0 26.0
0 311.0 264.5 24.0 33.0
0 350.0 263.0 24.0 30.0
0 346.0 226.5 20.0 23.0
0 410.5 257.5 23.0 31.0
0 429.0 238.0 18.0 26.0
0 427.5 216.5 19.0 25.0
0 467.0 240.0 20.0 28.0
0 497.0 238.0 24.0 30.0
0 496.0 216.0 22.0 18.0
0 475.0 192.0 22.0 24.0
0 490.0 201.5 20.0 21.0
0 519.5 186.0 17.0 20.0
0 543.0 189.5 18.0 23.0
0 565.5 174.0 17.0 20.0
0 573.0 170.0 16.0 20.0
0 517.5 209.5 19.0 19.0
0 565.0 228.5 28.0 27.0
0 611.0 234.5 28.0 27.0
0 547.5 251.5 23.0 25.0
0 568.5 306.0 37.0 38.0
0 656.0 263.0 34.0 34.0
0 616.5 191.5 21.0 21.0
0 628.0 174.0 14.0 20.0
0 635.0 185.0 20.0 22.0
0 637.0 200.5 24.0 27.0
0 669.0 204.0 22.0 26.0
0 676.5 163.0 17.0 20.0
0 675.5 178.0 19.0 20.0
0 697.0 182.0 20.0 24.0
0 691.5 161.0 13.0 16.0
0 702.5 167.5 17.0 19.0
0 742.5 153.5 19.0 19.0
0 767.0 153.0 16.0 20.0
0 730.5 168.0 19.0 16.0
0 728.0 181.0 16.0 20.0
0 778.0 163.0 18.0 20.0
0 768.0 184.0 20.0 22.0
0 810.0 156.0 16.0 20.0
0 822.5 166.0 17.0 20.0
0 830.5 159.0 15.0 20.0
0 816.5 198.0 21.0 22.0
0 773.5 218.5 23.0 25.0
0 733.0 235.5 28.0 31.0
0 756.5 265.0 27.0 32.0
0 798.0 267.0 32.0 42.0
0 787.0 246.5 22.0 27.0
0 829.0 227.5 22.0 31.0
0 842.0 268.0 26.0 38.0
0 876.5 289.5 35.0 39.0
0 712.5 321.5 41.0 53.0
0 770.0 331.5 44.0 51.0
0 650.0 305.5 42.0 37.0
0 860.0 181.5 18.0 23.0
0 895.0 173.0 14.0 20.0
0 909.5 169.0 15.0 24.0
0 898.0 186.0 16.0 24.0
0 929.5 184.0 13.0 16.0
0 935.0 191.5 16.0 17.0
0 945.0 202.5 20.0 29.0
0 855.5 214.5 25.0 27.0
0 955.5 174.0 15.0 20.0
0 984.5 176.0 19.0 20.0
0 994.5 216.0 17.0 24.0
0 1025.0 185.0 18.0 18.0
0 1039.0 198.0 18.0 28.0
0 1056.5 188.0 17.0 24.0
0 1084.5 196.5 17.0 21.0
0 1142.0 202.5 14.0 19.0
0 1141.5 218.0 15.0 18.0
0 1118.0 235.0 18.0 32.0
0 1145.0 257.5 24.0 37.0
0 1087.0 230.5 18.0 27.0
0 1038.0 234.0 24.0 28.0
0 1063.0 241.5 20.0 37.0
0 1044.5 278.5 31.0 45.0
0 1001.5 245.0 23.0 40.0
0 988.5 257.0 23.0 36.0
0 1111.5 331.0 37.0 54.0
0 1025.0 332.0 34.0 44.0
0 1005.5 355.0 39.0 50.0
0 948.0 306.0 32.0 44.0
0 850.0 387.0 46.0 54.0
