0 83.5 334.0 49.0 52.0
0 284.0 233.5 28.0 29.0
0 345.0 216.5 26.0 29.0
0 312.5 253.0 33.0 32.0
0 355.0 250.5 24.0 29.0
0 425.0 208.0 24.0 28.0
0 407.5 242.5 23.0 29.0
0 472.0 183.5 20.0 27.0
0 493.0 195.0 28.0 28.0
0 463.5 233.5 27.0 25.0
0 498.0 237.5 22.0 27.0
0 516.5 180.0 19.0 22.0
0 545.5 181.0 15.0 22.0
0 560.0 175.5 22.0 29.0
0 573.5 164.5 25.0 27.0
0 623.5 170.5 15.0 17.0
0 613.0 184.0 20.0 20.0
0 628.5 187.5 19.0 23.0
0 639.5 173.0 13.0 14.0
0 665.0 170.0 16.0 16.0
0 678.5 155.0 13.0 16.0
0 695.5 145.5 15.0 17.0
0 544.0 238.0 26.0 26.0
0 567.5 223.0 25.0 22.0
0 613.0 222.0 24.0 26.0
0 697.5 192.5 17.0 21.0
0 710.5 176.5 29.0 21.0
0 734.5 177.5 31.0 21.0
0 731.5 156.0 23.0 28.0
0 741.5 141.5 21.0 21.0
0 759.5 152.5 21.0 21.0
0 776.5 153.5 19.0 21.0
0 562.0 286.0 30.0 38.0
0 642.0 257.0 26.0 36.0
0 656.0 283.0 30.0 38.0
0 723.0 233.5 26.0 31.0
0 717.5 276.0 45.0 36.0
0 714.5 314.0 39.0 46.0
0 804.5 150.5 23.0 21.0
0 818.5 153.5 21.0 21.0
0 776.5 180.0 25.0 28.0
0 812.0 190.5 22.0 29.0
0 774.5 213.5 33.0 27.0
0 783.0 243.5 24.0 33.0
0 795.5 259.5 31.0 39.0
0 848.0 151.0 22.0 18.0
0 852.0 173.0 22.0 24.0
0 838.5 209.5 29.0 27.0
0 835.0 253.0 26.0 38.0
0 777.0 334.0 50.0 46.0
0 878.0 284.5 38.0 39.0
0 865.5 358.5 45.0 55.0
0 878.5 197.0 17.0 24.0
0 893.5 174.0 21.0 22.0
0 904.0 176.5 24.0 29.0
0 927.0 162.5 20.0 19.0
0 928.0 184.5 16.0 19.0
0 941.5 197.0 15.0 20.0
0 950.0 168.5 16.0 15.0
0 971.0 169.5 18.0 19.0
0 982.0 184.5 22.0 31.0
0 992.0 209.5 20.0 25.0
0 986.5 250.5 25.0 33.0
0 927.0 299.0 40.0 40.0
0 1004.5 355.5 31.0 47.0
0 1034.5 327.0 33.0 46.0
0 1024.0 176.5 18.0 21.0
0 1009.5 228.5 21.0 25.0
0 1018.0 215.0 20.0 26.0
0 1047.0 186.0 18.0 18.0
0 1063.0 179.0 14.0 18.0
0 1087.0 192.5 16.0 19.0
0 1066.0 242.0 26.0 36.0
0 1046.0 254.5 26.0 37.0
0 1107.5 319.5 37.0 41.0
0 1103.5 223.5 19.0 25.0
0 1127.5 214.0 23.0 32.0
0 1138.0 193.5 12.0 17.0
0 1139.0 251.0 22.0 36.0
0 1035.0 193.0 14.0 26.0
0 1080.5 217.5 23.0 35.0
0 491.0 212.0 22.0 26.0
0 430.0 224.0 20.0 22.0
