0 132.0 185.5 36.0 37.0
0 198.0 104.5 12.0 15.0
0 213.0 103.5 14.0 15.0
0 211.0 122.0 16.0 16.0
0 259.0 109.5 14.0 17.0
0 274.0 97.5 14.0 13.0
0 276.0 117.5 16.0 15.0
0 317.5 106.5 17.0 17.0
0 343.5 97.5 17.0 17.0
0 329.0 78.0 12.0 14.0
0 323.0 70.5 12.0 13.0
0 305.0 78.0 10.0 12.0
0 298.5 74.5 13.0 13.0
0 273.5 79.0 11.0 10.0
0 342.0 68.5 10.0 13.0
0 341.0 60.0 8.0 10.0
0 349.5 77.0 13.0 16.0
0 359.0 84.0 14.0 14.0
0 379.5 87.5 15.0 17.0
0 362.0 69.0 10.0 12.0
0 366.5 59.0 11.0 10.0
0 376.5 68.0 11.0 14.0
0 401.0 72.0 14.0 14.0
0 404.0 51.5 10.0 13.0
0 429.0 71.5 14.0 15.0
0 429.5 58.0 11.0 12.0
0 429.0 46.5 10.0 11.0
0 446.5 58.0 13.0 14.0
0 449.5 44.5 9.0 13.0
0 470.5 44.0 9.0 10.0
0 474.0 50.0 8.0 8.0
0 472.0 58.5 10.0 13.0
0 473.0 69.0 14.0 14.0
0 486.0 73.5 14.0 17.0
0 489.0 46.5 10.0 13.0
0 509.5 51.0 9.0 12.0
0 418.0 109.0 20.0 22.0
0 362.5 126.0 17.0 22.0
0 392.0 134.0 22.0 20.0
0 463.5 125.0 23.0 24.0
0 453.0 105.0 20.0 18.0
0 459.0 86.0 14.0 16.0
0 485.0 90.0 18.0 18.0
0 508.0 100.5 18.0 19.0
0 524.0 116.0 24.0 26.0
0 493.5 139.5 27.0 29.0
0 538.0 156.5 22.0 33.0
0 592.0 177.0 28.0 32.0
0 574.5 115.5 21.0 27.0
0 557.5 91.5 17.0 19.0
0 532.0 85.0 16.0 18.0
0 513.5 73.0 15.0 16.0
0 503.5 65.5 11.0 11.0
0 542.0 48.5 12.0 11.0
0 548.5 59.5 17.0 17.0
0 561.5 52.0 11.0 12.0
0 574.5 59.5 15.0 17.0
0 595.0 62.5 16.0 15.0
0 594.0 100.5 18.0 25.0
0 568.5 88.0 15.0 18.0
0 605.5 83.5 15.0 19.0
0 606.0 60.0 10.0 12.0
0 612.5 55.5 13.0 11.0
0 627.0 73.5 14.0 17.0
0 631.0 61.0 10.0 12.0
0 633.0 55.5 8.0 9.0
0 652.0 72.0 16.0 16.0
0 660.5 61.5 9.0 13.0
0 680.0 63.0 14.0 12.0
0 645.5 90.0 11.0 18.0
0 639.5 113.5 17.0 21.0
0 626.0 123.5 16.0 25.0
0 656.0 164.0 28.0 30.0
0 676.5 112.0 17.0 18.0
0 671.0 84.0 12.0 16.0
