0 15.0 298.5 28.0 31.0
0 280.0 233.0 18.0 22.0
0 312.0 256.5 20.0 27.0
0 354.0 256.5 20.0 27.0
0 354.0 205.5 18.0 25.0
0 403.0 243.0 26.0 32.0
0 432.5 224.5 17.0 19.0
0 468.5 230.0 17.0 20.0
0 434.0 200.5 20.0 21.0
0 492.5 229.0 17.0 26.0
0 474.5 181.0 13.0 14.0
0 493.0 183.5 18.0 13.0
0 498.0 207.5 18.0 21.0
0 527.5 211.0 19.0 14.0
0 550.5 239.0 21.0 24.0
0 576.0 213.0 14.0 16.0
0 613.5 226.0 19.0 20.0
0 522.5 164.5 15.0 15.0
0 540.0 179.5 16.0 19.0
0 578.5 179.5 15.0 17.0
0 577.0 161.5 14.0 15.0
0 567.0 160.5 12.0 15.0
0 618.0 181.0 14.0 22.0
0 630.0 189.5 16.0 19.0
0 641.5 171.5 15.0 15.0
0 664.5 167.5 17.0 21.0
0 669.0 196.5 18.0 21.0
0 648.0 244.5 26.0 29.0
0 562.0 284.0 30.0 30.0
0 661.0 288.0 26.0 36.0
0 684.5 147.5 13.0 13.0
0 701.0 164.0 14.0 12.0
0 706.5 179.5 13.0 19.0
0 730.5 169.5 13.0 13.0
0 732.0 150.5 12.0 17.0
0 743.5 140.0 15.0 20.0
0 762.0 147.5 16.0 21.0
0 777.5 153.0 17.0 16.0
0 784.0 170.5 18.0 15.0
0 822.0 158.5 16.0 17.0
0 813.5 146.0 15.0 18.0
0 845.0 150.5 16.0 17.0
0 725.5 235.0 23.0 26.0
0 721.0 313.0 32.0 46.0
0 730.0 272.0 30.0 30.0
0 771.0 211.0 20.0 26.0
0 824.0 185.0 18.0 24.0
0 853.5 170.5 15.0 19.0
0 839.0 209.0 22.0 24.0
0 783.5 240.5 21.0 21.0
0 801.5 259.5 29.0 29.0
0 840.5 243.5 25.0 27.0
0 778.0 323.0 36.0 40.0
0 855.0 343.0 36.0 50.0
0 993.5 355.5 33.0 41.0
0 941.5 308.5 33.0 35.0
0 878.5 285.0 27.0 34.0
0 882.0 199.0 16.0 18.0
0 892.0 176.0 16.0 18.0
0 900.0 160.5 12.0 15.0
0 920.0 155.0 20.0 18.0
0 925.5 179.5 17.0 19.0
0 947.0 196.0 20.0 28.0
0 951.5 166.5 13.0 21.0
0 968.5 166.0 15.0 18.0
0 998.0 183.5 18.0 17.0
0 993.5 212.5 17.0 19.0
0 986.5 250.5 21.0 29.0
0 1048.0 261.5 24.0 31.0
0 1031.5 305.5 27.0 35.0
0 1110.5 324.0 29.0 38.0
0 1138.5 250.5 21.0 27.0
0 1025.5 173.0 13.0 20.0
0 1036.0 191.0 16.0 18.0
0 1019.0 233.5 22.0 29.0
0 1021.5 214.5 15.0 19.0
0 1069.0 244.5 20.0 29.0
0 1069.0 213.5 16.0 17.0
0 1062.5 176.0 13.0 18.0
0 1093.0 189.5 14.0 23.0
0 1110.5 227.5 17.0 25.0
0 1138.0 211.5 14.0 15.0
0 1122.5 212.0 11.0 16.0
0 1141.5 191.5 11.0 15.0
