0 256.5 63.0 15.0 18.0
0 449.5 48.5 19.0 21.0
0 281.0 74.5 20.0 19.0
0 199.0 85.5 16.0 21.0
0 63.5 119.5 21.0 25.0
0 154.5 120.0 21.0 24.0
0 324.0 71.0 22.0 24.0
0 487.0 51.0 14.0 16.0
0 508.0 48.0 12.0 16.0
0 616.0 44.5 10.0 15.0
0 673.0 44.0 12.0 14.0
0 236.0 110.5 28.0 25.0
0 222.5 151.5 25.0 27.0
0 76.5 228.5 25.0 37.0
0 92.5 274.0 31.0 36.0
0 161.0 333.5 42.0 45.0
0 260.0 250.0 32.0 32.0
0 263.0 193.5 28.0 39.0
0 308.0 157.0 20.0 26.0
0 364.0 116.0 24.0 30.0
0 367.5 94.0 23.0 20.0
0 387.5 131.5 23.0 19.0
0 444.5 127.0 17.0 26.0
0 469.5 94.0 13.0 20.0
0 520.5 92.5 21.0 23.0
0 578.0 73.0 16.0 20.0
0 683.5 266.0 37.0 40.0
0 594.5 122.5 19.0 29.0
0 605.0 150.5 26.0 27.0
0 676.0 171.0 22.0 28.0
0 634.5 100.0 13.0 18.0
0 599.0 66.5 16.0 15.0
0 635.5 57.0 15.0 12.0
0 747.0 71.5 16.0 19.0
0 712.0 113.0 22.0 22.0
0 764.5 132.5 19.0 25.0
0 845.0 186.0 22.0 28.0
0 886.0 152.5 24.0 23.0
0 812.5 85.0 11.0 16.0
0 773.0 62.0 18.0 16.0
0 959.0 117.0 20.0 22.0
0 1010.5 128.5 17.0 23.0
0 1064.5 152.5 19.0 23.0
0 1083.5 171.5 17.0 25.0
0 1152.0 207.5 24.0 25.0
0 874.0 118.5 22.0 25.0
0 902.5 121.0 17.0 18.0
0 978.0 209.5 30.0 29.0
0 52.0 134.5 20.0 31.0
0 584.0 90.0 20.0 18.0
