0 1067.0 188.5 10.0 19.0
0 1090.5 203.5 17.0 25.0
0 1087.0 233.0 16.0 28.0
0 1107.0 236.5 16.0 27.0
0 1141.0 204.5 12.0 19.0
0 1139.5 221.5 13.0 21.0
0 1124.0 232.5 14.0 25.0
0 1143.0 266.5 20.0 39.0
0 1113.5 335.0 33.0 42.0
0 1051.0 269.5 26.0 39.0
0 1060.5 254.5 23.0 35.0
0 1034.0 332.0 32.0 40.0
0 995.0 347.5 28.0 45.0
0 990.5 260.5 23.0 33.0
0 1004.0 246.5 20.0 33.0
0 1021.0 224.0 18.0 28.0
0 1026.5 185.5 15.0 21.0
0 1041.0 202.5 14.0 25.0
0 1053.0 199.5 14.0 25.0
0 1002.0 204.5 16.0 27.0
0 992.5 215.5 19.0 27.0
0 926.0 169.5 12.0 21.0
0 930.5 190.0 13.0 20.0
0 943.5 205.0 15.0 28.0
0 954.0 180.0 12.0 20.0
0 974.5 180.0 15.0 20.0
0 850.5 163.5 13.0 17.0
0 856.0 188.5 16.0 23.0
0 868.0 218.0 20.0 28.0
0 895.5 182.0 13.0 22.0
0 901.0 192.5 14.0 21.0
0 816.0 205.0 18.0 26.0
0 825.0 168.0 12.0 20.0
0 808.0 161.5 12.0 17.0
0 834.5 230.5 21.0 27.0
0 837.5 265.5 23.0 35.0
0 873.0 302.0 32.0 46.0
0 779.0 166.5 14.0 19.0
0 780.0 185.0 18.0 22.0
0 744.5 152.5 11.0 17.0
0 735.0 168.0 12.0 18.0
0 733.5 182.5 13.0 17.0
0 702.0 160.5 12.0 17.0
0 681.5 166.5 11.0 17.0
0 710.0 192.5 14.0 23.0
0 699.0 207.5 18.0 25.0
0 731.5 243.5 23.0 31.0
0 774.0 224.0 20.0 26.0
0 667.5 180.0 17.0 20.0
0 643.5 185.0 15.0 24.0
0 620.5 197.0 19.0 24.0
0 561.5 182.0 13.0 20.0
0 618.0 231.5 18.0 29.0
0 541.5 194.5 17.0 23.0
0 550.5 248.0 21.0 32.0
0 494.0 220.0 14.0 20.0
0 526.5 182.0 13.0 18.0
0 499.0 252.5 26.0 31.0
0 468.5 245.0 19.0 26.0
0 429.0 218.5 18.0 23.0
0 410.5 261.0 25.0 34.0
0 315.5 263.5 21.0 31.0
0 361.5 262.5 23.0 29.0
0 346.5 227.5 19.0 23.0
0 274.5 250.0 19.0 24.0
0 571.5 231.5 21.0 25.0
0 663.0 259.0 24.0 38.0
0 570.5 302.5 27.0 41.0
0 641.0 318.5 38.0 39.0
0 715.5 324.0 35.0 46.0
0 715.5 284.0 29.0 36.0
0 943.0 314.5 30.0 43.0
0 854.0 391.5 40.0 53.0
0 778.5 342.5 33.0 47.0
0 805.5 268.5 27.0 41.0
0 569.0 175.0 12.0 16.0
0 631.0 205.5 20.0 25.0
0 422.5 248.5 21.0 23.0
0 163.5 382.5 47.0 55.0
