0 215.5 273.5 53.0 69.0
0 255.0 225.0 44.0 62.0
0 277.0 127.0 22.0 22.0
0 350.0 171.5 26.0 25.0
0 369.5 158.0 25.0 20.0
0 450.5 166.5 29.0 27.0
0 449.0 131.0 20.0 22.0
0 469.0 134.0 18.0 24.0
0 427.0 116.0 26.0 20.0
0 478.5 112.5 21.0 19.0
0 498.5 114.0 15.0 24.0
0 511.0 115.5 20.0 19.0
0 481.5 94.5 17.0 15.0
0 495.5 94.0 17.0 16.0
0 510.5 82.0 15.0 16.0
0 535.5 104.5 19.0 19.0
0 560.5 88.0 19.0 22.0
0 550.5 128.0 23.0 22.0
0 588.5 94.0 15.0 16.0
0 510.0 193.0 28.0 32.0
0 609.0 98.0 14.0 18.0
0 598.0 72.0 16.0 16.0
0 655.5 63.0 19.0 18.0
0 693.5 64.0 19.0 18.0
0 733.5 58.0 15.0 18.0
0 658.0 149.0 26.0 24.0
0 698.5 155.0 27.0 28.0
0 722.0 95.5 18.0 23.0
0 737.5 108.5 21.0 25.0
0 748.0 90.5 16.0 21.0
0 768.0 101.0 16.0 20.0
0 787.0 89.5 14.0 21.0
0 789.0 66.0 14.0 16.0
0 798.0 102.5 16.0 19.0
0 757.0 168.0 32.0 32.0
0 813.0 184.0 30.0 34.0
0 841.0 111.0 20.0 20.0
0 853.5 78.0 13.0 16.0
0 893.0 114.0 20.0 24.0
0 919.5 137.5 19.0 29.0
