0 1064.0 186.5 14.0 21.0
0 1146.5 193.5 13.0 19.0
0 1094.0 198.5 14.0 23.0
0 1036.0 190.0 14.0 22.0
0 1047.0 199.0 14.0 22.0
0 1045.5 219.0 19.0 26.0
0 1085.0 232.0 18.0 28.0
0 1144.5 219.0 15.0 22.0
0 1140.0 241.5 18.0 27.0
0 1138.0 251.0 20.0 28.0
0 1067.5 263.0 19.0 26.0
0 1085.0 289.0 26.0 36.0
0 1053.5 278.0 23.0 32.0
0 1116.5 330.0 31.0 44.0
0 1027.0 312.0 28.0 36.0
0 1019.5 352.0 33.0 44.0
0 950.5 312.0 29.0 38.0
0 991.0 261.5 20.0 33.0
0 1000.0 215.5 20.0 25.0
0 994.5 177.0 15.0 20.0
0 1005.0 194.0 16.0 20.0
0 948.0 207.0 16.0 26.0
0 915.0 168.0 14.0 18.0
0 908.0 175.5 14.0 21.0
0 959.5 177.5 15.0 23.0
0 902.5 192.5 15.0 23.0
0 890.5 206.0 17.0 26.0
0 1018.0 252.0 18.0 28.0
0 867.5 185.5 15.0 23.0
0 844.0 163.5 14.0 19.0
0 815.0 160.0 12.0 20.0
0 831.5 166.0 11.0 20.0
0 835.5 190.5 17.0 23.0
0 777.5 182.0 15.0 20.0
0 839.0 231.0 20.0 28.0
0 852.0 251.5 22.0 35.0
0 779.0 211.5 22.0 29.0
0 798.5 237.0 27.0 28.0
0 750.0 149.0 12.0 18.0
0 781.5 164.0 13.0 18.0
0 739.0 180.0 14.0 18.0
0 677.5 165.5 13.0 17.0
0 702.0 162.5 14.0 19.0
0 711.5 174.0 13.0 18.0
0 709.0 189.0 14.0 24.0
0 738.0 230.0 20.0 28.0
0 751.5 263.0 25.0 34.0
0 684.0 202.0 16.0 26.0
0 622.0 188.5 16.0 23.0
0 649.5 187.5 17.0 23.0
0 629.0 224.0 16.0 26.0
0 582.0 198.0 12.0 18.0
0 566.5 181.0 15.0 20.0
0 546.5 184.0 13.0 16.0
0 535.0 200.5 18.0 23.0
0 505.0 215.0 16.0 20.0
0 507.0 199.0 16.0 20.0
0 537.5 220.5 19.0 25.0
0 583.5 218.5 19.0 25.0
0 546.5 248.5 23.0 33.0
0 617.0 274.5 30.0 43.0
0 444.5 209.0 13.0 22.0
0 443.5 233.0 15.0 22.0
0 486.5 189.5 17.0 21.0
0 483.5 238.0 17.0 26.0
0 507.0 244.5 20.0 27.0
0 355.5 220.5 17.0 23.0
0 361.5 260.0 21.0 30.0
0 389.0 280.5 28.0 31.0
0 286.5 244.0 17.0 24.0
0 300.5 282.0 25.0 22.0
0 879.0 355.0 36.0 52.0
0 899.0 281.0 30.0 40.0
0 818.0 274.5 28.0 45.0
0 824.5 306.5 35.0 45.0
0 761.5 302.5 31.0 45.0
0 671.5 287.5 29.0 45.0
0 221.5 344.0 53.0 70.0
0 931.5 185.5 13.0 17.0
0 950.0 187.0 16.0 22.0
