0 126.5 130.0 19.0 20.0
0 212.5 187.0 47.0 46.0
0 245.5 112.5 15.0 19.0
0 262.5 88.0 15.0 16.0
0 321.0 123.0 20.0 20.0
0 368.5 124.0 21.0 26.0
0 392.0 138.0 22.0 24.0
0 337.5 63.0 13.0 14.0
0 372.0 63.5 16.0 17.0
0 409.5 91.0 15.0 20.0
0 405.0 118.5 18.0 19.0
0 406.0 79.5 14.0 11.0
0 451.5 96.5 23.0 21.0
0 450.5 111.0 19.0 18.0
0 443.5 53.0 15.0 16.0
0 459.5 80.0 13.0 16.0
0 474.5 77.0 15.0 14.0
0 489.5 101.0 17.0 22.0
0 487.5 63.0 13.0 16.0
0 500.0 67.0 12.0 12.0
0 525.0 64.0 14.0 14.0
0 521.5 99.5 25.0 23.0
0 507.5 178.5 43.0 33.0
0 540.0 151.5 26.0 23.0
0 564.5 62.5 19.0 19.0
0 551.0 51.0 20.0 22.0
0 580.5 60.5 11.0 13.0
0 593.5 67.0 13.0 16.0
0 607.0 52.0 14.0 14.0
0 623.5 43.5 15.0 17.0
0 630.5 66.0 21.0 22.0
0 591.5 85.0 17.0 22.0
0 592.0 130.5 32.0 33.0
0 641.0 140.5 28.0 27.0
0 650.5 116.5 19.0 23.0
0 679.0 88.0 16.0 18.0
0 660.5 40.5 15.0 15.0
0 693.0 37.5 18.0 15.0
0 676.5 61.0 11.0 14.0
0 703.5 59.0 21.0 24.0
0 724.5 46.0 17.0 22.0
0 743.5 52.0 15.0 20.0
0 743.5 80.0 19.0 20.0
0 731.0 133.5 22.0 27.0
0 704.0 139.5 24.0 31.0
0 762.0 100.0 22.0 32.0
0 776.5 66.0 13.0 12.0
0 804.5 51.0 13.0 16.0
0 796.0 56.5 10.0 13.0
0 830.0 59.0 16.0 18.0
0 823.5 91.5 17.0 17.0
0 809.0 115.5 26.0 33.0
0 836.0 128.0 22.0 28.0
0 848.0 116.0 14.0 18.0
0 868.5 58.5 13.0 19.0
0 908.0 72.0 16.0 20.0
0 924.5 87.5 15.0 19.0
0 931.0 69.0 14.0 18.0
0 888.5 115.0 19.0 24.0
0 881.0 136.0 20.0 24.0
0 873.5 174.5 23.0 33.0
0 885.0 158.5 24.0 27.0
