0 142.5 373.0 55.0 58.0
0 255.0 242.0 26.0 26.0
0 295.5 255.0 25.0 32.0
0 329.0 220.5 28.0 31.0
0 340.5 254.5 27.0 29.0
0 391.5 253.0 29.0 32.0
0 441.0 238.5 22.0 23.0
0 408.5 212.0 21.0 28.0
0 449.5 192.5 19.0 23.0
0 475.0 212.5 22.0 25.0
0 497.5 178.0 21.0 24.0
0 523.0 186.0 20.0 22.0
0 540.5 173.0 19.0 22.0
0 557.0 185.0 24.0 22.0
0 551.5 167.5 17.0 23.0
0 613.5 194.0 23.0 26.0
0 610.0 169.0 14.0 16.0
0 624.0 175.5 18.0 19.0
0 647.0 174.0 16.0 22.0
0 677.0 198.0 22.0 26.0
0 689.0 184.5 20.0 19.0
0 662.0 159.0 16.0 18.0
0 683.0 150.5 16.0 21.0
0 710.5 175.5 19.0 21.0
0 713.5 157.0 19.0 14.0
0 722.5 144.0 19.0 20.0
0 745.5 149.0 17.0 22.0
0 757.5 158.5 21.0 21.0
0 760.0 173.5 20.0 21.0
0 599.0 224.5 28.0 27.0
0 548.5 223.0 31.0 28.0
0 528.0 240.5 28.0 29.0
0 475.5 245.5 31.0 33.0
0 786.0 153.0 16.0 18.0
0 803.5 158.0 17.0 22.0
0 830.5 154.5 21.0 27.0
0 793.0 199.5 22.0 25.0
0 758.0 216.5 26.0 25.0
0 711.0 232.5 26.0 33.0
0 630.5 250.0 27.0 38.0
0 548.5 288.0 43.0 46.0
0 613.0 316.5 42.0 43.0
0 693.5 316.5 43.0 55.0
0 709.0 282.0 38.0 42.0
0 759.0 253.0 28.0 34.0
0 782.0 257.5 30.0 39.0
0 818.0 262.0 28.0 34.0
0 812.0 224.5 30.0 31.0
0 846.5 210.0 27.0 28.0
0 835.5 180.5 21.0 25.0
0 872.0 181.0 18.0 22.0
0 883.5 177.5 19.0 27.0
0 908.0 162.5 20.0 27.0
0 921.5 201.5 19.0 23.0
0 934.0 172.5 20.0 25.0
0 903.0 184.5 20.0 25.0
0 956.5 168.5 23.0 27.0
0 980.0 195.0 22.0 26.0
0 961.0 204.0 22.0 26.0
0 983.5 242.0 23.0 32.0
0 969.0 254.0 28.0 40.0
0 1001.0 221.5 22.0 25.0
0 1020.5 197.0 23.0 26.0
0 1032.5 191.0 19.0 28.0
0 1007.0 178.5 16.0 25.0
0 1047.5 182.5 17.0 23.0
0 1069.5 197.5 21.0 27.0
0 1083.0 228.5 24.0 27.0
0 1067.5 225.5 19.0 27.0
0 1036.5 241.5 25.0 33.0
0 1027.5 263.0 27.0 38.0
0 1012.5 330.5 45.0 51.0
0 984.5 360.0 45.0 50.0
0 835.5 382.0 55.0 58.0
0 757.0 337.0 46.0 56.0
0 857.5 293.0 39.0 46.0
0 922.5 311.0 43.0 42.0
0 1094.0 338.0 36.0 50.0
0 1127.0 252.0 26.0 30.0
0 1110.0 214.0 18.0 26.0
0 1118.0 196.5 18.0 21.0
