0 340.0 146.0 16.0 22.0
0 351.0 141.0 18.0 20.0
0 373.0 140.5 22.0 21.0
0 383.5 162.5 29.0 25.0
0 421.0 170.0 26.0 34.0
0 407.0 147.5 22.0 23.0
0 412.0 122.0 20.0 22.0
0 435.0 122.0 20.0 24.0
0 475.5 114.0 17.0 22.0
0 494.0 146.5 26.0 31.0
0 495.0 124.5 16.0 19.0
0 516.5 121.0 21.0 24.0
0 526.5 96.0 19.0 22.0
0 559.0 105.0 22.0 22.0
0 586.5 100.0 23.0 22.0
0 628.0 102.0 20.0 24.0
0 619.5 81.5 17.0 15.0
0 693.5 41.5 17.0 19.0
0 534.5 180.0 29.0 34.0
0 607.5 176.0 33.0 34.0
0 643.0 194.5 30.0 39.0
0 669.5 154.5 29.0 33.0
0 666.5 127.0 23.0 26.0
0 697.5 110.0 23.0 26.0
0 700.0 164.5 28.0 39.0
0 734.0 114.5 20.0 25.0
0 741.0 98.5 18.0 21.0
0 751.5 139.5 23.0 31.0
0 764.0 169.0 28.0 34.0
0 780.0 121.5 26.0 29.0
0 806.0 139.0 28.0 34.0
0 823.0 101.0 22.0 28.0
0 836.5 165.0 31.0 36.0
0 898.0 197.0 28.0 40.0
0 920.0 161.0 24.0 34.0
0 970.5 147.5 25.0 35.0
0 995.5 151.5 21.0 29.0
