0 38.0 249.5 38.0 43.0
0 266.5 166.5 17.0 19.0
0 300.5 161.0 19.0 22.0
0 326.0 165.0 16.0 18.0
0 336.5 146.0 15.0 20.0
0 325.5 134.0 17.0 14.0
0 359.0 165.5 18.0 21.0
0 416.5 174.5 27.0 29.0
0 361.5 131.5 17.0 19.0
0 391.5 123.5 15.0 19.0
0 406.0 122.5 18.0 27.0
0 449.0 130.5 18.0 19.0
0 480.5 133.5 15.0 17.0
0 511.0 134.0 20.0 20.0
0 523.5 116.0 15.0 18.0
0 506.5 114.5 15.0 19.0
0 475.5 101.5 17.0 17.0
0 466.0 113.0 18.0 16.0
0 449.0 108.0 18.0 14.0
0 478.0 83.5 12.0 15.0
0 503.0 95.0 14.0 16.0
0 512.0 76.0 8.0 10.0
0 500.5 83.5 13.0 9.0
0 536.0 99.0 14.0 12.0
0 546.5 90.5 13.0 15.0
0 567.5 95.0 15.0 18.0
0 578.5 115.0 15.0 20.0
0 567.5 78.5 13.0 19.0
0 592.0 81.5 14.0 15.0
0 597.0 63.5 12.0 13.0
0 614.0 88.5 14.0 15.0
0 610.0 103.0 14.0 14.0
0 618.0 74.0 12.0 14.0
0 656.5 81.5 13.0 17.0
0 645.0 68.0 14.0 16.0
0 641.0 54.5 12.0 13.0
0 659.0 55.5 12.0 15.0
0 676.5 59.5 11.0 19.0
0 686.5 64.0 13.0 16.0
0 710.5 71.0 13.0 18.0
0 505.5 182.5 25.0 31.0
0 593.5 170.5 25.0 33.0
0 601.0 143.0 20.0 26.0
0 645.0 152.0 22.0 28.0
0 624.5 210.0 29.0 36.0
0 714.0 196.0 30.0 34.0
0 696.5 151.0 23.0 26.0
0 641.0 123.5 20.0 21.0
0 694.0 105.0 18.0 24.0
0 706.5 118.5 21.0 27.0
0 740.5 129.0 19.0 26.0
0 748.0 175.5 26.0 31.0
0 822.0 171.5 24.0 33.0
0 801.0 146.0 24.0 28.0
0 792.5 111.0 19.0 24.0
0 744.0 103.5 16.0 21.0
0 722.0 89.5 14.0 19.0
0 770.0 96.5 16.0 23.0
0 748.5 82.5 19.0 21.0
0 743.5 58.0 17.0 22.0
0 778.5 69.5 15.0 17.0
0 789.5 85.5 17.0 17.0
0 791.5 69.5 15.0 15.0
0 817.5 71.0 15.0 18.0
0 828.5 66.0 13.0 18.0
0 819.5 96.0 17.0 22.0
0 847.5 108.0 19.0 22.0
0 847.5 76.5 13.0 19.0
0 869.0 71.0 14.0 16.0
0 881.0 76.5 12.0 19.0
0 871.5 93.5 13.0 21.0
0 896.0 108.5 16.0 25.0
0 904.5 90.0 17.0 24.0
0 924.0 79.5 12.0 15.0
0 919.5 91.0 11.0 18.0
0 933.0 108.0 14.0 22.0
0 917.0 127.0 16.0 24.0
0 944.5 99.0 13.0 20.0
0 947.5 78.5 13.0 21.0
0 974.5 169.0 19.0 32.0
0 979.5 111.0 15.0 20.0
0 994.0 92.0 14.0 20.0
0 984.0 91.0 8.0 14.0
