0 86.5 152.5 25.0 31.0
0 277.5 127.0 19.0 22.0
0 291.0 126.0 16.0 18.0
0 327.5 123.5 19.0 21.0
0 348.5 126.0 19.0 18.0
0 378.0 130.0 20.0 22.0
0 411.5 131.5 19.0 19.0
0 449.5 139.5 21.0 21.0
0 461.0 118.5 20.0 23.0
0 428.5 113.5 19.0 19.0
0 392.0 115.5 18.0 21.0
0 375.5 112.0 17.0 16.0
0 356.0 110.0 16.0 16.0
0 345.0 98.5 16.0 19.0
0 404.0 95.5 16.0 19.0
0 427.0 88.5 14.0 17.0
0 450.0 105.5 14.0 17.0
0 445.5 89.5 13.0 15.0
0 490.0 83.5 14.0 17.0
0 501.0 85.0 14.0 16.0
0 507.0 104.0 20.0 18.0
0 527.5 98.0 19.0 18.0
0 563.0 102.5 18.0 19.0
0 573.0 89.0 16.0 20.0
0 579.5 77.5 15.0 17.0
0 612.5 90.0 17.0 18.0
0 507.5 70.0 15.0 14.0
0 531.5 73.0 13.0 14.0
0 542.0 88.0 16.0 18.0
0 558.0 74.5 12.0 15.0
0 553.5 68.5 15.0 17.0
0 601.5 40.5 17.0 17.0
0 598.5 74.5 15.0 15.0
0 630.5 74.0 13.0 18.0
0 646.0 85.0 14.0 18.0
0 662.0 78.5 16.0 15.0
0 645.5 64.5 13.0 15.0
0 625.0 54.0 18.0 12.0
0 620.0 68.5 12.0 17.0
0 665.5 58.5 11.0 17.0
0 670.5 67.0 13.0 12.0
0 688.5 72.0 13.0 18.0
0 694.5 61.0 13.0 12.0
0 714.5 62.5 15.0 17.0
0 600.0 126.0 26.0 28.0
0 632.0 116.5 22.0 27.0
0 646.0 140.0 28.0 32.0
0 689.5 127.0 23.0 24.0
0 675.0 100.0 16.0 20.0
0 699.0 144.5 26.0 27.0
0 704.5 176.5 35.0 41.0
0 756.0 217.5 32.0 41.0
0 802.5 165.5 27.0 31.0
0 831.5 148.5 27.0 31.0
0 921.0 198.5 36.0 43.0
0 743.5 133.0 21.0 26.0
0 724.0 102.0 18.0 20.0
0 708.0 99.0 16.0 18.0
0 744.0 93.0 16.0 18.0
0 742.0 80.5 14.0 15.0
0 768.5 74.0 13.0 20.0
0 763.5 108.5 19.0 21.0
0 773.5 136.5 21.0 27.0
0 808.5 117.5 17.0 21.0
0 852.0 127.0 20.0 26.0
0 864.0 125.5 16.0 19.0
0 892.0 133.0 22.0 24.0
0 933.0 146.5 22.0 29.0
0 947.0 118.0 14.0 18.0
0 954.5 125.5 17.0 23.0
0 964.0 110.0 12.0 20.0
0 904.0 117.5 14.0 21.0
0 910.5 102.5 17.0 17.0
0 917.5 99.0 13.0 18.0
0 923.5 86.0 13.0 20.0
0 879.5 104.0 19.0 22.0
0 885.5 90.0 15.0 16.0
0 841.0 97.0 14.0 18.0
0 828.5 114.5 17.0 21.0
0 806.0 95.5 14.0 15.0
0 795.0 83.0 14.0 16.0
0 782.5 79.5 15.0 17.0
0 788.5 69.5 13.0 15.0
0 807.5 73.5 15.0 19.0
0 843.5 74.0 11.0 16.0
0 865.5 85.0 13.0 18.0
0 849.5 90.5 15.0 15.0
