0 218.5 212.0 51.0 54.0
0 323.0 147.5 18.0 25.0
0 339.0 162.5 20.0 29.0
0 359.5 165.0 25.0 26.0
0 355.5 131.5 15.0 21.0
0 375.0 134.5 20.0 21.0
0 384.0 145.0 18.0 18.0
0 411.5 137.5 25.0 23.0
0 418.5 121.0 25.0 20.0
0 457.5 133.5 21.0 21.0
0 465.5 170.5 29.0 29.0
0 460.5 108.0 19.0 20.0
0 481.0 114.0 22.0 24.0
0 492.5 130.0 19.0 26.0
0 502.5 116.0 17.0 22.0
0 487.5 103.0 17.0 18.0
0 491.0 90.5 16.0 15.0
0 510.5 89.5 15.0 15.0
0 518.0 102.0 18.0 18.0
0 541.5 114.5 19.0 21.0
0 559.5 125.0 25.0 28.0
0 524.5 79.0 17.0 18.0
0 574.5 84.5 21.0 25.0
0 586.0 95.5 18.0 23.0
0 597.0 86.5 14.0 17.0
0 617.0 101.0 22.0 24.0
0 602.5 71.0 17.0 16.0
0 626.5 79.0 15.0 16.0
0 640.5 61.0 17.0 18.0
0 663.0 68.5 14.0 19.0
0 665.5 90.5 19.0 21.0
0 698.0 68.0 14.0 18.0
0 719.5 71.5 19.0 19.0
0 744.5 61.5 15.0 21.0
0 547.5 188.5 33.0 35.0
0 587.5 180.5 31.0 37.0
0 615.5 145.0 29.0 30.0
0 660.5 148.0 23.0 30.0
0 659.0 128.5 28.0 25.0
0 709.5 150.5 27.0 31.0
0 662.0 204.0 38.0 40.0
0 724.5 203.5 35.0 43.0
0 775.0 164.5 30.0 29.0
0 828.5 172.5 29.0 35.0
0 760.0 133.5 24.0 25.0
0 720.5 121.5 23.0 25.0
0 736.0 97.0 20.0 24.0
0 756.0 106.0 22.0 26.0
0 783.5 104.0 17.0 20.0
0 797.0 121.0 22.0 28.0
0 817.5 109.0 21.0 22.0
0 776.5 82.0 17.0 20.0
0 792.0 71.0 16.0 22.0
0 806.0 83.0 16.0 22.0
0 810.0 66.5 16.0 19.0
0 828.5 80.5 23.0 23.0
0 863.5 106.5 19.0 27.0
0 867.5 82.0 11.0 16.0
0 877.5 78.0 17.0 16.0
0 893.5 84.0 15.0 22.0
0 888.0 99.0 16.0 22.0
0 910.0 115.0 22.0 28.0
0 925.5 97.5 19.0 27.0
0 935.0 90.0 20.0 24.0
0 969.5 80.5 17.0 19.0
0 967.0 100.5 20.0 25.0
0 937.0 138.5 22.0 27.0
0 970.5 135.5 19.0 27.0
0 991.0 167.0 26.0 34.0
0 988.0 122.5 20.0 29.0
0 1001.5 94.0 17.0 22.0
