0 412.5 140.5 27.0 25.0
0 470.5 137.5 23.0 21.0
0 489.0 122.0 18.0 22.0
0 527.0 124.0 18.0 24.0
0 548.0 127.0 22.0 24.0
0 559.5 104.0 15.0 22.0
0 575.0 106.0 20.0 22.0
0 583.0 125.5 24.0 25.0
0 608.5 118.0 21.0 28.0
0 605.5 94.5 21.0 17.0
0 599.5 112.5 15.0 19.0
0 629.5 93.5 17.0 17.0
0 651.0 94.0 16.0 22.0
0 642.0 130.0 20.0 28.0
0 657.5 118.0 21.0 22.0
0 686.5 105.5 21.0 27.0
0 698.5 133.5 21.0 21.0
0 705.5 83.5 15.0 23.0
0 721.5 108.0 19.0 24.0
0 733.5 87.0 15.0 18.0
0 754.5 92.5 19.0 21.0
0 758.0 109.5 18.0 21.0
0 799.5 112.0 23.0 22.0
0 801.0 94.0 16.0 18.0
0 798.5 81.0 13.0 14.0
0 781.5 75.5 15.0 17.0
0 832.5 82.5 13.0 15.0
0 840.5 93.5 15.0 17.0
0 855.0 80.0 16.0 16.0
0 864.0 92.0 16.0 20.0
0 892.0 86.5 14.0 19.0
0 750.0 170.0 30.0 36.0
0 784.0 151.5 28.0 35.0
0 834.5 135.5 25.0 31.0
0 846.0 160.0 26.0 36.0
0 890.5 168.0 25.0 38.0
0 852.5 214.0 53.0 62.0
0 880.5 126.5 17.0 25.0
0 898.5 138.0 25.0 30.0
0 929.0 123.5 20.0 27.0
0 926.0 106.0 18.0 20.0
0 908.5 119.5 17.0 19.0
0 956.0 100.5 14.0 17.0
0 966.0 97.0 14.0 20.0
0 982.5 123.0 19.0 26.0
0 988.0 108.0 16.0 18.0
0 1004.0 123.0 20.0 26.0
0 997.0 153.5 26.0 31.0
0 1036.0 132.5 20.0 27.0
0 1024.0 112.5 18.0 21.0
0 1042.0 98.5 16.0 23.0
0 1052.5 122.5 15.0 25.0
0 1085.0 99.0 16.0 22.0
0 1085.0 142.5 22.0 31.0
0 1109.5 194.0 25.0 38.0
0 1117.5 161.5 23.0 33.0
0 1127.0 146.0 18.0 24.0
0 1118.5 106.5 19.0 23.0
0 1156.5 131.5 19.0 29.0
0 1183.0 161.5 22.0 29.0
0 1176.5 141.5 19.0 27.0
0 1188.0 125.0 14.0 22.0
