0 275.0 162.0 20.0 20.0
0 354.5 125.0 13.0 16.0
0 377.0 124.5 16.0 17.0
0 401.5 112.0 13.0 18.0
0 408.5 114.5 13.0 17.0
0 431.0 129.5 18.0 21.0
0 447.0 114.0 16.0 20.0
0 352.0 150.0 20.0 22.0
0 399.0 156.0 22.0 22.0
0 405.0 162.0 22.0 18.0
0 419.0 178.0 28.0 24.0
0 483.5 113.5 17.0 17.0
0 489.0 135.5 20.0 19.0
0 505.0 139.0 22.0 22.0
0 514.5 116.5 21.0 23.0
0 528.5 105.5 17.0 21.0
0 519.5 82.5 13.0 13.0
0 542.0 116.0 20.0 18.0
0 561.5 102.0 19.0 18.0
0 570.0 132.0 20.0 14.0
0 605.5 75.5 15.0 13.0
0 696.5 73.5 13.0 13.0
0 687.0 83.0 18.0 14.0
0 628.0 98.5 16.0 19.0
0 660.5 120.0 21.0 24.0
0 591.5 150.0 27.0 22.0
0 596.0 196.5 30.0 29.0
0 660.5 206.0 33.0 28.0
0 651.0 170.5 24.0 25.0
0 701.5 161.5 31.0 29.0
0 720.5 133.5 21.0 25.0
0 752.0 148.0 22.0 24.0
0 770.5 172.0 25.0 24.0
0 818.5 187.0 27.0 30.0
0 901.0 186.0 24.0 28.0
0 905.0 153.0 22.0 34.0
0 979.5 165.0 21.0 24.0
0 973.5 141.5 19.0 23.0
0 948.0 117.5 14.0 19.0
0 954.5 101.5 17.0 19.0
0 904.5 97.0 19.0 22.0
0 835.0 87.0 18.0 18.0
0 882.5 82.0 17.0 18.0
0 820.0 83.5 18.0 19.0
0 788.5 81.5 17.0 13.0
0 794.5 89.5 21.0 15.0
0 787.5 104.0 19.0 20.0
0 800.5 116.5 19.0 17.0
0 836.0 132.5 22.0 21.0
0 862.0 113.5 20.0 21.0
0 817.5 142.0 23.0 26.0
0 752.0 113.5 18.0 19.0
0 744.0 98.0 20.0 20.0
0 759.5 92.0 19.0 18.0
