0 177.0 201.5 40.0 35.0
0 300.0 149.5 18.0 21.0
0 316.5 156.5 25.0 21.0
0 322.0 138.0 20.0 22.0
0 387.5 151.5 23.0 23.0
0 370.0 140.0 16.0 18.0
0 403.5 163.0 21.0 22.0
0 410.5 134.5 21.0 25.0
0 394.5 111.0 17.0 20.0
0 424.0 112.5 16.0 19.0
0 434.5 116.0 19.0 22.0
0 443.0 101.5 20.0 21.0
0 479.0 112.5 26.0 27.0
0 472.0 130.0 24.0 26.0
0 497.0 135.5 22.0 25.0
0 485.5 90.0 15.0 20.0
0 474.5 89.0 15.0 20.0
0 500.5 90.0 17.0 22.0
0 512.5 106.0 19.0 24.0
0 527.5 95.5 17.0 21.0
0 542.0 107.5 20.0 25.0
0 552.0 94.0 14.0 22.0
0 555.5 81.5 19.0 15.0
0 545.0 70.0 14.0 16.0
0 571.5 69.5 15.0 17.0
0 603.5 67.5 15.0 17.0
0 611.5 73.5 15.0 17.0
0 627.0 80.5 18.0 19.0
0 616.5 96.0 23.0 22.0
0 651.0 92.0 20.0 20.0
0 635.5 64.5 19.0 19.0
0 642.5 55.0 17.0 18.0
0 666.0 55.0 14.0 18.0
0 661.5 75.0 13.0 18.0
0 692.5 77.5 13.0 15.0
0 697.5 67.0 13.0 16.0
0 690.5 55.5 15.0 17.0
0 723.5 57.0 15.0 18.0
0 749.0 56.5 16.0 19.0
0 581.5 111.5 23.0 25.0
0 545.0 172.5 32.0 37.0
0 585.0 196.0 34.0 34.0
0 601.5 147.0 27.0 28.0
0 654.0 185.5 34.0 41.0
0 648.5 165.5 25.0 27.0
0 677.5 116.0 23.0 26.0
0 703.0 96.0 22.0 24.0
0 726.0 91.5 18.0 23.0
0 751.5 105.5 21.0 23.0
0 723.5 119.0 23.0 28.0
0 784.5 141.5 29.0 31.0
0 772.5 133.0 21.0 26.0
0 784.0 112.0 22.0 26.0
0 778.5 99.0 17.0 18.0
0 805.5 81.0 17.0 18.0
0 805.0 68.5 18.0 19.0
0 811.0 125.5 28.0 31.0
0 836.0 117.0 20.0 28.0
0 837.5 88.5 21.0 29.0
0 825.0 76.0 16.0 20.0
0 858.5 85.5 21.0 25.0
0 892.0 81.0 18.0 22.0
0 893.5 63.0 17.0 16.0
0 926.0 84.0 16.0 22.0
0 931.0 70.5 12.0 15.0
0 914.5 101.0 23.0 24.0
0 893.5 120.5 23.0 31.0
0 868.0 139.0 22.0 28.0
0 844.0 158.0 34.0 38.0
0 800.5 197.0 43.0 50.0
0 737.5 187.5 39.0 45.0
0 880.0 206.0 42.0 40.0
0 897.5 176.0 29.0 40.0
0 940.5 157.0 23.0 32.0
0 964.5 207.0 37.0 42.0
0 970.0 175.0 32.0 34.0
0 979.5 147.0 25.0 30.0
0 992.5 126.0 15.0 20.0
0 947.0 121.5 18.0 27.0
0 966.5 102.5 19.0 21.0
0 953.5 89.0 17.0 18.0
0 959.0 77.5 16.0 17.0
0 997.0 90.0 18.0 22.0
