0 157.5 198.0 43.0 48.0
0 298.0 123.0 24.0 22.0
0 308.5 100.0 17.0 18.0
0 333.0 102.5 18.0 21.0
0 395.0 108.0 18.0 20.0
0 424.0 111.0 18.0 24.0
0 397.0 91.5 16.0 15.0
0 394.0 84.0 14.0 14.0
0 438.5 88.0 13.0 16.0
0 453.0 100.0 16.0 20.0
0 481.5 113.0 19.0 22.0
0 447.0 70.5 12.0 15.0
0 455.5 78.0 13.0 14.0
0 465.5 75.5 11.0 15.0
0 480.5 77.0 13.0 18.0
0 490.0 59.5 12.0 17.0
0 499.5 69.0 11.0 16.0
0 507.0 65.0 12.0 14.0
0 521.0 64.5 12.0 13.0
0 522.0 73.0 12.0 12.0
0 524.0 88.5 12.0 19.0
0 507.5 81.5 13.0 15.0
0 535.0 95.0 16.0 18.0
0 549.5 74.0 13.0 18.0
0 564.0 95.5 14.0 15.0
0 566.5 77.5 15.0 21.0
0 562.5 58.0 13.0 16.0
0 575.5 60.5 11.0 17.0
0 592.0 57.0 12.0 14.0
0 600.0 53.0 14.0 16.0
0 623.0 55.5 14.0 15.0
0 607.5 75.0 15.0 16.0
0 640.0 69.0 12.0 18.0
0 623.0 69.0 12.0 12.0
0 651.5 64.5 9.0 15.0
0 665.5 63.0 9.0 14.0
0 560.0 123.5 18.0 27.0
0 489.5 158.5 29.0 31.0
0 557.0 147.0 22.0 28.0
0 571.5 164.5 33.0 43.0
0 589.0 136.0 26.0 30.0
0 609.0 107.0 22.0 26.0
0 641.0 113.0 20.0 26.0
0 641.0 91.5 16.0 21.0
0 672.0 105.5 18.0 23.0
0 663.0 91.5 16.0 19.0
0 681.5 90.5 17.0 21.0
0 708.0 88.0 12.0 20.0
0 719.5 80.5 11.0 19.0
0 718.0 65.5 14.0 17.0
0 746.0 70.0 16.0 22.0
0 745.5 92.5 13.0 17.0
0 759.0 82.0 14.0 18.0
0 758.5 104.5 19.0 23.0
0 685.5 125.5 23.0 23.0
0 655.0 141.0 20.0 24.0
0 663.5 175.0 27.0 38.0
0 705.5 192.0 27.0 34.0
0 733.0 143.5 26.0 35.0
0 770.5 144.0 23.0 26.0
0 789.0 191.5 32.0 33.0
0 806.5 164.0 21.0 30.0
0 834.5 142.5 19.0 25.0
0 869.0 176.0 24.0 34.0
0 854.0 224.0 34.0 42.0
0 896.0 152.5 26.0 27.0
0 876.5 130.5 21.0 23.0
0 891.5 121.5 17.0 21.0
0 902.0 112.0 16.0 18.0
0 899.0 89.0 16.0 20.0
0 866.5 96.5 15.0 19.0
0 877.0 90.0 14.0 16.0
0 847.5 105.5 21.0 21.0
0 835.0 118.5 20.0 25.0
0 800.0 110.0 18.0 22.0
0 782.0 101.0 18.0 22.0
0 791.0 90.5 12.0 17.0
0 802.0 82.5 12.0 19.0
0 814.5 100.0 15.0 22.0
0 827.5 92.0 13.0 20.0
0 827.0 82.5 10.0 13.0
0 838.5 81.5 13.0 19.0
