0 30.0 290.0 26.0 30.0
0 288.5 244.5 19.0 23.0
0 324.5 249.5 23.0 31.0
0 359.5 262.0 23.0 30.0
0 356.0 220.0 22.0 24.0
0 418.5 264.0 25.0 32.0
0 441.0 209.5 18.0 23.0
0 506.5 244.5 23.0 25.0
0 479.0 186.5 16.0 15.0
0 496.0 200.5 12.0 15.0
0 506.5 217.0 17.0 18.0
0 523.5 204.0 17.0 18.0
0 574.0 223.5 22.0 19.0
0 546.5 222.0 21.0 20.0
0 552.0 246.5 28.0 25.0
0 581.5 192.5 17.0 17.0
0 563.5 179.0 15.0 16.0
0 578.0 171.0 12.0 16.0
0 616.0 188.5 14.0 25.0
0 640.0 229.5 22.0 23.0
0 637.5 180.5 13.0 15.0
0 638.0 202.0 24.0 20.0
0 682.5 205.5 21.0 19.0
0 677.0 165.0 16.0 18.0
0 741.5 161.5 15.0 15.0
0 750.5 149.5 13.0 15.0
0 741.0 183.5 12.0 15.0
0 788.5 183.0 17.0 18.0
0 734.0 237.0 22.0 26.0
0 615.5 281.5 27.0 35.0
0 662.0 263.0 22.0 26.0
0 666.0 292.0 30.0 28.0
0 752.0 307.0 34.0 38.0
0 794.5 238.5 15.0 21.0
0 778.0 218.5 20.0 21.0
0 805.0 158.0 10.0 16.0
0 824.0 165.5 12.0 21.0
0 840.5 166.0 15.0 18.0
0 824.0 195.5 18.0 23.0
0 874.0 207.0 22.0 20.0
0 860.5 189.0 13.0 12.0
0 912.0 162.0 18.0 20.0
0 912.0 196.0 16.0 22.0
0 937.5 205.0 17.0 24.0
0 956.0 167.0 16.0 22.0
0 991.5 179.0 23.0 22.0
0 1032.5 186.0 17.0 18.0
0 1068.5 180.5 15.0 19.0
0 1100.0 203.5 18.0 25.0
0 1044.0 206.5 18.0 17.0
0 995.0 219.5 22.0 19.0
0 1036.0 226.0 20.0 22.0
0 1067.5 229.0 21.0 24.0
0 1056.0 252.0 24.0 26.0
0 989.5 269.0 25.0 28.0
0 847.0 248.0 24.0 24.0
0 746.0 273.0 40.0 24.0
0 811.0 267.0 26.0 32.0
0 809.5 323.5 33.0 43.0
0 871.5 358.5 47.0 53.0
0 904.0 285.0 32.0 36.0
0 962.5 288.0 27.0 34.0
0 1016.0 366.0 32.0 40.0
0 1031.0 312.5 28.0 35.0
0 1051.0 286.0 22.0 24.0
0 1105.0 334.0 30.0 36.0
0 1122.0 284.0 20.0 32.0
0 1134.5 253.5 21.0 25.0
0 1145.0 205.0 18.0 18.0
0 468.5 251.0 23.0 22.0
0 460.0 233.5 20.0 23.0
0 525.5 189.5 15.0 19.0
0 656.0 192.5 18.0 21.0
0 694.5 191.0 19.0 20.0
0 701.0 163.0 14.0 16.0
0 993.5 245.5 21.0 25.0
0 1053.5 194.5 17.0 23.0
0 951.5 190.0 19.0 28.0
0 770.5 160.5 17.0 19.0
0 1132.0 231.0 20.0 24.0
0 1146.0 221.5 18.0 21.0
