0 214.5 200.0 51.0 54.0
0 281.0 123.0 20.0 22.0
0 300.5 124.0 19.0 26.0
0 319.5 125.0 21.0 24.0
0 342.0 140.5 20.0 21.0
0 378.0 135.5 22.0 25.0
0 415.0 124.0 24.0 24.0
0 340.5 95.5 15.0 17.0
0 338.5 114.0 21.0 18.0
0 367.5 106.0 13.0 20.0
0 383.0 111.5 18.0 21.0
0 405.5 115.5 17.0 19.0
0 437.0 122.0 18.0 22.0
0 482.5 118.5 23.0 21.0
0 415.5 94.0 19.0 20.0
0 417.0 74.0 14.0 18.0
0 442.5 92.0 17.0 18.0
0 470.0 99.5 18.0 17.0
0 471.5 81.5 15.0 15.0
0 459.5 77.0 13.0 16.0
0 489.0 87.0 16.0 18.0
0 484.5 72.5 11.0 13.0
0 498.5 67.5 13.0 15.0
0 515.5 71.0 15.0 16.0
0 517.0 85.5 14.0 17.0
0 501.5 107.5 19.0 19.0
0 532.5 110.5 23.0 21.0
0 543.0 88.5 20.0 19.0
0 537.0 71.0 14.0 16.0
0 576.5 90.5 19.0 21.0
0 564.5 68.0 13.0 16.0
0 571.0 62.5 12.0 19.0
0 588.5 70.5 13.0 17.0
0 598.5 63.0 13.0 18.0
0 615.0 80.0 16.0 16.0
0 615.5 69.0 13.0 14.0
0 619.5 60.5 15.0 17.0
0 651.0 62.5 12.0 15.0
0 658.0 56.5 14.0 13.0
0 661.5 73.5 13.0 15.0
0 680.5 66.0 13.0 14.0
0 689.0 55.5 12.0 13.0
0 702.0 58.0 14.0 16.0
0 486.0 154.0 28.0 34.0
0 536.0 155.5 30.0 37.0
0 574.5 122.5 23.0 27.0
0 595.0 183.5 30.0 39.0
0 615.0 139.5 24.0 31.0
0 613.0 117.5 18.0 19.0
0 662.5 99.5 17.0 23.0
0 663.5 137.5 27.0 29.0
0 689.5 169.5 29.0 33.0
0 719.5 160.5 23.0 35.0
0 743.0 201.0 32.0 40.0
0 694.0 104.5 18.0 21.0
0 684.5 93.5 13.0 17.0
0 718.5 83.5 17.0 21.0
0 731.0 86.5 16.0 21.0
0 735.5 72.5 15.0 17.0
0 753.0 84.0 14.0 20.0
0 760.0 78.5 16.0 17.0
0 783.0 85.5 18.0 23.0
0 747.5 103.0 17.0 20.0
0 714.0 120.5 22.0 23.0
0 755.5 127.0 21.0 24.0
0 781.5 126.5 21.0 23.0
0 807.0 142.5 22.0 33.0
0 777.5 166.0 25.0 32.0
0 823.0 182.0 30.0 36.0
0 805.0 228.0 34.0 44.0
0 885.5 245.0 37.0 50.0
0 907.0 191.5 30.0 39.0
0 861.5 140.0 21.0 28.0
0 877.5 126.5 21.0 27.0
0 908.5 154.0 23.0 32.0
0 939.5 117.5 17.0 25.0
