0 262.0 211.0 44.0 56.0
0 284.0 127.5 18.0 23.0
0 310.0 131.5 20.0 23.0
0 313.5 123.0 19.0 18.0
0 361.5 149.0 25.0 24.0
0 368.5 126.5 21.0 23.0
0 371.5 104.5 19.0 21.0
0 404.0 127.5 20.0 23.0
0 415.0 119.0 16.0 18.0
0 413.5 143.0 25.0 26.0
0 468.0 118.0 20.0 26.0
0 476.5 106.5 19.0 21.0
0 462.5 88.0 15.0 20.0
0 461.5 81.0 17.0 14.0
0 424.0 87.0 18.0 16.0
0 480.5 74.0 11.0 16.0
0 491.5 76.0 15.0 14.0
0 495.0 91.0 16.0 18.0
0 524.0 93.5 18.0 23.0
0 504.0 70.5 14.0 17.0
0 519.5 75.0 13.0 16.0
0 532.0 76.5 14.0 15.0
0 555.5 75.5 11.0 15.0
0 566.0 101.0 24.0 28.0
0 580.5 78.5 19.0 19.0
0 589.5 68.0 15.0 12.0
0 603.0 84.0 20.0 20.0
0 638.5 88.0 17.0 16.0
0 634.0 74.5 18.0 17.0
0 619.5 63.0 11.0 18.0
0 606.0 39.0 14.0 16.0
0 641.0 34.5 14.0 15.0
0 669.0 36.0 12.0 16.0
0 683.5 34.0 11.0 18.0
0 650.0 67.5 14.0 17.0
0 596.5 121.0 25.0 26.0
0 623.0 148.5 28.0 27.0
0 627.5 116.5 25.0 27.0
0 670.0 128.5 22.0 29.0
0 703.0 98.0 18.0 22.0
0 721.5 101.0 23.0 28.0
0 741.5 97.5 17.0 27.0
0 735.0 79.5 14.0 15.0
0 745.0 131.0 24.0 28.0
0 771.0 134.0 26.0 28.0
0 780.5 173.5 29.0 37.0
0 917.5 186.5 25.0 33.0
0 801.5 113.0 21.0 26.0
0 767.5 107.0 17.0 26.0
0 754.0 69.0 16.0 18.0
0 770.0 67.0 16.0 18.0
0 786.5 75.5 17.0 23.0
0 796.0 90.0 14.0 18.0
0 809.5 72.0 15.0 20.0
0 826.0 75.0 14.0 18.0
0 831.5 99.0 21.0 22.0
0 845.0 81.5 14.0 19.0
0 857.0 78.5 12.0 19.0
0 870.0 95.5 16.0 23.0
0 860.0 117.0 18.0 26.0
0 846.5 130.0 17.0 32.0
0 891.0 131.0 20.0 24.0
0 899.0 116.0 14.0 22.0
0 883.5 90.5 13.0 21.0
0 904.0 98.0 14.0 20.0
0 914.0 101.0 14.0 20.0
0 921.5 85.5 15.0 21.0
0 936.0 113.5 18.0 21.0
0 943.0 97.5 12.0 17.0
0 926.5 144.0 23.0 28.0
0 923.0 116.0 18.0 24.0
