0 79.5 304.0 55.0 70.0
0 275.0 168.5 18.0 19.0
0 294.5 168.0 17.0 24.0
0 324.5 155.0 17.0 24.0
0 334.5 140.5 15.0 17.0
0 364.5 130.0 19.0 20.0
0 400.5 129.0 15.0 18.0
0 407.5 122.5 21.0 21.0
0 437.0 103.0 18.0 16.0
0 481.5 88.0 11.0 16.0
0 516.0 79.0 16.0 16.0
0 511.0 88.5 20.0 15.0
0 460.5 116.0 15.0 16.0
0 469.0 143.5 22.0 21.0
0 496.0 117.5 16.0 19.0
0 526.5 113.5 17.0 15.0
0 495.0 140.5 20.0 21.0
0 569.0 83.0 16.0 22.0
0 599.0 70.0 18.0 16.0
0 590.5 81.0 13.0 16.0
0 577.0 122.5 24.0 23.0
0 612.5 98.5 21.0 21.0
0 624.0 78.5 24.0 17.0
0 640.0 60.0 18.0 18.0
0 672.0 59.5 16.0 17.0
0 662.5 81.0 19.0 24.0
0 647.0 124.5 18.0 21.0
0 598.5 175.0 25.0 32.0
0 510.5 183.0 27.0 34.0
0 644.5 161.0 29.0 32.0
0 691.5 69.0 15.0 16.0
0 718.5 67.5 13.0 17.0
0 732.0 65.0 14.0 16.0
0 695.0 103.0 20.0 22.0
0 730.0 110.5 16.0 27.0
0 704.0 155.5 22.0 33.0
0 647.5 203.5 31.0 41.0
0 714.5 202.5 29.0 39.0
0 758.0 83.0 22.0 26.0
0 782.0 74.0 16.0 26.0
0 753.5 129.5 23.0 27.0
0 765.0 166.5 32.0 29.0
0 780.0 117.5 18.0 25.0
0 806.0 59.5 14.0 13.0
0 804.5 144.0 23.0 30.0
0 834.0 72.5 12.0 15.0
0 832.0 96.5 18.0 21.0
0 835.5 172.5 21.0 33.0
0 867.5 145.5 21.0 31.0
0 848.0 75.0 12.0 18.0
0 853.5 107.5 21.0 27.0
0 867.0 78.0 10.0 14.0
0 887.0 82.0 14.0 18.0
0 906.5 111.5 23.0 25.0
0 930.5 75.0 13.0 18.0
0 927.0 133.5 14.0 19.0
0 964.0 80.0 12.0 20.0
0 952.0 120.0 18.0 20.0
0 989.5 100.5 17.0 19.0
0 991.0 95.0 14.0 20.0
0 989.0 117.0 18.0 18.0
0 992.0 161.0 24.0 28.0
0 921.0 96.5 18.0 19.0
0 870.5 101.5 17.0 19.0
0 791.5 95.5 19.0 25.0
0 712.0 121.5 22.0 31.0
0 437.5 130.0 19.0 20.0
0 464.0 164.5 20.0 25.0
0 361.5 159.0 19.0 22.0
0 412.0 130.5 16.0 21.0
0 728.5 86.5 19.0 19.0
0 819.5 78.5 19.0 19.0
