0 308.5 82.0 11.0 18.0
0 583.5 149.0 33.0 38.0
0 345.0 80.5 14.0 19.0
0 356.5 64.0 13.0 16.0
0 369.0 66.5 14.0 15.0
0 372.5 73.5 15.0 13.0
0 387.0 68.5 16.0 17.0
0 410.5 57.5 19.0 15.0
0 402.5 66.5 21.0 13.0
0 399.0 81.5 18.0 17.0
0 414.5 83.0 13.0 10.0
0 430.0 61.0 16.0 14.0
0 448.5 58.5 13.0 13.0
0 471.0 64.0 14.0 16.0
0 491.5 58.5 17.0 17.0
0 493.5 75.0 21.0 22.0
0 511.0 65.0 16.0 20.0
0 517.0 55.0 14.0 14.0
0 548.0 55.0 10.0 14.0
0 576.5 55.0 11.0 16.0
0 513.0 100.0 14.0 16.0
0 540.5 86.5 15.0 23.0
0 571.0 80.5 12.0 15.0
0 552.0 102.0 14.0 16.0
0 582.5 108.5 15.0 21.0
0 601.0 67.0 18.0 18.0
0 601.0 80.0 10.0 16.0
0 617.0 60.0 14.0 12.0
0 628.5 60.0 17.0 14.0
0 631.5 85.5 21.0 21.0
0 653.5 77.0 15.0 20.0
0 647.0 97.0 14.0 18.0
0 666.0 68.5 14.0 17.0
0 672.5 62.5 11.0 13.0
0 676.0 83.0 8.0 16.0
0 742.0 81.5 14.0 23.0
0 714.0 122.5 18.0 21.0
0 759.5 106.0 11.0 14.0
0 765.0 97.0 10.0 14.0
0 763.5 81.5 13.0 13.0
0 444.5 66.0 11.0 12.0
0 736.0 96.5 8.0 19.0
