0 122.5 280.0 53.0 68.0
0 280.0 169.5 20.0 19.0
0 301.0 157.5 20.0 21.0
0 321.0 162.0 24.0 26.0
0 340.0 129.0 14.0 16.0
0 371.5 130.5 17.0 21.0
0 369.5 163.0 19.0 22.0
0 405.5 118.5 19.0 19.0
0 402.5 140.5 23.0 27.0
0 448.5 153.0 27.0 26.0
0 440.0 133.0 16.0 22.0
0 445.0 102.0 14.0 18.0
0 463.0 100.5 16.0 15.0
0 478.0 102.5 14.0 13.0
0 486.0 113.0 24.0 14.0
0 508.0 113.5 18.0 19.0
0 517.0 96.0 20.0 14.0
0 511.0 83.0 14.0 14.0
0 491.5 84.5 13.0 15.0
0 523.5 76.0 13.0 18.0
0 569.5 77.5 19.0 19.0
0 590.5 87.0 15.0 20.0
0 599.5 63.0 13.0 14.0
0 639.0 56.0 14.0 14.0
0 636.5 67.5 13.0 13.0
0 658.0 62.0 12.0 16.0
0 668.5 56.5 11.0 13.0
0 685.0 57.5 14.0 15.0
0 690.5 66.5 15.0 15.0
0 670.5 81.0 15.0 18.0
0 636.0 86.5 16.0 19.0
0 622.0 96.5 18.0 19.0
0 587.5 116.0 21.0 24.0
0 527.0 130.0 24.0 22.0
0 523.0 172.5 20.0 29.0
0 593.5 170.5 29.0 33.0
0 604.5 146.5 21.0 21.0
0 656.5 149.0 23.0 26.0
0 664.5 122.5 19.0 27.0
0 701.5 100.0 21.0 22.0
0 714.5 69.5 17.0 19.0
0 747.0 55.0 16.0 18.0
0 754.0 78.5 14.0 19.0
0 736.5 85.0 15.0 22.0
0 748.5 127.0 25.0 30.0
0 708.0 121.5 22.0 27.0
0 721.0 153.5 20.0 25.0
0 724.0 197.5 28.0 33.0
0 651.0 201.0 24.0 30.0
0 773.0 174.0 30.0 34.0
0 814.0 145.5 24.0 25.0
0 838.5 174.5 27.0 29.0
0 804.5 107.5 17.0 19.0
0 782.0 88.5 20.0 21.0
0 787.0 68.5 14.0 19.0
0 798.5 77.0 15.0 20.0
0 807.5 61.5 13.0 15.0
0 822.5 78.0 15.0 20.0
0 833.0 72.5 16.0 17.0
0 850.0 76.5 16.0 21.0
0 869.0 76.0 14.0 16.0
0 892.0 82.5 18.0 21.0
0 872.0 99.5 18.0 21.0
0 858.0 107.5 18.0 19.0
0 933.0 136.0 18.0 32.0
0 953.0 115.0 18.0 26.0
0 957.5 98.0 15.0 22.0
0 967.0 77.5 12.0 19.0
0 933.5 73.0 15.0 18.0
0 922.0 92.0 18.0 20.0
0 994.0 90.5 16.0 17.0
0 991.0 113.0 16.0 24.0
0 998.0 160.0 20.0 32.0
