0 63.5 296.5 41.0 47.0
0 301.5 139.0 19.0 20.0
0 301.5 157.0 17.0 22.0
0 317.0 157.5 20.0 23.0
0 370.5 155.5 25.0 23.0
0 358.0 125.0 16.0 20.0
0 372.5 124.5 17.0 23.0
0 386.0 132.0 18.0 22.0
0 418.5 166.5 23.0 25.0
0 407.5 163.5 21.0 31.0
0 431.5 127.0 19.0 22.0
0 417.5 107.0 17.0 20.0
0 404.5 110.0 17.0 22.0
0 443.0 112.5 18.0 21.0
0 476.0 105.5 16.0 21.0
0 489.5 132.5 21.0 27.0
0 517.5 132.0 25.0 24.0
0 493.0 93.5 18.0 21.0
0 497.5 81.0 15.0 16.0
0 526.0 93.5 18.0 19.0
0 516.5 75.5 13.0 13.0
0 509.0 107.0 18.0 22.0
0 547.0 107.5 18.0 21.0
0 564.0 115.5 26.0 25.0
0 574.5 93.5 17.0 19.0
0 600.0 83.0 14.0 18.0
0 601.5 66.0 17.0 18.0
0 607.0 97.0 18.0 18.0
0 627.5 69.5 15.0 19.0
0 634.5 79.5 17.0 15.0
0 655.5 69.0 13.0 18.0
0 661.5 81.0 17.0 18.0
0 689.0 71.0 16.0 22.0
0 728.0 68.5 14.0 17.0
0 735.0 84.0 18.0 22.0
0 757.0 83.0 18.0 22.0
0 716.5 101.0 19.0 18.0
0 702.0 119.5 20.0 23.0
0 667.0 118.5 24.0 29.0
0 617.5 131.0 27.0 32.0
0 618.5 168.5 29.0 33.0
0 546.5 173.5 27.0 29.0
0 649.5 152.5 29.0 33.0
0 679.0 178.5 38.0 35.0
0 727.5 147.5 31.0 33.0
0 752.5 126.0 23.0 26.0
0 754.5 104.5 17.0 21.0
0 772.0 100.5 18.0 21.0
0 797.5 110.5 21.0 25.0
0 822.5 117.5 23.0 27.0
0 815.5 94.0 17.0 18.0
0 800.5 84.0 15.0 16.0
0 801.5 66.5 15.0 17.0
0 816.5 72.5 15.0 19.0
0 827.0 81.5 16.0 21.0
0 849.5 95.0 23.0 20.0
0 866.5 73.0 19.0 18.0
0 869.0 86.0 16.0 18.0
0 886.5 86.0 17.0 18.0
0 897.5 104.0 17.0 20.0
0 904.0 92.5 16.0 21.0
0 888.0 123.5 20.0 25.0
0 806.5 150.5 27.0 29.0
0 774.5 168.5 29.0 37.0
0 824.0 177.5 32.0 31.0
0 902.0 172.0 30.0 32.0
0 922.0 136.0 26.0 30.0
0 953.0 123.5 24.0 25.0
0 950.5 99.5 15.0 21.0
0 955.0 89.0 16.0 16.0
0 990.0 139.0 24.0 24.0
0 983.5 165.0 25.0 32.0
