0 73.5 291.0 49.0 54.0
0 277.0 160.5 24.0 21.0
0 303.0 156.0 20.0 20.0
0 342.5 143.0 19.0 24.0
0 349.5 126.5 17.0 23.0
0 366.5 130.0 15.0 24.0
0 363.0 151.5 20.0 23.0
0 376.5 155.5 23.0 23.0
0 421.5 168.5 21.0 27.0
0 409.0 160.5 20.0 29.0
0 383.5 132.0 21.0 24.0
0 405.5 110.5 15.0 21.0
0 422.0 127.5 18.0 21.0
0 430.0 106.5 16.0 17.0
0 447.0 110.0 16.0 24.0
0 470.0 114.0 18.0 22.0
0 478.5 129.5 21.0 27.0
0 510.0 135.5 24.0 25.0
0 509.5 114.5 19.0 21.0
0 494.5 83.5 17.0 19.0
0 509.5 92.5 17.0 19.0
0 527.5 96.5 17.0 17.0
0 518.5 76.5 13.0 15.0
0 545.5 111.0 19.0 22.0
0 557.0 100.5 18.0 17.0
0 576.0 112.5 20.0 25.0
0 597.5 143.0 25.0 30.0
0 606.0 98.0 18.0 20.0
0 592.5 94.5 17.0 19.0
0 602.5 72.5 15.0 19.0
0 631.5 84.0 15.0 18.0
0 628.5 69.5 13.0 15.0
0 654.0 88.0 16.0 18.0
0 659.5 70.0 17.0 16.0
0 681.5 87.0 21.0 18.0
0 686.5 70.0 13.0 16.0
0 732.0 73.5 16.0 17.0
0 738.0 88.0 22.0 22.0
0 694.0 111.5 22.0 23.0
0 706.5 123.5 23.0 27.0
0 538.5 168.0 29.0 30.0
0 625.0 174.0 28.0 30.0
0 658.5 187.0 31.0 34.0
0 670.0 148.5 26.0 29.0
0 674.0 120.5 22.0 21.0
0 721.5 147.0 25.0 32.0
0 759.0 129.5 24.0 25.0
0 745.0 113.0 18.0 24.0
0 776.0 100.5 16.0 23.0
0 767.0 80.5 14.0 19.0
0 784.5 82.0 17.0 18.0
0 808.5 98.0 17.0 20.0
0 823.5 112.5 21.0 27.0
0 784.0 119.5 22.0 27.0
0 831.0 140.5 24.0 31.0
0 805.0 175.0 28.0 36.0
0 777.5 166.0 23.0 30.0
0 901.5 175.5 25.0 31.0
0 917.0 145.0 24.0 30.0
0 876.0 121.5 20.0 25.0
0 853.0 97.0 18.0 24.0
0 834.0 88.0 18.0 18.0
0 820.5 74.0 15.0 18.0
0 809.5 79.5 17.0 17.0
0 865.0 74.0 16.0 14.0
0 883.5 88.5 15.0 17.0
0 897.0 104.5 20.0 25.0
0 912.0 90.0 14.0 18.0
0 948.0 121.0 18.0 24.0
0 968.5 126.5 17.0 27.0
0 992.0 157.0 26.0 36.0
0 952.5 100.5 19.0 23.0
