0 102.5 357.0 57.0 54.0
0 265.5 252.0 25.0 18.0
0 314.0 259.5 30.0 23.0
0 363.0 261.0 28.0 24.0
0 418.5 261.0 33.0 28.0
0 360.0 222.0 22.0 20.0
0 449.5 212.5 35.0 23.0
0 439.5 240.0 31.0 24.0
0 485.0 234.0 22.0 22.0
0 511.0 251.0 22.0 28.0
0 507.5 218.5 25.0 21.0
0 550.0 248.5 26.0 23.0
0 573.5 296.5 23.0 39.0
0 669.5 288.5 33.0 33.0
0 714.0 313.5 28.0 39.0
0 782.0 324.5 38.0 41.0
0 864.0 372.0 30.0 52.0
0 988.5 385.5 43.0 47.0
0 688.5 248.5 29.0 23.0
0 623.5 239.0 23.0 26.0
0 585.5 219.0 21.0 16.0
0 548.5 219.0 23.0 24.0
0 736.5 231.5 29.0 21.0
0 827.5 267.5 37.0 29.0
0 810.0 240.5 28.0 23.0
0 854.5 247.5 33.0 25.0
0 912.0 291.0 32.0 40.0
0 974.0 300.5 34.0 37.0
0 983.5 257.5 29.0 31.0
0 1037.0 314.5 32.0 41.0
0 1117.5 337.5 21.0 39.0
0 1133.5 284.5 33.0 33.0
0 1059.5 269.5 27.0 35.0
0 1082.0 253.0 26.0 26.0
0 1041.0 224.5 28.0 25.0
0 1014.0 245.0 24.0 30.0
0 986.5 220.5 33.0 29.0
0 935.0 210.0 32.0 28.0
0 893.0 206.5 24.0 23.0
0 900.0 186.0 22.0 20.0
0 869.5 186.0 21.0 22.0
0 834.0 192.5 22.0 19.0
0 782.5 177.0 21.0 16.0
0 781.5 214.0 21.0 26.0
0 695.5 198.0 23.0 16.0
0 713.0 182.5 16.0 19.0
0 691.0 156.0 20.0 24.0
0 654.0 197.5 22.0 23.0
0 614.0 190.5 22.0 21.0
0 588.0 191.5 26.0 23.0
0 544.0 194.0 26.0 26.0
0 513.5 189.5 15.0 19.0
0 494.5 181.0 23.0 28.0
0 563.0 181.0 20.0 20.0
0 755.5 149.0 15.0 20.0
0 773.5 155.5 13.0 17.0
0 830.0 167.0 16.0 22.0
0 845.0 162.0 16.0 22.0
0 962.0 172.0 16.0 22.0
0 1052.5 190.5 23.0 25.0
0 1030.0 187.5 18.0 25.0
0 738.5 183.0 21.0 18.0
0 629.5 183.5 13.0 19.0
0 1100.0 238.0 18.0 22.0
0 1142.5 259.5 21.0 25.0
0 1146.5 225.0 19.0 22.0
0 1103.0 216.5 20.0 17.0
0 1076.5 187.0 17.0 22.0
0 1147.0 202.5 22.0 23.0
0 920.0 171.0 20.0 26.0
0 805.0 158.0 14.0 20.0
0 660.0 182.5 20.0 25.0
0 584.0 172.0 18.0 22.0
0 850.0 232.5 24.0 27.0
0 1005.5 198.5 17.0 27.0
0 953.0 191.0 20.0 30.0
