0 100.0 192.0 20.0 26.0
0 195.5 285.0 41.0 40.0
0 421.5 159.0 25.0 22.0
0 434.5 129.5 17.0 17.0
0 496.5 130.5 21.0 23.0
0 390.0 114.5 14.0 17.0
0 381.5 146.5 19.0 17.0
0 449.0 93.5 16.0 19.0
0 507.5 71.0 13.0 16.0
0 558.0 71.0 14.0 16.0
0 575.5 70.5 15.0 15.0
0 613.0 73.0 12.0 16.0
0 631.0 72.0 12.0 16.0
0 608.0 104.5 16.0 21.0
0 514.5 196.0 27.0 28.0
0 578.0 195.0 28.0 30.0
0 659.5 155.0 23.0 26.0
0 705.5 129.5 25.0 27.0
0 649.5 141.0 21.0 12.0
0 751.5 184.5 29.0 35.0
0 764.5 151.5 25.0 33.0
0 827.5 163.5 29.0 35.0
0 866.5 176.5 27.0 35.0
0 972.0 188.5 24.0 39.0
0 885.5 35.5 13.0 17.0
0 953.5 80.0 11.0 14.0
0 971.0 84.5 12.0 15.0
0 1001.5 89.5 13.0 15.0
