0 286.5 152.5 17.0 21.0
0 297.5 148.5 17.0 21.0
0 311.0 160.5 24.0 27.0
0 360.5 161.0 23.0 28.0
0 403.0 140.0 30.0 34.0
0 419.5 127.5 21.0 23.0
0 404.0 107.0 16.0 20.0
0 430.5 112.5 17.0 21.0
0 457.0 105.0 18.0 22.0
0 443.0 98.0 16.0 20.0
0 472.5 136.5 25.0 25.0
0 502.5 132.0 27.0 28.0
0 483.5 107.0 17.0 22.0
0 500.0 103.5 18.0 23.0
0 514.5 107.0 19.0 26.0
0 533.5 113.5 19.0 25.0
0 567.0 114.5 22.0 25.0
0 582.5 105.5 19.0 23.0
0 609.5 104.0 19.0 20.0
0 564.5 78.5 15.0 17.0
0 550.5 90.5 19.0 19.0
0 537.0 74.5 16.0 17.0
0 514.0 207.0 36.0 32.0
0 595.0 70.0 16.0 18.0
0 606.0 78.0 14.0 20.0
0 624.5 79.5 19.0 21.0
0 638.0 57.5 12.0 13.0
0 656.5 84.5 19.0 19.0
0 662.5 60.5 13.0 15.0
0 676.5 61.5 13.0 15.0
0 690.0 77.0 16.0 18.0
0 715.0 60.0 14.0 18.0
0 746.5 57.5 19.0 21.0
0 623.0 142.5 30.0 31.0
0 607.0 177.0 32.0 36.0
0 654.5 200.5 37.0 39.0
0 671.5 143.5 27.0 29.0
0 660.5 119.0 21.0 28.0
0 702.5 129.5 25.0 29.0
0 698.0 102.5 22.0 29.0
0 723.5 94.0 19.0 26.0
0 751.5 103.5 23.0 27.0
0 781.0 119.5 22.0 25.0
0 806.5 80.0 15.0 22.0
0 799.0 69.5 14.0 17.0
0 823.5 77.5 17.0 21.0
0 835.5 90.5 19.0 25.0
0 805.5 129.5 25.0 27.0
0 765.0 150.0 28.0 38.0
0 730.5 180.5 43.0 43.0
0 795.5 189.5 43.0 53.0
0 819.0 163.0 34.0 42.0
0 843.5 123.5 27.0 31.0
0 868.0 141.0 28.0 36.0
0 891.0 124.5 24.0 29.0
0 862.5 85.5 15.0 21.0
0 888.0 84.5 18.0 19.0
0 892.0 72.0 12.0 18.0
0 910.5 98.0 17.0 24.0
0 916.5 88.5 13.0 17.0
0 928.5 72.5 15.0 21.0
0 973.0 81.5 16.0 19.0
0 992.0 88.0 12.0 16.0
0 957.0 98.0 20.0 20.0
0 946.0 119.5 18.0 23.0
0 923.0 148.5 24.0 33.0
0 894.5 182.0 25.0 42.0
0 866.5 223.0 43.0 48.0
0 959.0 226.5 38.0 51.0
0 980.5 153.5 27.0 33.0
0 985.0 134.5 20.0 25.0
0 996.5 121.0 21.0 22.0
0 961.0 207.0 30.0 28.0
