0 135.0 226.5 50.0 53.0
0 177.0 203.0 44.0 64.0
0 313.0 105.5 18.0 23.0
0 390.5 128.0 19.0 26.0
0 366.5 104.5 19.0 17.0
0 382.5 84.0 19.0 20.0
0 400.0 117.5 16.0 21.0
0 411.5 90.5 17.0 19.0
0 434.0 120.5 20.0 17.0
0 454.0 84.0 18.0 16.0
0 430.5 91.0 15.0 14.0
0 496.0 99.5 20.0 21.0
0 516.0 101.5 16.0 23.0
0 553.5 64.5 15.0 15.0
0 631.0 28.5 14.0 15.0
0 684.5 52.0 13.0 18.0
0 577.0 128.0 20.0 22.0
0 583.0 160.0 28.0 38.0
0 611.5 131.5 23.0 29.0
0 643.5 97.0 17.0 22.0
0 676.0 105.0 18.0 16.0
0 688.0 86.0 16.0 18.0
0 677.0 153.0 28.0 28.0
0 726.0 104.5 14.0 19.0
0 717.5 93.5 17.0 19.0
0 744.5 78.5 17.0 19.0
0 747.0 100.0 14.0 26.0
0 771.0 110.0 18.0 20.0
0 774.5 84.5 17.0 19.0
0 792.0 134.5 22.0 25.0
0 835.5 151.0 27.0 30.0
0 855.0 107.5 16.0 25.0
0 887.0 142.5 18.0 23.0
0 897.0 123.0 16.0 20.0
0 909.0 107.0 18.0 24.0
