0 96.0 264.0 60.0 62.0
0 259.5 121.5 17.0 21.0
0 292.5 115.0 15.0 20.0
0 304.0 113.0 16.0 20.0
0 323.0 114.0 18.0 22.0
0 308.5 95.0 15.0 18.0
0 330.5 104.5 17.0 23.0
0 349.5 109.0 15.0 22.0
0 358.5 121.0 17.0 24.0
0 384.0 126.0 20.0 26.0
0 414.5 127.5 21.0 25.0
0 389.5 105.5 17.0 21.0
0 369.5 108.5 15.0 19.0
0 352.5 87.0 15.0 14.0
0 375.5 89.5 15.0 19.0
0 396.0 81.5 12.0 15.0
0 412.0 82.0 12.0 14.0
0 410.5 95.5 13.0 17.0
0 431.0 107.5 20.0 23.0
0 435.5 68.5 11.0 15.0
0 452.0 75.0 10.0 16.0
0 460.0 79.0 10.0 14.0
0 465.5 92.5 13.0 19.0
0 489.5 92.5 17.0 19.0
0 519.0 94.5 16.0 21.0
0 527.0 83.0 14.0 20.0
0 503.0 79.5 12.0 17.0
0 493.5 75.0 11.0 14.0
0 475.5 76.0 15.0 18.0
0 467.5 63.5 11.0 15.0
0 515.0 67.5 14.0 17.0
0 539.5 70.5 13.0 15.0
0 563.0 83.5 14.0 21.0
0 571.0 77.0 12.0 18.0
0 570.5 62.5 11.0 15.0
0 585.5 69.5 13.0 17.0
0 587.0 58.0 10.0 12.0
0 602.0 81.5 14.0 19.0
0 610.5 69.5 13.0 17.0
0 613.5 58.0 13.0 16.0
0 634.0 67.0 12.0 14.0
0 643.5 54.5 13.0 17.0
0 661.0 58.0 10.0 18.0
0 552.0 118.0 26.0 28.0
0 595.5 133.0 23.0 32.0
0 627.0 177.0 30.0 44.0
0 596.0 110.5 18.0 23.0
0 619.5 115.0 17.0 26.0
0 626.0 94.0 16.0 20.0
0 647.0 134.5 20.0 29.0
0 678.5 127.5 19.0 23.0
0 674.0 94.5 18.0 23.0
0 657.5 92.5 15.0 21.0
0 688.0 77.0 12.0 18.0
0 693.0 88.0 16.0 20.0
0 707.0 101.0 20.0 24.0
0 713.5 132.5 23.0 33.0
0 697.0 200.0 34.0 44.0
0 746.0 151.5 24.0 33.0
0 748.5 104.0 17.0 22.0
0 741.5 87.0 13.0 18.0
0 739.0 72.5 12.0 17.0
0 713.5 68.5 13.0 19.0
0 727.5 67.0 11.0 16.0
0 752.5 71.0 11.0 16.0
0 771.5 67.0 13.0 16.0
0 778.5 88.0 13.0 20.0
0 764.5 109.0 17.0 18.0
0 769.5 134.5 23.0 29.0
0 785.5 111.5 17.0 25.0
0 859.5 179.0 27.0 38.0
0 826.5 121.5 19.0 25.0
0 840.0 113.5 14.0 23.0
0 849.0 98.0 12.0 18.0
0 811.0 98.0 14.0 20.0
0 805.0 119.0 16.0 18.0
0 804.5 77.5 13.0 13.0
0 786.0 82.0 14.0 18.0
0 820.5 84.5 13.0 19.0
0 852.5 81.5 11.0 15.0
0 891.0 101.5 12.0 21.0
0 876.5 103.0 13.0 18.0
0 888.5 123.0 15.0 24.0
0 875.5 133.5 19.0 25.0
