0 168.0 211.0 48.0 48.0
0 273.5 169.5 19.0 25.0
0 314.0 165.0 22.0 22.0
0 333.0 148.0 22.0 24.0
0 346.0 129.5 16.0 19.0
0 368.0 130.5 18.0 21.0
0 386.0 131.5 14.0 21.0
0 392.5 145.5 15.0 27.0
0 405.0 136.5 16.0 19.0
0 409.0 120.5 20.0 21.0
0 437.5 102.0 15.0 14.0
0 451.5 113.5 17.0 17.0
0 460.0 133.5 16.0 27.0
0 474.5 116.0 19.0 24.0
0 484.0 105.5 16.0 21.0
0 482.5 137.0 21.0 24.0
0 499.0 98.0 16.0 18.0
0 507.5 113.5 13.0 23.0
0 520.0 103.5 16.0 19.0
0 527.5 114.0 15.0 22.0
0 550.5 126.0 21.0 22.0
0 505.0 151.0 24.0 18.0
0 517.5 79.5 13.0 15.0
0 559.0 80.0 14.0 18.0
0 584.5 95.5 15.0 21.0
0 614.5 51.5 13.0 15.0
0 636.0 75.0 16.0 16.0
0 611.0 73.5 14.0 17.0
0 607.0 112.5 20.0 21.0
0 615.0 99.5 18.0 19.0
0 656.5 92.5 21.0 19.0
0 671.0 62.0 14.0 14.0
0 687.5 61.0 15.0 16.0
0 714.0 42.5 16.0 19.0
0 665.0 127.0 22.0 24.0
0 605.5 148.0 21.0 24.0
0 517.5 181.5 35.0 27.0
0 570.0 210.0 30.0 28.0
0 632.5 213.0 31.0 38.0
0 710.5 220.5 31.0 35.0
0 648.0 160.5 26.0 29.0
0 702.5 181.5 27.0 33.0
0 709.5 128.5 21.0 25.0
0 710.0 109.5 20.0 23.0
0 733.0 93.0 18.0 20.0
0 739.5 114.5 19.0 21.0
0 735.5 132.0 23.0 26.0
0 793.5 118.5 19.0 25.0
0 776.5 95.0 19.0 22.0
0 796.0 98.0 14.0 20.0
0 764.0 38.5 16.0 17.0
0 828.0 77.5 14.0 21.0
0 847.5 87.5 13.0 17.0
0 874.5 99.5 15.0 19.0
0 859.5 83.0 13.0 14.0
0 888.0 86.5 14.0 21.0
0 841.5 111.5 21.0 29.0
0 903.5 93.5 15.0 19.0
0 916.5 89.5 15.0 21.0
0 923.0 81.0 14.0 18.0
0 955.5 84.5 11.0 15.0
0 951.0 95.0 14.0 16.0
0 948.0 104.0 16.0 16.0
0 940.5 111.0 17.0 22.0
0 986.5 122.0 17.0 22.0
0 993.5 97.0 15.0 18.0
0 899.5 108.0 15.0 16.0
0 931.5 147.5 21.0 23.0
0 976.5 172.5 25.0 33.0
0 865.5 154.5 21.0 35.0
0 795.0 160.5 26.0 29.0
0 767.0 175.5 28.0 35.0
0 841.5 191.0 25.0 36.0
0 535.0 89.5 16.0 13.0
0 836.0 73.0 14.0 18.0
