0 89.5 283.5 55.0 57.0
0 275.0 177.5 22.0 19.0
0 296.5 165.0 17.0 22.0
0 318.5 158.0 17.0 22.0
0 334.5 171.0 21.0 24.0
0 359.0 175.0 22.0 24.0
0 337.5 139.0 15.0 18.0
0 368.0 137.0 18.0 18.0
0 351.0 151.5 22.0 19.0
0 399.5 142.5 19.0 21.0
0 398.0 125.0 20.0 16.0
0 439.5 142.0 23.0 20.0
0 452.5 165.5 25.0 25.0
0 432.0 108.0 16.0 16.0
0 450.0 117.5 18.0 17.0
0 476.5 136.5 23.0 25.0
0 499.5 146.5 23.0 29.0
0 518.0 129.0 18.0 22.0
0 498.5 121.0 21.0 22.0
0 477.0 108.0 18.0 18.0
0 480.0 91.5 18.0 15.0
0 507.0 93.0 18.0 16.0
0 516.0 104.0 16.0 18.0
0 517.5 85.5 15.0 17.0
0 538.5 104.0 19.0 22.0
0 577.5 120.5 21.0 25.0
0 580.0 99.5 20.0 19.0
0 562.0 84.5 10.0 15.0
0 572.5 86.5 13.0 13.0
0 593.0 68.5 14.0 17.0
0 594.5 85.0 17.0 16.0
0 616.0 101.0 18.0 20.0
0 627.5 93.5 17.0 21.0
0 632.0 78.0 14.0 16.0
0 634.5 65.5 17.0 15.0
0 660.0 87.0 16.0 22.0
0 651.5 70.0 13.0 14.0
0 664.0 67.0 12.0 16.0
0 685.0 70.5 16.0 15.0
0 703.0 80.0 18.0 18.0
0 741.5 65.0 17.0 22.0
0 751.0 85.5 18.0 21.0
0 730.0 96.5 18.0 25.0
0 694.5 112.0 21.0 28.0
0 519.5 181.5 27.0 31.0
0 591.0 183.5 28.0 31.0
0 596.0 151.5 30.0 25.0
0 649.5 157.5 23.0 25.0
0 647.0 132.0 20.0 26.0
0 643.5 208.5 29.0 33.0
0 716.5 205.5 35.0 43.0
0 706.5 157.5 27.0 31.0
0 747.0 134.0 22.0 30.0
0 711.0 129.0 22.0 26.0
0 802.0 146.5 26.0 29.0
0 763.0 177.0 30.0 30.0
0 833.5 175.0 29.0 38.0
0 798.5 117.0 21.0 26.0
0 778.5 100.5 19.0 23.0
0 773.0 77.0 20.0 24.0
0 797.5 88.5 17.0 21.0
0 810.5 102.0 19.0 22.0
0 800.5 69.0 17.0 16.0
0 814.0 81.0 16.0 20.0
0 822.0 79.0 14.0 18.0
0 847.0 83.5 20.0 21.0
0 864.5 79.5 13.0 19.0
0 888.0 86.0 20.0 22.0
0 878.5 101.0 19.0 24.0
0 855.5 109.5 25.0 25.0
0 905.5 114.0 19.0 24.0
0 908.5 94.5 17.0 21.0
0 920.0 93.5 18.0 19.0
0 928.0 81.5 14.0 15.0
0 953.5 82.5 17.0 17.0
0 948.5 102.0 15.0 18.0
0 940.0 116.0 20.0 26.0
0 929.5 136.5 21.0 25.0
0 986.0 121.5 24.0 23.0
0 989.0 98.0 16.0 20.0
0 988.0 178.0 28.0 36.0
