0 164.5 324.0 49.0 58.0
0 281.5 234.5 17.0 21.0
0 309.0 242.5 22.0 29.0
0 346.5 257.0 21.0 26.0
0 345.5 211.5 15.0 21.0
0 419.5 244.5 23.0 29.0
0 428.0 203.0 20.0 20.0
0 461.5 233.5 17.0 21.0
0 428.0 224.5 18.0 17.0
0 494.5 230.0 23.0 26.0
0 490.5 208.5 15.0 21.0
0 531.5 236.0 25.0 30.0
0 525.5 214.0 17.0 22.0
0 477.0 179.5 18.0 21.0
0 490.5 190.0 15.0 16.0
0 512.0 184.0 14.0 16.0
0 534.0 184.0 16.0 22.0
0 565.5 211.0 19.0 20.0
0 565.0 186.5 18.0 19.0
0 555.0 170.0 14.0 16.0
0 565.5 162.5 13.0 13.0
0 600.0 186.5 16.0 25.0
0 622.5 196.0 19.0 24.0
0 602.0 224.0 22.0 26.0
0 692.5 193.5 17.0 21.0
0 648.0 175.5 16.0 21.0
0 623.5 170.0 17.0 18.0
0 683.0 152.5 10.0 13.0
0 722.0 156.5 16.0 17.0
0 738.0 143.0 12.0 16.0
0 757.0 153.0 14.0 18.0
0 805.0 146.0 10.0 14.0
0 812.0 161.5 12.0 17.0
0 829.5 160.0 11.0 16.0
0 772.0 173.0 14.0 16.0
0 731.5 175.5 13.0 15.0
0 699.0 174.0 16.0 14.0
0 605.5 268.0 29.0 40.0
0 657.5 280.5 31.0 35.0
0 648.0 263.0 24.0 24.0
0 720.5 229.0 25.0 30.0
0 738.5 298.0 31.0 38.0
0 763.5 322.0 35.0 40.0
0 852.5 373.0 39.0 52.0
0 966.0 342.0 28.0 36.0
0 801.5 258.0 27.0 32.0
0 834.5 243.5 19.0 29.0
0 808.5 194.0 19.0 22.0
0 766.5 217.0 23.0 26.0
0 850.5 175.0 15.0 20.0
0 870.0 199.5 16.0 25.0
0 885.0 173.5 14.0 23.0
0 897.0 154.5 16.0 19.0
0 900.5 188.0 15.0 18.0
0 924.5 196.5 17.0 23.0
0 924.5 176.0 13.0 18.0
0 939.0 165.0 12.0 16.0
0 947.0 184.5 16.0 21.0
0 979.0 171.0 18.0 22.0
0 895.5 284.5 27.0 35.0
0 984.0 194.5 16.0 17.0
0 981.0 216.5 16.0 21.0
0 979.0 252.5 26.0 35.0
0 950.5 287.5 25.0 31.0
0 1036.0 287.5 26.0 31.0
0 1028.5 212.5 15.0 23.0
0 1016.0 180.0 16.0 20.0
0 1038.0 189.5 14.0 19.0
0 1051.5 197.5 17.0 21.0
0 1054.5 176.5 15.0 19.0
0 1085.5 201.0 17.0 26.0
0 1132.0 217.5 14.0 19.0
0 1130.0 195.5 14.0 15.0
0 1091.5 230.0 17.0 26.0
0 1120.0 244.0 16.0 26.0
0 1101.0 275.0 22.0 30.0
0 1097.0 320.0 30.0 38.0
0 1047.0 234.5 22.0 33.0
0 1021.0 321.5 34.0 33.0
