0 169.0 234.0 36.0 42.0
0 250.5 114.0 23.0 24.0
0 284.5 113.0 17.0 22.0
0 309.0 93.5 14.0 19.0
0 322.5 94.5 15.0 17.0
0 323.0 110.5 20.0 21.0
0 356.0 139.5 24.0 29.0
0 341.0 124.0 18.0 20.0
0 358.0 102.5 20.0 23.0
0 367.0 117.5 24.0 17.0
0 379.5 101.5 15.0 21.0
0 362.0 79.0 12.0 14.0
0 383.0 80.5 14.0 15.0
0 406.0 74.0 12.0 18.0
0 407.0 95.0 16.0 20.0
0 426.5 102.5 17.0 19.0
0 438.5 65.0 15.0 14.0
0 443.0 72.5 12.0 15.0
0 452.0 78.0 12.0 14.0
0 461.0 89.5 16.0 19.0
0 481.0 92.0 16.0 20.0
0 469.5 76.0 13.0 14.0
0 456.0 56.0 12.0 12.0
0 475.5 63.0 13.0 18.0
0 519.5 93.0 15.0 20.0
0 512.5 86.5 17.0 19.0
0 503.5 73.0 15.0 14.0
0 518.5 75.0 15.0 16.0
0 511.0 61.5 12.0 13.0
0 545.5 79.5 17.0 17.0
0 546.0 52.5 12.0 13.0
0 576.5 69.0 11.0 16.0
0 593.0 78.5 12.0 17.0
0 615.0 57.5 14.0 21.0
0 627.0 52.0 14.0 18.0
0 639.0 62.0 16.0 18.0
0 646.5 52.0 17.0 18.0
0 621.0 88.5 18.0 17.0
0 600.5 73.0 13.0 18.0
0 547.5 114.5 25.0 23.0
0 586.5 117.5 21.0 23.0
0 595.0 98.5 20.0 21.0
0 628.0 108.0 18.0 20.0
0 632.5 129.0 29.0 26.0
0 644.5 159.5 35.0 39.0
0 705.0 179.5 28.0 35.0
0 731.5 148.0 25.0 30.0
0 703.5 124.0 29.0 30.0
0 677.0 114.0 22.0 26.0
0 662.5 93.0 21.0 24.0
0 673.0 72.0 16.0 20.0
0 673.5 89.5 17.0 17.0
0 693.5 96.0 17.0 20.0
0 689.0 66.5 14.0 15.0
0 705.5 62.5 11.0 19.0
0 718.5 72.0 13.0 18.0
0 725.5 80.0 13.0 16.0
0 739.0 63.5 14.0 17.0
0 749.0 66.5 14.0 19.0
0 777.0 80.5 14.0 19.0
0 760.5 90.0 15.0 20.0
0 735.0 104.0 16.0 20.0
0 749.0 102.5 22.0 21.0
0 764.0 127.5 18.0 23.0
0 779.0 114.5 20.0 21.0
0 847.0 175.5 32.0 39.0
0 825.0 117.0 18.0 24.0
0 856.0 132.0 20.0 28.0
0 870.5 113.0 17.0 22.0
0 860.5 100.0 15.0 22.0
0 872.5 94.0 17.0 22.0
0 837.5 94.0 19.0 24.0
0 800.5 87.5 15.0 19.0
