0 327.0 122.5 20.0 21.0
0 360.5 119.0 19.0 22.0
0 379.5 99.0 21.0 22.0
0 415.5 97.5 19.0 19.0
0 441.5 101.0 19.0 20.0
0 466.5 117.5 23.0 25.0
0 472.5 93.5 21.0 23.0
0 444.5 87.5 17.0 15.0
0 440.5 83.5 15.0 19.0
0 475.5 76.5 15.0 15.0
0 506.0 105.0 18.0 22.0
0 498.5 96.5 17.0 19.0
0 499.5 80.0 15.0 14.0
0 501.0 71.5 12.0 13.0
0 522.5 78.0 15.0 16.0
0 530.5 70.5 15.0 15.0
0 543.0 83.0 16.0 20.0
0 549.0 109.0 18.0 24.0
0 528.5 97.5 17.0 17.0
0 552.5 96.0 19.0 20.0
0 584.5 102.5 17.0 21.0
0 574.5 84.0 17.0 20.0
0 558.5 77.0 13.0 16.0
0 583.5 68.5 15.0 17.0
0 598.5 79.0 15.0 18.0
0 615.0 59.0 14.0 14.0
0 623.5 94.5 19.0 21.0
0 626.5 81.5 15.0 13.0
0 630.0 71.0 14.0 16.0
0 575.5 133.0 25.0 34.0
0 624.0 125.0 22.0 26.0
0 660.0 107.0 18.0 24.0
0 672.0 133.5 22.0 29.0
0 702.5 137.0 25.0 34.0
0 663.5 64.0 13.0 12.0
0 678.0 63.0 12.0 16.0
0 658.5 80.5 13.0 15.0
0 669.5 79.0 13.0 16.0
0 687.0 83.5 14.0 13.0
0 707.0 67.5 14.0 15.0
0 725.5 83.5 17.0 19.0
0 714.0 109.0 18.0 20.0
0 698.0 101.0 16.0 20.0
0 739.0 99.5 14.0 19.0
0 744.0 82.5 16.0 19.0
0 763.5 78.0 13.0 16.0
0 779.5 106.5 19.0 27.0
0 783.5 83.5 15.0 17.0
0 795.5 95.0 19.0 22.0
0 800.0 78.0 14.0 18.0
0 812.5 90.0 17.0 20.0
0 829.0 75.5 16.0 19.0
0 829.0 106.0 18.0 24.0
0 805.5 117.5 17.0 23.0
0 765.5 182.5 41.0 51.0
0 859.5 116.5 19.0 29.0
0 859.0 81.5 18.0 19.0
0 881.0 88.0 16.0 18.0
0 885.0 130.5 18.0 25.0
0 876.5 152.0 21.0 28.0
0 935.5 146.0 19.0 28.0
0 938.0 121.5 22.0 21.0
0 940.0 107.5 16.0 17.0
0 944.5 93.5 13.0 15.0
0 920.5 102.5 17.0 23.0
