0 56.5 111.5 15.0 21.0
0 93.5 242.5 25.0 27.0
0 89.0 285.5 24.0 31.0
0 170.0 343.0 32.0 38.0
0 259.5 249.5 25.0 35.0
0 149.0 130.0 16.0 22.0
0 214.0 150.0 18.0 24.0
0 204.5 103.0 21.0 22.0
0 226.0 106.5 16.0 23.0
0 300.0 170.5 14.0 25.0
0 286.5 196.0 19.0 32.0
0 249.5 74.0 13.0 16.0
0 283.5 79.5 15.0 17.0
0 304.5 63.0 19.0 22.0
0 361.0 93.5 16.0 21.0
0 366.0 110.5 14.0 23.0
0 390.0 135.5 18.0 21.0
0 430.5 114.5 17.0 21.0
0 705.5 272.5 31.0 41.0
0 447.0 49.0 12.0 20.0
0 473.5 103.5 19.0 23.0
0 525.5 100.0 17.0 20.0
0 497.5 50.5 13.0 17.0
0 531.5 52.5 15.0 15.0
0 599.5 39.0 15.0 18.0
0 577.0 73.0 16.0 18.0
0 589.5 94.5 19.0 17.0
0 613.5 101.5 17.0 17.0
0 607.0 137.5 20.0 23.0
0 596.5 167.0 27.0 22.0
0 702.5 176.0 21.0 24.0
0 638.5 63.0 11.0 12.0
0 653.5 47.5 13.0 13.0
0 677.0 103.0 14.0 18.0
0 712.5 116.0 23.0 24.0
0 777.0 139.0 20.0 20.0
0 714.0 80.0 16.0 16.0
0 728.5 78.0 11.0 14.0
0 715.5 55.0 13.0 16.0
0 852.5 192.0 21.0 30.0
0 773.0 65.5 16.0 15.0
0 806.0 86.0 16.0 20.0
0 862.5 117.0 19.0 18.0
0 886.0 98.5 16.0 23.0
0 881.5 118.0 15.0 20.0
0 882.0 156.0 18.0 22.0
0 956.0 199.5 28.0 27.0
0 916.5 135.5 15.0 21.0
0 954.5 118.0 21.0 18.0
0 1011.0 135.5 18.0 23.0
0 1058.0 159.0 22.0 30.0
0 1152.5 212.0 33.0 32.0
0 604.0 64.0 26.0 30.0
0 58.5 144.5 17.0 25.0
