0 28.0 290.5 30.0 33.0
0 292.5 243.0 19.0 24.0
0 325.5 250.0 25.0 28.0
0 355.5 260.5 25.0 33.0
0 351.0 221.0 22.0 24.0
0 419.0 259.5 30.0 33.0
0 464.5 250.0 23.0 26.0
0 460.0 232.0 20.0 24.0
0 440.5 210.0 21.0 24.0
0 498.0 244.0 24.0 26.0
0 506.0 216.0 18.0 22.0
0 496.0 199.0 20.0 22.0
0 476.0 190.0 18.0 22.0
0 528.0 202.0 22.0 20.0
0 547.0 220.5 24.0 29.0
0 549.0 243.5 24.0 31.0
0 581.0 219.0 24.0 26.0
0 523.0 187.5 16.0 15.0
0 565.5 177.5 17.0 19.0
0 576.0 170.5 16.0 17.0
0 608.0 196.0 22.0 24.0
0 634.0 201.5 22.0 21.0
0 640.5 225.5 23.0 23.0
0 637.0 180.5 18.0 19.0
0 660.5 182.5 19.0 25.0
0 690.0 205.0 20.0 24.0
0 678.0 165.0 18.0 24.0
0 700.0 176.5 18.0 19.0
0 700.0 163.5 14.0 17.0
0 734.5 178.0 17.0 18.0
0 741.0 163.0 16.0 18.0
0 749.5 149.5 15.0 21.0
0 767.5 156.5 21.0 21.0
0 791.0 179.0 18.0 22.0
0 802.0 169.0 16.0 18.0
0 809.5 158.5 15.0 15.0
0 824.0 163.0 16.0 20.0
0 841.0 167.0 14.0 20.0
0 618.5 282.5 35.0 45.0
0 667.0 288.5 36.0 41.0
0 662.0 263.5 32.0 33.0
0 693.0 191.0 20.0 18.0
0 726.5 234.5 25.0 29.0
0 747.5 270.5 37.0 37.0
0 751.0 309.5 42.0 47.0
0 820.5 319.0 43.0 48.0
0 813.0 270.5 32.0 39.0
0 795.0 241.5 22.0 29.0
0 777.0 214.0 28.0 28.0
0 835.0 193.0 24.0 26.0
0 862.0 180.5 20.0 21.0
0 835.0 228.5 22.0 27.0
0 850.0 250.0 28.0 34.0
0 877.0 362.5 50.0 63.0
0 884.5 212.5 27.0 31.0
0 914.5 195.0 21.0 22.0
0 910.0 159.0 14.0 22.0
0 938.0 204.0 18.0 26.0
0 947.5 188.5 19.0 25.0
0 957.5 166.0 19.0 22.0
0 991.5 179.0 21.0 24.0
0 998.0 216.0 26.0 24.0
0 1003.5 197.0 21.0 24.0
0 993.5 261.5 27.0 35.0
0 967.0 290.5 34.0 37.0
0 908.5 291.0 35.0 38.0
0 1024.5 370.5 45.0 47.0
0 1034.0 320.5 36.0 41.0
0 1049.5 298.5 27.0 35.0
0 1068.5 264.5 27.0 37.0
0 1112.0 333.5 36.0 47.0
0 1118.5 284.0 31.0 40.0
0 1132.0 255.0 24.0 26.0
0 1129.5 236.0 19.0 26.0
0 1141.0 226.0 16.0 20.0
0 1142.0 203.0 18.0 20.0
0 1094.0 210.5 20.0 25.0
0 1068.0 227.5 20.0 25.0
0 1034.5 224.0 21.0 28.0
0 1044.0 205.0 22.0 24.0
0 1037.0 182.5 18.0 21.0
0 1051.0 190.0 14.0 22.0
0 1069.0 186.0 16.0 20.0
