0 212.5 230.0 49.0 56.0
0 313.5 133.5 19.0 23.0
0 336.0 141.5 20.0 23.0
0 355.5 138.5 21.0 27.0
0 383.5 145.5 21.0 29.0
0 409.0 154.0 22.0 28.0
0 458.5 155.5 23.0 29.0
0 363.0 111.0 20.0 24.0
0 388.0 117.5 20.0 23.0
0 407.5 114.5 21.0 25.0
0 425.0 122.5 22.0 25.0
0 461.5 121.5 21.0 23.0
0 494.0 145.0 26.0 26.0
0 460.5 99.0 19.0 22.0
0 477.5 106.5 21.0 23.0
0 500.5 90.5 19.0 19.0
0 517.0 109.5 24.0 25.0
0 548.0 135.0 26.0 28.0
0 551.5 110.5 21.0 23.0
0 536.5 98.0 21.0 22.0
0 516.5 80.5 15.0 17.0
0 535.5 81.5 15.0 15.0
0 592.5 111.0 19.0 24.0
0 579.5 97.5 17.0 23.0
0 558.0 88.0 14.0 20.0
0 554.0 75.5 14.0 19.0
0 579.0 75.5 16.0 19.0
0 603.5 102.5 19.0 19.0
0 601.5 87.5 15.0 17.0
0 604.5 71.5 15.0 19.0
0 620.5 91.0 13.0 18.0
0 633.0 81.5 14.0 19.0
0 639.0 112.0 24.0 22.0
0 641.5 69.0 13.0 18.0
0 654.5 81.0 15.0 20.0
0 665.5 92.5 15.0 17.0
0 661.0 68.5 14.0 19.0
0 684.0 93.0 16.0 20.0
0 686.5 75.5 17.0 17.0
0 694.0 68.0 14.0 18.0
0 711.0 62.0 16.0 16.0
0 722.5 79.5 17.0 19.0
0 726.5 69.5 13.0 15.0
0 750.0 74.5 14.0 19.0
0 747.0 64.5 14.0 15.0
0 774.5 69.0 15.0 20.0
0 551.0 170.5 28.0 39.0
0 632.0 175.5 28.0 37.0
0 665.5 194.5 33.0 47.0
0 646.5 147.5 29.0 33.0
0 683.5 154.0 27.0 34.0
0 687.0 124.5 20.0 25.0
0 732.0 164.5 24.0 31.0
0 743.5 216.0 35.0 46.0
0 737.0 119.0 20.0 26.0
0 770.5 98.5 19.0 27.0
0 785.0 117.0 18.0 26.0
0 801.0 177.5 28.0 35.0
0 803.0 134.5 26.0 29.0
0 834.0 124.5 22.0 29.0
0 813.5 89.5 17.0 19.0
0 823.5 96.5 19.0 23.0
0 829.5 82.5 19.0 21.0
0 842.5 96.5 15.0 23.0
0 859.5 82.5 15.0 17.0
0 888.5 96.0 17.0 18.0
0 870.0 135.0 22.0 28.0
0 853.5 149.0 23.0 32.0
0 867.0 179.5 24.0 39.0
0 853.5 222.5 33.0 41.0
0 907.5 239.5 37.0 49.0
0 914.5 189.0 25.0 40.0
0 918.0 150.5 24.0 33.0
0 944.5 168.0 21.0 28.0
0 974.5 144.0 21.0 28.0
0 1011.5 206.5 29.0 39.0
0 959.5 263.5 37.0 49.0
0 1018.0 178.5 26.0 25.0
0 1022.5 145.5 19.0 25.0
