0 750.5 185.5 45.0 51.0
0 792.0 135.0 20.0 28.0
0 636.0 120.0 22.0 20.0
0 603.5 114.5 23.0 21.0
0 570.5 107.0 21.0 22.0
0 525.0 119.0 22.0 24.0
0 485.5 108.0 23.0 20.0
0 411.5 117.0 19.0 22.0
0 332.5 97.0 15.0 18.0
0 295.0 100.5 18.0 17.0
0 357.5 86.5 13.0 17.0
0 372.5 89.5 15.0 17.0
0 398.0 81.0 14.0 18.0
0 396.5 69.5 13.0 13.0
0 415.5 82.5 15.0 19.0
0 421.0 67.5 16.0 13.0
0 431.5 80.5 19.0 19.0
0 451.5 62.0 13.0 18.0
0 452.5 96.0 21.0 22.0
0 473.0 88.5 18.0 21.0
0 451.0 80.5 16.0 15.0
0 475.5 63.0 13.0 16.0
0 487.5 75.0 17.0 20.0
0 504.5 78.0 19.0 16.0
0 514.0 66.0 16.0 22.0
0 524.0 59.5 16.0 15.0
0 540.5 70.5 17.0 15.0
0 523.5 91.5 17.0 17.0
0 493.0 93.0 20.0 16.0
0 559.5 51.0 19.0 14.0
0 558.0 82.0 16.0 16.0
0 565.5 62.5 15.0 17.0
0 592.5 68.5 11.0 15.0
0 594.0 57.0 12.0 14.0
0 609.0 55.0 10.0 16.0
0 638.0 61.0 12.0 14.0
0 593.0 96.0 16.0 20.0
0 629.0 89.5 16.0 19.0
0 647.0 92.5 16.0 19.0
0 652.5 72.0 13.0 18.0
0 666.5 73.5 13.0 15.0
0 670.5 86.0 13.0 16.0
0 721.5 104.0 17.0 22.0
0 697.0 88.0 12.0 22.0
0 687.0 69.0 12.0 14.0
0 718.0 64.5 12.0 15.0
0 730.0 80.0 14.0 18.0
0 743.0 65.5 10.0 17.0
0 749.5 85.5 13.0 19.0
0 773.0 103.0 16.0 24.0
0 771.0 74.0 10.0 18.0
0 790.0 73.0 12.0 16.0
0 821.5 89.0 13.0 20.0
0 852.0 84.0 12.0 18.0
0 836.5 125.0 21.0 28.0
0 807.5 120.0 17.0 24.0
0 847.0 115.5 16.0 23.0
