0 216.5 203.0 45.0 48.0
0 302.0 124.5 16.0 21.0
0 323.5 128.0 21.0 22.0
0 344.0 130.0 20.0 22.0
0 348.5 106.0 17.0 20.0
0 362.5 113.5 19.0 21.0
0 373.5 144.0 23.0 26.0
0 400.5 137.5 21.0 27.0
0 389.5 107.5 17.0 19.0
0 420.5 108.0 21.0 26.0
0 447.0 129.0 22.0 24.0
0 464.0 109.5 18.0 19.0
0 466.0 91.0 16.0 18.0
0 440.5 79.5 13.0 19.0
0 489.5 114.5 19.0 23.0
0 517.0 121.5 24.0 25.0
0 510.0 98.5 20.0 21.0
0 501.0 80.0 16.0 18.0
0 483.0 75.5 18.0 17.0
0 522.0 78.0 14.0 16.0
0 525.0 64.0 16.0 18.0
0 506.5 71.0 15.0 14.0
0 541.0 75.5 14.0 15.0
0 544.0 67.0 10.0 12.0
0 566.0 63.5 14.0 19.0
0 538.5 91.5 15.0 17.0
0 545.5 101.0 19.0 20.0
0 577.5 99.0 15.0 20.0
0 569.0 91.0 18.0 18.0
0 584.0 82.5 14.0 15.0
0 586.5 66.5 15.0 19.0
0 595.5 67.0 15.0 18.0
0 609.0 79.5 18.0 19.0
0 604.5 97.5 19.0 21.0
0 628.5 65.5 13.0 15.0
0 636.5 58.5 13.0 15.0
0 643.5 66.5 15.0 17.0
0 643.0 79.5 14.0 19.0
0 675.0 83.0 14.0 22.0
0 655.5 57.5 17.0 19.0
0 678.0 53.5 12.0 17.0
0 683.5 65.5 15.0 17.0
0 703.0 55.0 14.0 16.0
0 709.5 64.5 15.0 15.0
0 738.5 57.0 15.0 18.0
0 516.0 161.5 32.0 37.0
0 578.5 170.5 29.0 37.0
0 586.5 138.0 31.0 32.0
0 636.0 135.0 22.0 30.0
0 644.0 118.5 20.0 23.0
0 623.5 187.0 29.0 44.0
0 696.0 144.0 32.0 38.0
0 696.0 110.5 20.0 23.0
0 721.5 89.0 19.0 20.0
0 739.0 101.5 22.0 31.0
0 764.0 91.0 20.0 22.0
0 772.5 74.5 17.0 19.0
0 744.5 124.0 23.0 28.0
0 737.5 154.0 25.0 28.0
0 710.5 186.5 29.0 39.0
0 772.5 106.0 19.0 26.0
0 784.0 86.0 18.0 20.0
0 802.5 74.0 15.0 20.0
0 822.5 84.5 17.0 21.0
0 819.0 121.0 20.0 26.0
0 798.0 138.5 22.0 31.0
0 812.5 164.0 25.0 32.0
0 844.5 139.5 25.0 35.0
0 774.0 209.0 32.0 38.0
0 844.0 227.5 32.0 43.0
0 870.0 201.5 30.0 41.0
0 897.5 149.0 21.0 26.0
0 913.0 127.0 22.0 26.0
0 945.0 193.5 26.0 35.0
0 951.5 161.0 21.0 28.0
0 979.5 125.5 19.0 21.0
0 910.5 249.0 33.0 48.0
