0 72.5 312.5 45.0 55.0
0 291.5 160.5 19.0 21.0
0 299.5 144.0 19.0 22.0
0 335.5 145.0 21.0 24.0
0 350.5 134.5 21.0 23.0
0 362.0 151.0 20.0 26.0
0 396.0 164.0 20.0 24.0
0 414.0 170.5 26.0 27.0
0 381.0 137.5 18.0 25.0
0 393.5 145.0 17.0 16.0
0 403.0 139.5 16.0 19.0
0 398.5 116.0 15.0 18.0
0 414.5 111.0 19.0 20.0
0 437.0 118.5 18.0 23.0
0 456.5 145.5 23.0 29.0
0 471.5 108.5 19.0 25.0
0 491.0 120.0 20.0 22.0
0 498.5 145.5 25.0 25.0
0 496.0 85.5 16.0 19.0
0 513.0 82.0 14.0 18.0
0 515.5 96.5 17.0 21.0
0 522.0 121.5 22.0 25.0
0 536.5 100.5 17.0 23.0
0 556.0 131.0 26.0 30.0
0 570.0 101.5 18.0 27.0
0 580.5 95.5 17.0 21.0
0 597.5 99.5 23.0 27.0
0 602.0 72.0 16.0 22.0
0 623.5 88.5 15.0 19.0
0 648.0 88.0 16.0 20.0
0 632.0 73.0 14.0 16.0
0 652.5 71.5 11.0 17.0
0 677.5 87.0 19.0 22.0
0 681.5 71.5 21.0 21.0
0 515.0 189.0 36.0 38.0
0 578.0 185.0 32.0 42.0
0 626.0 133.5 26.0 35.0
0 656.0 126.0 22.0 28.0
0 645.0 153.5 28.0 33.0
0 654.0 192.0 40.0 38.0
0 705.0 155.5 28.0 37.0
0 690.5 130.5 25.0 29.0
0 708.5 108.5 21.0 25.0
0 731.0 87.5 18.0 21.0
0 738.5 109.5 21.0 25.0
0 739.0 132.0 24.0 30.0
0 781.0 120.5 20.0 27.0
0 769.5 99.0 23.0 20.0
0 755.0 84.5 18.0 21.0
0 779.5 70.0 19.0 22.0
0 799.5 87.0 17.0 20.0
0 811.5 102.0 19.0 22.0
0 822.5 83.5 17.0 21.0
0 838.0 85.0 14.0 24.0
0 857.5 76.0 17.0 24.0
0 885.5 85.0 19.0 24.0
0 865.0 95.5 18.0 19.0
0 850.0 108.0 18.0 22.0
0 827.5 127.0 25.0 26.0
0 805.5 145.0 23.0 34.0
0 766.0 170.0 26.0 34.0
0 820.0 179.0 26.0 34.0
0 891.0 188.5 30.0 41.0
0 873.5 135.5 25.0 29.0
0 891.5 113.0 17.0 24.0
0 905.0 97.5 16.0 23.0
0 935.5 151.5 27.0 31.0
0 973.5 164.0 29.0 32.0
0 977.0 136.5 22.0 29.0
0 943.5 124.5 19.0 29.0
0 946.0 106.0 18.0 20.0
0 954.5 94.0 17.0 24.0
