0 156.5 161.5 17.0 23.0
0 226.0 270.5 44.0 61.0
0 269.5 249.5 43.0 61.0
0 599.5 32.5 17.0 19.0
0 661.0 29.5 16.0 17.0
0 517.0 77.5 20.0 15.0
0 561.5 82.0 19.0 20.0
0 592.0 89.5 20.0 23.0
0 613.0 90.5 20.0 19.0
0 857.5 76.0 13.0 16.0
0 749.0 83.5 16.0 19.0
0 720.0 95.0 18.0 20.0
0 784.0 89.0 26.0 24.0
0 798.5 106.0 19.0 22.0
0 841.0 112.0 16.0 22.0
0 921.5 136.0 19.0 26.0
0 534.0 168.0 28.0 36.0
0 499.5 114.5 17.0 23.0
0 483.5 115.5 25.0 25.0
0 493.0 94.5 20.0 23.0
0 569.0 116.5 16.0 21.0
0 446.5 132.5 19.0 17.0
0 370.5 154.0 21.0 24.0
0 392.5 157.0 21.0 28.0
0 453.0 170.0 20.0 26.0
0 690.5 151.0 23.0 28.0
0 756.5 170.0 29.0 38.0
0 805.0 177.5 30.0 35.0
0 469.0 136.5 16.0 23.0
0 548.0 95.0 18.0 26.0
