0 168.5 379.0 53.0 60.0
0 993.5 378.5 41.0 57.0
0 869.0 349.0 48.0 56.0
0 781.5 343.0 39.0 52.0
0 710.0 314.0 40.0 48.0
0 623.5 339.5 39.0 39.0
0 591.0 273.0 36.0 40.0
0 405.5 262.5 29.0 33.0
0 356.0 255.5 26.0 33.0
0 322.0 242.5 24.0 33.0
0 269.0 256.0 22.0 26.0
0 365.5 213.5 21.0 27.0
0 436.0 213.5 22.0 23.0
0 433.5 240.5 23.0 29.0
0 505.0 238.5 28.0 29.0
0 502.5 211.0 21.0 24.0
0 480.0 194.0 20.0 22.0
0 502.0 193.0 18.0 22.0
0 537.0 193.5 20.0 23.0
0 527.5 177.5 17.0 25.0
0 537.0 221.0 22.0 26.0
0 569.5 237.5 25.0 29.0
0 567.0 191.5 18.0 21.0
0 604.5 194.5 19.0 23.0
0 649.0 191.5 18.0 25.0
0 652.5 253.0 31.0 32.0
0 732.0 261.5 24.0 41.0
0 558.0 176.0 18.0 20.0
0 681.5 200.0 17.0 24.0
0 639.5 179.5 11.0 17.0
0 639.5 169.0 17.0 20.0
0 659.0 177.5 14.0 23.0
0 578.0 170.0 16.0 18.0
0 680.0 160.5 16.0 17.0
0 700.0 158.0 14.0 16.0
0 695.5 193.0 17.0 22.0
0 705.5 173.0 15.0 22.0
0 731.0 176.5 16.0 23.0
0 737.0 150.0 14.0 20.0
0 766.5 153.0 15.0 18.0
0 733.5 165.0 17.0 16.0
0 783.0 178.5 16.0 21.0
0 797.5 155.0 13.0 18.0
0 806.0 165.0 16.0 24.0
0 735.5 227.0 27.0 34.0
0 773.5 218.0 23.0 24.0
0 793.5 242.0 25.0 30.0
0 786.0 280.0 30.0 34.0
0 851.5 250.0 25.0 30.0
0 911.0 286.5 32.0 39.0
0 950.5 313.5 33.0 45.0
0 834.0 223.5 24.0 27.0
0 820.0 200.0 18.0 26.0
0 830.5 161.5 19.0 21.0
0 866.5 175.0 17.0 24.0
0 864.0 212.0 22.0 28.0
0 903.5 179.5 17.0 25.0
0 912.0 170.5 16.0 23.0
0 937.5 188.5 15.0 21.0
0 955.0 186.5 16.0 25.0
0 957.0 172.5 16.0 21.0
0 924.0 219.0 20.0 28.0
0 994.0 174.0 16.0 20.0
0 1030.5 185.5 17.0 21.0
0 1048.0 189.5 16.0 25.0
0 1066.0 183.0 16.0 24.0
0 1097.5 197.5 17.0 23.0
0 1141.5 188.5 15.0 25.0
0 996.5 196.0 15.0 20.0
0 1001.5 216.0 19.0 26.0
0 1035.0 221.5 16.0 25.0
0 1090.5 230.0 19.0 28.0
0 1144.0 218.0 18.0 22.0
0 1124.0 222.5 18.0 29.0
0 1137.5 247.5 19.0 35.0
0 1123.0 288.5 26.0 43.0
0 1066.5 259.0 23.0 34.0
0 1012.0 243.0 24.0 34.0
0 995.0 249.5 26.0 33.0
0 1045.5 281.5 29.0 31.0
0 1131.0 337.5 34.0 49.0
0 1031.5 316.5 35.0 41.0
