0 71.5 239.5 41.0 43.0
0 276.0 170.5 18.0 21.0
0 305.5 162.5 19.0 17.0
0 324.5 161.5 17.0 27.0
0 332.5 143.5 19.0 19.0
0 349.5 150.5 19.0 19.0
0 367.0 168.0 22.0 26.0
0 431.5 173.5 25.0 29.0
0 399.0 130.0 18.0 18.0
0 410.5 131.5 17.0 23.0
0 416.0 120.0 18.0 18.0
0 439.0 106.5 18.0 19.0
0 437.5 139.5 17.0 19.0
0 462.0 116.5 16.0 19.0
0 478.0 119.0 18.0 18.0
0 476.0 137.0 18.0 24.0
0 500.0 141.0 24.0 22.0
0 499.0 119.0 16.0 20.0
0 521.5 119.5 19.0 19.0
0 493.0 103.0 14.0 16.0
0 498.5 94.5 19.0 19.0
0 521.5 99.5 23.0 19.0
0 523.0 79.5 12.0 13.0
0 555.5 100.0 17.0 18.0
0 556.5 83.5 13.0 15.0
0 567.0 85.5 14.0 17.0
0 580.5 96.0 15.0 20.0
0 574.0 122.5 20.0 23.0
0 594.5 85.0 15.0 18.0
0 603.5 68.5 13.0 15.0
0 617.0 100.0 20.0 26.0
0 626.0 81.0 10.0 16.0
0 640.0 90.0 20.0 20.0
0 653.0 78.5 14.0 17.0
0 642.5 61.5 15.0 17.0
0 670.0 61.5 16.0 15.0
0 683.0 75.5 14.0 11.0
0 697.0 60.5 14.0 17.0
0 719.0 76.5 14.0 17.0
0 734.5 62.5 15.0 17.0
0 738.0 88.0 16.0 20.0
0 764.0 88.0 16.0 22.0
0 759.5 112.0 19.0 22.0
0 693.5 113.5 25.0 21.0
0 689.5 141.0 21.0 28.0
0 646.5 125.0 23.0 22.0
0 615.0 148.5 24.0 25.0
0 656.5 153.5 27.0 29.0
0 710.0 156.5 24.0 29.0
0 744.5 137.0 21.0 26.0
0 772.5 171.0 27.0 32.0
0 719.0 215.5 34.0 39.0
0 654.5 200.5 29.0 39.0
0 597.5 176.5 31.0 33.0
0 520.5 187.0 27.0 30.0
0 791.0 76.0 14.0 18.0
0 806.0 65.5 12.0 17.0
0 798.5 92.0 15.0 16.0
0 793.5 106.0 17.0 20.0
0 787.0 122.0 20.0 24.0
0 802.0 154.0 22.0 30.0
0 842.5 172.5 31.0 35.0
0 878.0 155.5 22.0 29.0
0 814.0 105.0 16.0 22.0
0 859.5 114.5 17.0 21.0
0 823.0 81.0 14.0 16.0
0 833.0 75.0 12.0 16.0
0 847.0 85.0 12.0 18.0
0 862.5 84.5 13.0 15.0
0 892.5 88.0 15.0 20.0
0 912.5 91.5 17.0 21.0
0 929.0 80.0 14.0 16.0
0 932.5 97.0 15.0 22.0
0 960.5 80.0 13.0 18.0
0 959.5 99.5 13.0 15.0
0 991.5 96.0 11.0 14.0
0 988.5 107.5 15.0 17.0
0 992.0 127.5 18.0 23.0
0 948.0 121.5 16.0 23.0
0 904.5 113.0 17.0 26.0
0 899.5 104.5 17.0 21.0
0 928.5 135.0 17.0 28.0
0 985.5 173.0 25.0 32.0
