0 142.5 362.0 53.0 58.0
0 256.5 229.5 19.0 23.0
0 291.5 243.5 25.0 31.0
0 321.5 256.5 27.0 33.0
0 321.5 214.0 21.0 22.0
0 388.0 241.0 28.0 30.0
0 409.5 226.0 19.0 24.0
0 407.0 201.5 20.0 23.0
0 474.5 226.0 25.0 30.0
0 452.5 176.0 21.0 24.0
0 478.0 183.0 18.0 20.0
0 498.0 175.5 16.0 17.0
0 517.0 180.5 18.0 25.0
0 521.0 230.5 26.0 35.0
0 472.0 204.0 24.0 20.0
0 546.5 214.5 23.0 25.0
0 544.5 180.5 19.0 19.0
0 548.0 161.5 20.0 23.0
0 595.5 177.5 17.0 17.0
0 588.5 226.0 27.0 30.0
0 616.5 186.5 19.0 25.0
0 642.5 172.5 17.0 25.0
0 625.0 171.5 18.0 25.0
0 650.0 189.5 24.0 25.0
0 610.5 167.5 17.0 21.0
0 657.0 149.0 16.0 20.0
0 671.5 147.5 19.0 21.0
0 711.0 141.0 16.0 20.0
0 714.5 151.0 13.0 20.0
0 740.0 147.0 16.0 18.0
0 755.0 151.0 16.0 20.0
0 749.0 169.0 18.0 18.0
0 710.0 170.0 18.0 18.0
0 682.0 176.0 18.0 22.0
0 673.5 164.5 15.0 21.0
0 712.0 221.5 26.0 37.0
0 797.5 141.0 17.0 20.0
0 811.5 148.5 17.0 23.0
0 800.5 158.5 17.0 21.0
0 794.0 185.5 20.0 25.0
0 749.0 203.5 24.0 27.0
0 803.5 211.5 23.0 31.0
0 833.5 204.5 23.0 29.0
0 838.0 168.5 18.0 23.0
0 875.5 170.5 17.0 27.0
0 883.0 160.5 20.0 23.0
0 929.0 158.5 18.0 21.0
0 921.5 176.0 17.0 18.0
0 932.0 178.0 18.0 28.0
0 919.0 193.5 22.0 25.0
0 966.5 201.5 21.0 27.0
0 963.5 167.0 19.0 22.0
0 976.5 186.0 19.0 26.0
0 1006.5 174.5 13.0 21.0
0 1018.0 179.0 14.0 22.0
0 1024.5 186.5 19.0 25.0
0 1048.5 173.5 15.0 27.0
0 1069.5 203.0 15.0 20.0
0 1120.5 192.0 19.0 20.0
0 1113.0 208.5 14.0 21.0
0 1109.0 232.5 24.0 27.0
0 1059.5 218.5 19.0 23.0
0 1004.5 222.5 17.0 27.0
0 1036.5 229.0 21.0 30.0
0 1112.0 276.0 24.0 32.0
0 1082.5 307.0 29.0 40.0
0 1014.5 278.5 25.0 37.0
0 966.0 245.0 24.0 36.0
0 974.5 225.5 19.0 29.0
0 999.0 321.5 28.0 41.0
0 911.5 295.5 35.0 43.0
0 855.0 272.5 30.0 35.0
0 821.0 246.5 26.0 35.0
0 766.5 234.0 25.0 32.0
0 779.0 246.0 30.0 34.0
0 722.5 254.5 33.0 37.0
0 633.5 243.5 27.0 37.0
0 561.0 277.5 30.0 43.0
0 610.0 303.0 40.0 42.0
0 692.5 309.5 35.0 45.0
0 750.0 319.5 44.0 45.0
0 831.5 372.0 43.0 58.0
0 960.0 402.0 42.0 52.0
