0 55.5 137.5 17.0 23.0
0 273.0 100.5 12.0 15.0
0 279.0 88.0 10.0 12.0
0 275.0 82.5 12.0 13.0
0 330.5 92.5 13.0 17.0
0 356.5 98.5 13.0 17.0
0 383.5 99.5 15.0 17.0
0 385.0 79.5 12.0 15.0
0 357.5 82.5 13.0 15.0
0 335.0 79.0 14.0 12.0
0 341.5 69.0 11.0 12.0
0 371.0 67.5 10.0 13.0
0 379.0 69.0 10.0 10.0
0 399.0 69.5 12.0 11.0
0 428.5 85.0 13.0 12.0
0 448.0 76.0 12.0 12.0
0 472.5 75.5 11.0 13.0
0 402.5 63.0 7.0 10.0
0 410.5 62.5 9.0 13.0
0 397.0 55.0 10.0 10.0
0 417.5 55.0 9.0 12.0
0 426.5 71.5 11.0 11.0
0 426.5 61.5 9.0 11.0
0 433.5 55.5 11.0 11.0
0 451.5 66.0 9.0 12.0
0 473.5 65.5 11.0 13.0
0 466.5 50.5 9.0 11.0
0 477.0 55.5 12.0 13.0
0 484.5 48.5 7.0 11.0
0 496.0 63.5 10.0 13.0
0 510.5 67.0 11.0 12.0
0 503.5 45.5 7.0 11.0
0 524.0 48.5 8.0 11.0
0 542.5 57.5 9.0 13.0
0 548.5 50.0 9.0 10.0
0 568.0 52.0 10.0 10.0
0 574.5 65.5 11.0 15.0
0 563.0 74.5 12.0 15.0
0 518.0 63.5 10.0 13.0
0 416.5 120.5 19.0 23.0
0 442.0 138.0 16.0 24.0
0 481.5 140.0 27.0 26.0
0 457.0 114.0 16.0 20.0
0 502.5 92.5 15.0 19.0
0 529.0 98.0 16.0 20.0
0 527.0 84.5 12.0 13.0
0 556.5 95.0 13.0 18.0
0 599.0 70.5 12.0 15.0
0 597.5 56.5 11.0 15.0
0 606.5 57.5 9.0 11.0
0 623.0 62.0 10.0 14.0
0 615.5 83.5 11.0 15.0
0 630.0 91.5 12.0 23.0
0 634.0 75.5 12.0 13.0
0 647.0 87.0 12.0 18.0
0 661.0 80.0 10.0 14.0
0 671.0 71.5 12.0 15.0
0 574.0 105.5 14.0 19.0
0 531.5 121.0 17.0 18.0
0 495.0 120.0 18.0 20.0
0 544.0 145.0 24.0 30.0
0 596.0 157.0 22.0 26.0
0 630.5 124.5 15.0 23.0
0 645.5 117.0 17.0 22.0
0 663.0 162.5 22.0 29.0
0 675.5 138.5 15.0 25.0
0 691.5 126.5 15.0 19.0
0 671.5 101.0 13.0 14.0
0 726.5 165.5 17.0 27.0
0 742.0 126.5 16.0 21.0
0 736.5 109.0 11.0 18.0
0 748.5 95.0 11.0 14.0
0 745.0 83.5 10.0 13.0
0 721.0 78.5 10.0 11.0
0 712.5 90.0 9.0 14.0
0 699.5 103.5 13.0 19.0
0 682.0 87.0 10.0 16.0
0 693.5 74.5 9.0 11.0
0 699.5 86.5 9.0 11.0
