0 178.5 209.0 41.0 48.0
0 280.5 167.0 21.0 18.0
0 318.5 157.5 25.0 21.0
0 341.0 131.0 18.0 20.0
0 355.5 142.0 23.0 20.0
0 371.0 125.5 20.0 19.0
0 380.5 140.0 21.0 20.0
0 404.0 130.5 20.0 17.0
0 413.0 115.5 22.0 21.0
0 441.0 101.5 18.0 17.0
0 452.5 110.5 23.0 17.0
0 487.5 102.5 21.0 21.0
0 481.0 110.5 18.0 17.0
0 463.0 125.5 18.0 15.0
0 503.5 89.0 15.0 16.0
0 521.0 79.0 12.0 14.0
0 537.5 88.0 15.0 16.0
0 562.0 73.5 14.0 15.0
0 597.5 66.0 13.0 12.0
0 610.0 72.5 20.0 15.0
0 638.5 67.0 13.0 12.0
0 672.0 53.0 12.0 14.0
0 678.5 64.5 17.0 21.0
0 694.0 54.5 12.0 15.0
0 709.5 30.5 17.0 17.0
0 660.5 85.5 21.0 21.0
0 615.0 102.0 24.0 24.0
0 554.0 118.5 28.0 29.0
0 518.5 120.5 19.0 19.0
0 491.0 132.5 24.0 21.0
0 503.0 148.0 28.0 26.0
0 471.0 147.5 30.0 23.0
0 376.5 163.0 29.0 22.0
0 543.0 168.0 30.0 32.0
0 610.5 146.0 23.0 26.0
0 572.5 206.0 27.0 30.0
0 634.0 207.5 32.0 39.0
0 651.5 158.5 25.0 33.0
0 681.0 123.5 22.0 25.0
0 710.5 122.0 23.0 28.0
0 720.5 105.0 21.0 22.0
0 738.0 108.5 22.0 19.0
0 738.0 126.0 24.0 26.0
0 722.5 69.5 17.0 17.0
0 774.5 83.5 19.0 21.0
0 790.0 72.0 16.0 20.0
0 811.0 61.0 16.0 22.0
0 814.5 73.0 13.0 14.0
0 837.0 70.5 12.0 19.0
0 848.5 80.0 17.0 22.0
0 866.0 79.0 16.0 14.0
0 889.5 80.5 15.0 23.0
0 912.5 87.0 13.0 24.0
0 923.5 83.0 17.0 22.0
0 947.0 92.0 12.0 18.0
0 961.5 83.0 11.0 20.0
0 994.5 91.0 17.0 16.0
0 954.0 100.0 18.0 22.0
0 912.0 114.0 22.0 18.0
0 991.5 112.0 17.0 20.0
0 984.5 130.0 19.0 22.0
0 936.0 143.5 18.0 21.0
0 976.5 154.5 25.0 27.0
0 864.0 151.5 22.0 29.0
0 847.0 108.5 22.0 21.0
0 809.0 102.5 18.0 19.0
0 797.5 116.5 27.0 25.0
0 809.5 153.5 29.0 31.0
0 788.5 176.0 29.0 32.0
0 843.0 184.5 30.0 31.0
0 723.0 201.0 36.0 34.0
0 405.0 149.5 20.0 17.0
0 707.5 178.0 33.0 26.0
