0 46.0 247.0 34.0 38.0
0 272.0 175.5 18.0 17.0
0 306.0 162.0 16.0 20.0
0 319.5 158.5 19.0 23.0
0 323.5 177.5 23.0 19.0
0 338.5 136.5 15.0 17.0
0 362.5 133.5 17.0 19.0
0 359.0 178.5 20.0 23.0
0 385.5 134.5 17.0 21.0
0 401.5 141.5 17.0 17.0
0 421.5 185.0 25.0 28.0
0 439.5 137.0 17.0 22.0
0 453.0 148.5 18.0 23.0
0 411.5 122.5 15.0 17.0
0 423.0 127.0 14.0 16.0
0 431.0 109.5 16.0 17.0
0 448.5 116.0 15.0 20.0
0 464.5 123.0 19.0 20.0
0 490.5 126.0 19.0 20.0
0 475.0 91.0 12.0 16.0
0 482.0 100.5 14.0 19.0
0 503.0 104.5 14.0 19.0
0 500.0 96.5 12.0 19.0
0 510.0 143.0 20.0 24.0
0 510.0 126.0 14.0 18.0
0 520.0 177.5 26.0 35.0
0 565.5 86.5 13.0 15.0
0 605.0 70.0 12.0 14.0
0 609.0 100.5 16.0 19.0
0 584.5 98.5 17.0 21.0
0 569.5 123.0 19.0 18.0
0 512.0 87.5 10.0 13.0
0 547.5 96.5 13.0 15.0
0 596.0 151.0 22.0 26.0
0 593.0 181.5 24.0 33.0
0 639.0 153.5 18.0 25.0
0 647.5 132.0 19.0 24.0
0 625.5 90.5 13.0 19.0
0 638.0 102.5 18.0 23.0
0 630.0 64.5 14.0 17.0
0 654.0 64.5 12.0 13.0
0 650.0 74.0 12.0 16.0
0 677.0 67.0 14.0 16.0
0 672.5 79.0 13.0 16.0
0 682.5 111.0 19.0 22.0
0 711.5 76.0 11.0 16.0
0 737.5 62.5 13.0 19.0
0 754.0 88.0 14.0 20.0
0 792.0 64.0 12.0 16.0
0 786.0 74.0 12.0 18.0
0 774.5 100.0 15.0 22.0
0 832.0 72.0 10.0 16.0
0 848.0 83.5 10.0 17.0
0 926.5 81.5 11.0 15.0
0 955.0 79.5 10.0 15.0
0 988.5 93.0 13.0 18.0
0 922.0 92.5 14.0 19.0
0 912.5 96.5 17.0 19.0
0 881.5 92.5 17.0 19.0
0 872.5 100.0 13.0 20.0
0 949.0 113.0 14.0 20.0
0 934.0 125.0 16.0 20.0
0 924.0 142.0 18.0 24.0
0 896.5 117.5 17.0 25.0
0 981.5 163.5 19.0 29.0
0 819.0 170.0 26.0 28.0
0 843.0 115.5 16.0 23.0
0 809.0 139.5 22.0 27.0
0 814.0 86.5 14.0 15.0
0 806.5 102.5 19.0 19.0
0 788.5 113.5 19.0 23.0
0 719.0 148.5 20.0 25.0
0 709.5 126.5 17.0 21.0
0 742.0 136.0 22.0 28.0
0 754.0 174.0 26.0 30.0
0 727.0 99.0 18.0 18.0
0 633.0 226.0 30.0 28.0
0 707.0 214.0 32.0 42.0
0 865.0 77.0 12.0 16.0
