0 195.5 293.5 51.0 49.0
0 356.0 154.0 18.0 20.0
0 384.5 157.5 17.0 21.0
0 441.5 131.5 15.0 17.0
0 449.0 167.5 24.0 23.0
0 472.5 137.5 19.0 23.0
0 473.5 112.0 17.0 18.0
0 496.0 118.0 16.0 16.0
0 518.0 116.5 16.0 19.0
0 487.5 92.5 13.0 13.0
0 514.0 83.5 10.0 13.0
0 554.0 83.0 16.0 14.0
0 557.0 130.5 20.0 19.0
0 598.0 94.0 16.0 20.0
0 596.5 81.0 15.0 16.0
0 504.5 194.0 29.0 34.0
0 610.0 144.0 28.0 36.0
0 701.5 149.5 27.0 27.0
0 776.0 171.5 20.0 29.0
0 819.5 175.5 21.0 29.0
0 927.5 130.0 17.0 24.0
0 856.5 103.0 17.0 22.0
0 855.5 77.0 13.0 18.0
0 801.0 72.0 16.0 22.0
0 781.5 80.5 17.0 19.0
0 759.0 95.5 16.0 17.0
0 735.0 87.5 16.0 21.0
