0 56.0 230.0 32.0 32.0
0 292.5 160.5 19.0 21.0
0 280.0 151.5 16.0 19.0
0 334.5 150.0 23.0 28.0
0 372.5 157.0 19.0 20.0
0 353.0 130.0 14.0 18.0
0 379.0 137.0 20.0 18.0
0 386.5 175.0 19.0 18.0
0 412.0 176.0 22.0 22.0
0 421.5 135.0 17.0 20.0
0 411.0 112.5 14.0 19.0
0 433.5 108.5 13.0 17.0
0 474.5 141.0 25.0 22.0
0 505.5 140.0 21.0 24.0
0 490.0 92.0 18.0 12.0
0 537.5 82.0 11.0 16.0
0 625.5 102.5 19.0 17.0
0 605.0 72.5 14.0 19.0
0 538.5 180.5 25.0 27.0
0 612.0 182.5 24.0 33.0
0 665.0 183.5 24.0 33.0
0 604.0 145.0 24.0 28.0
0 557.0 138.5 26.0 23.0
0 664.0 147.5 20.0 29.0
0 704.5 173.0 27.0 28.0
0 753.5 175.0 25.0 30.0
0 824.5 178.0 23.0 28.0
0 900.0 197.5 20.0 33.0
0 921.5 145.0 19.0 22.0
0 810.5 144.5 19.0 23.0
0 779.5 140.0 19.0 22.0
0 884.5 128.0 15.0 20.0
0 702.0 131.5 22.0 21.0
0 667.0 123.5 20.0 19.0
0 662.5 88.5 15.0 15.0
0 642.0 89.5 14.0 17.0
0 591.5 97.0 17.0 18.0
0 571.5 101.0 17.0 14.0
0 550.0 115.0 18.0 14.0
0 514.0 119.0 18.0 18.0
0 476.0 116.0 18.0 18.0
0 721.5 72.5 17.0 17.0
0 693.0 72.5 18.0 15.0
0 685.0 85.5 16.0 15.0
0 653.0 72.0 12.0 12.0
0 789.5 70.0 13.0 20.0
0 771.0 103.5 14.0 15.0
0 746.0 110.0 18.0 20.0
0 707.5 112.5 13.0 17.0
0 781.5 119.5 19.0 15.0
0 804.5 82.5 13.0 13.0
0 817.0 78.5 14.0 13.0
0 817.0 101.0 16.0 22.0
0 844.5 99.0 15.0 20.0
0 833.0 88.5 12.0 19.0
0 914.0 100.5 12.0 23.0
0 985.5 158.5 17.0 29.0
0 951.0 125.0 18.0 26.0
0 943.5 100.5 17.0 23.0
0 957.5 100.0 11.0 24.0
0 966.0 117.5 12.0 17.0
0 899.0 121.5 14.0 17.0
0 971.0 143.0 14.0 24.0
0 818.5 129.5 23.0 29.0
0 608.0 95.0 14.0 18.0
0 358.0 155.0 18.0 22.0
0 506.5 104.0 17.0 20.0
0 896.5 93.5 17.0 19.0
0 756.5 93.0 13.0 14.0
0 743.5 95.0 17.0 22.0
0 636.5 78.0 15.0 16.0
