0 135.0 209.5 36.0 37.0
0 464.5 38.5 9.0 13.0
0 497.5 50.5 9.0 13.0
0 521.5 51.5 13.0 13.0
0 540.0 51.5 10.0 11.0
0 569.0 57.5 12.0 15.0
0 551.0 58.5 12.0 15.0
0 667.5 50.0 11.0 14.0
0 590.5 61.5 13.0 11.0
0 619.0 67.0 12.0 14.0
0 707.5 74.0 13.0 16.0
0 721.5 85.5 13.0 19.0
0 742.5 87.0 15.0 20.0
0 410.0 62.5 14.0 13.0
0 429.5 60.5 11.0 11.0
0 686.5 88.0 13.0 16.0
0 450.5 72.0 15.0 16.0
0 471.5 61.0 17.0 16.0
0 496.0 66.0 14.0 12.0
0 510.0 70.0 14.0 18.0
0 534.0 86.5 16.0 23.0
0 550.5 84.5 17.0 17.0
0 571.0 79.5 14.0 19.0
0 581.0 84.5 16.0 19.0
0 609.0 89.0 18.0 22.0
0 629.0 86.5 16.0 21.0
0 674.5 103.5 13.0 19.0
0 656.0 85.0 16.0 22.0
0 647.5 99.5 19.0 23.0
0 697.0 107.5 14.0 29.0
0 708.5 92.0 17.0 18.0
0 738.5 106.5 15.0 17.0
0 353.5 71.5 15.0 13.0
0 387.0 70.0 10.0 14.0
0 364.5 70.0 11.0 16.0
0 411.0 78.5 8.0 13.0
0 465.0 83.0 20.0 20.0
0 438.0 90.5 14.0 19.0
0 507.0 93.5 20.0 23.0
0 527.0 108.5 20.0 25.0
0 567.5 111.5 17.0 25.0
0 623.0 106.5 22.0 23.0
0 638.5 134.5 23.0 29.0
0 689.0 127.5 20.0 21.0
0 679.0 150.0 20.0 28.0
0 728.5 136.0 17.0 22.0
0 718.5 174.5 19.0 21.0
0 275.5 91.0 13.0 22.0
0 330.5 85.5 11.0 17.0
0 324.5 98.0 13.0 14.0
0 349.0 103.5 14.0 17.0
0 366.5 87.5 17.0 19.0
0 378.5 108.0 15.0 18.0
0 449.0 117.5 26.0 27.0
0 391.5 131.5 19.0 23.0
0 247.5 111.0 17.0 20.0
0 498.0 118.0 22.0 26.0
0 435.0 144.5 26.0 29.0
0 481.0 145.5 24.0 31.0
0 526.5 137.0 21.0 26.0
0 542.0 163.5 24.0 27.0
0 611.0 159.5 22.0 31.0
0 661.5 164.5 23.0 29.0
0 281.0 92.5 14.0 21.0
0 391.0 84.5 18.0 19.0
