0 224.5 205.5 47.0 57.0
0 301.5 124.5 19.0 23.0
0 335.0 137.5 18.0 23.0
0 344.0 124.0 16.0 16.0
0 344.5 100.5 17.0 19.0
0 365.5 110.5 19.0 21.0
0 388.0 112.5 18.0 21.0
0 376.0 142.5 16.0 23.0
0 398.5 144.0 23.0 24.0
0 424.0 142.5 24.0 29.0
0 415.5 111.0 17.0 24.0
0 466.0 120.0 22.0 24.0
0 439.0 97.5 18.0 19.0
0 440.0 82.5 14.0 15.0
0 460.5 93.5 19.0 19.0
0 495.0 104.5 18.0 21.0
0 497.5 128.5 19.0 23.0
0 483.5 121.5 17.0 21.0
0 479.0 86.5 14.0 17.0
0 488.5 80.0 15.0 18.0
0 508.5 79.0 15.0 16.0
0 529.5 109.0 19.0 20.0
0 546.5 92.0 17.0 20.0
0 538.5 78.5 13.0 21.0
0 525.0 70.0 10.0 16.0
0 518.0 90.5 14.0 17.0
0 575.5 106.5 17.0 19.0
0 567.0 86.0 16.0 16.0
0 564.0 68.0 18.0 22.0
0 593.0 75.0 14.0 18.0
0 599.0 66.5 12.0 15.0
0 607.5 80.5 15.0 19.0
0 606.5 98.5 17.0 21.0
0 623.0 73.5 18.0 17.0
0 633.0 66.5 14.0 17.0
0 653.5 68.5 15.0 21.0
0 643.5 69.5 13.0 17.0
0 641.0 91.0 16.0 18.0
0 681.0 72.5 16.0 19.0
0 688.5 59.0 11.0 14.0
0 696.0 68.0 12.0 16.0
0 711.5 67.0 11.0 14.0
0 726.5 60.0 15.0 18.0
0 509.0 161.5 28.0 37.0
0 550.5 191.0 35.0 32.0
0 585.0 142.5 26.0 29.0
0 635.5 148.0 27.0 34.0
0 624.5 193.5 29.0 37.0
0 716.0 180.0 32.0 36.0
0 694.0 140.5 26.0 33.0
0 652.5 128.5 21.0 27.0
0 690.0 104.0 22.0 24.0
0 722.5 104.5 19.0 19.0
0 732.5 91.0 17.0 18.0
0 743.0 125.5 22.0 25.0
0 767.0 111.0 22.0 26.0
0 772.0 93.5 14.0 19.0
0 772.5 79.0 13.0 16.0
0 791.0 86.5 16.0 21.0
0 818.0 93.5 18.0 19.0
0 815.0 79.5 14.0 19.0
0 815.0 124.5 24.0 27.0
0 795.0 133.5 26.0 27.0
0 810.5 173.5 29.0 35.0
0 754.5 168.5 25.0 39.0
0 778.0 212.0 32.0 42.0
0 835.5 243.0 37.0 42.0
0 841.5 142.5 23.0 33.0
0 864.5 185.5 27.0 35.0
0 928.0 247.5 44.0 45.0
0 942.0 197.0 28.0 36.0
0 899.5 145.5 19.0 23.0
0 908.0 137.5 22.0 25.0
0 951.5 162.5 19.0 27.0
0 961.5 122.0 19.0 26.0
