0 171.0 398.5 46.0 53.0
0 275.5 247.5 23.0 25.0
0 320.0 255.5 28.0 29.0
0 361.5 256.0 27.0 30.0
0 388.5 276.0 31.0 36.0
0 375.5 216.5 21.0 23.0
0 439.0 212.5 20.0 23.0
0 432.0 241.0 28.0 26.0
0 471.0 232.0 20.0 28.0
0 480.0 195.5 24.0 27.0
0 503.5 209.5 19.0 25.0
0 508.5 235.0 25.0 28.0
0 541.0 245.5 24.0 33.0
0 504.5 189.5 21.0 21.0
0 528.5 195.5 21.0 21.0
0 526.5 177.0 17.0 18.0
0 547.0 212.5 20.0 23.0
0 580.0 219.0 22.0 24.0
0 590.0 193.5 20.0 21.0
0 558.0 177.0 18.0 20.0
0 580.5 169.0 15.0 18.0
0 609.5 196.0 23.0 26.0
0 639.0 178.5 16.0 19.0
0 648.5 193.0 21.0 22.0
0 662.0 182.0 18.0 22.0
0 692.0 152.5 16.0 15.0
0 711.0 169.0 14.0 18.0
0 739.0 158.0 18.0 18.0
0 753.5 148.0 17.0 20.0
0 769.0 154.5 14.0 19.0
0 736.5 179.5 19.0 23.0
0 776.0 187.5 18.0 23.0
0 679.5 199.0 21.0 24.0
0 573.0 288.5 32.0 41.0
0 623.0 231.0 24.0 32.0
0 700.5 190.0 23.0 26.0
0 658.0 266.0 32.0 40.0
0 654.5 306.0 37.0 38.0
0 713.5 315.5 41.0 45.0
0 734.5 264.0 33.0 36.0
0 734.5 228.5 29.0 33.0
0 779.5 211.0 29.0 32.0
0 778.5 332.5 41.0 53.0
0 822.5 262.5 33.0 37.0
0 794.0 241.0 26.0 32.0
0 848.0 245.5 28.0 31.0
0 860.5 210.0 25.0 28.0
0 823.5 201.5 25.0 31.0
0 825.5 164.5 13.0 19.0
0 821.5 147.0 15.0 16.0
0 839.0 158.0 16.0 22.0
0 868.5 173.5 15.0 25.0
0 906.0 183.5 18.0 21.0
0 908.5 171.5 17.0 17.0
0 915.5 163.5 17.0 19.0
0 869.0 361.5 44.0 59.0
0 889.5 284.5 37.0 39.0
0 954.5 313.0 39.0 42.0
0 994.5 383.5 45.0 57.0
0 1033.5 326.5 41.0 41.0
0 1051.0 292.0 36.0 40.0
0 991.0 256.0 30.0 34.0
0 1007.5 245.0 23.0 30.0
0 932.5 211.5 21.0 27.0
0 939.5 197.0 15.0 18.0
0 963.0 188.5 22.0 23.0
0 957.0 171.5 18.0 21.0
0 983.0 185.0 18.0 20.0
0 1009.0 217.5 22.0 29.0
0 1000.0 201.0 18.0 24.0
0 1030.5 187.0 17.0 24.0
0 1050.5 194.0 19.0 30.0
0 1042.0 219.0 22.0 34.0
0 1069.0 183.0 18.0 22.0
0 1101.0 201.0 22.0 28.0
0 1091.0 228.5 18.0 25.0
0 1083.0 252.0 26.0 36.0
0 1118.0 290.5 28.0 43.0
0 1120.5 342.0 33.0 46.0
0 1138.5 248.5 25.0 31.0
0 1126.5 222.0 21.0 26.0
0 1145.0 218.0 16.0 28.0
