0 216.0 288.0 38.0 46.0
0 265.5 163.5 17.0 17.0
0 287.0 167.5 14.0 15.0
0 312.0 164.5 18.0 17.0
0 315.0 188.0 24.0 22.0
0 329.0 142.5 16.0 15.0
0 373.5 132.0 17.0 18.0
0 378.5 140.0 17.0 18.0
0 393.0 174.0 24.0 22.0
0 427.0 161.5 24.0 27.0
0 393.5 118.0 15.0 16.0
0 410.5 115.0 15.0 16.0
0 409.5 134.5 17.0 17.0
0 440.0 121.5 16.0 19.0
0 462.0 145.0 18.0 22.0
0 482.5 118.5 15.0 19.0
0 471.5 106.5 15.0 17.0
0 504.5 141.5 21.0 25.0
0 492.0 91.0 12.0 14.0
0 512.5 85.5 13.0 11.0
0 509.0 98.0 12.0 14.0
0 520.5 119.5 17.0 19.0
0 553.0 122.5 18.0 17.0
0 572.0 104.0 18.0 20.0
0 521.0 92.5 14.0 13.0
0 608.5 108.0 17.0 22.0
0 599.0 91.5 14.0 15.0
0 603.0 74.0 12.0 14.0
0 634.0 75.5 12.0 13.0
0 636.5 90.5 15.0 17.0
0 658.0 75.0 14.0 16.0
0 660.5 86.5 15.0 17.0
0 676.5 84.5 19.0 17.0
0 721.5 73.5 13.0 15.0
0 596.5 146.5 23.0 31.0
0 616.0 174.5 28.0 31.0
0 545.5 186.0 27.0 32.0
0 671.5 183.5 29.0 33.0
0 647.0 152.0 28.0 32.0
0 683.0 123.5 16.0 21.0
0 715.5 126.0 19.0 20.0
0 735.5 94.5 17.0 21.0
0 758.0 93.5 14.0 19.0
0 766.0 109.0 16.0 20.0
0 780.5 122.0 19.0 24.0
0 754.0 141.0 20.0 22.0
0 722.0 161.0 24.0 30.0
0 767.5 166.5 25.0 29.0
0 810.0 142.5 24.0 25.0
0 827.5 124.5 19.0 25.0
0 826.5 100.5 17.0 19.0
0 806.5 89.0 15.0 20.0
0 820.5 82.0 15.0 16.0
0 787.0 74.5 14.0 15.0
0 841.0 93.5 12.0 13.0
0 854.5 105.5 15.0 17.0
0 890.5 94.5 13.0 15.0
0 905.5 101.5 15.0 17.0
0 903.0 117.5 16.0 19.0
0 895.0 134.5 20.0 25.0
0 955.0 100.0 14.0 18.0
0 950.0 119.0 16.0 18.0
0 983.5 147.0 19.0 20.0
0 985.0 163.5 22.0 25.0
0 898.0 170.5 28.0 29.0
0 898.5 203.0 29.0 34.0
0 826.0 179.5 32.0 31.0
