0 192.0 192.5 48.0 53.0
0 392.5 114.0 19.0 24.0
0 396.0 100.0 20.0 18.0
0 431.0 123.5 22.0 25.0
0 404.5 156.0 27.0 26.0
0 439.5 106.0 25.0 20.0
0 499.0 105.0 28.0 26.0
0 497.0 89.5 18.0 21.0
0 474.0 130.5 22.0 23.0
0 536.5 113.0 25.0 30.0
0 557.5 113.0 21.0 24.0
0 574.0 40.5 14.0 17.0
0 600.0 72.5 16.0 19.0
0 645.5 88.0 25.0 28.0
0 628.5 141.5 23.0 27.0
0 661.0 141.5 30.0 35.0
0 649.5 177.5 35.0 39.0
0 761.0 168.0 32.0 38.0
0 711.0 104.0 18.0 22.0
0 737.0 92.0 20.0 22.0
0 738.0 116.0 18.0 24.0
0 772.0 97.5 20.0 19.0
0 783.5 84.5 17.0 19.0
0 811.0 83.0 20.0 22.0
0 798.0 100.5 18.0 21.0
0 813.0 106.0 16.0 18.0
0 831.5 99.5 13.0 21.0
0 836.0 126.0 26.0 28.0
0 782.5 118.5 21.0 25.0
0 869.0 158.0 26.0 30.0
0 908.0 165.5 30.0 33.0
0 949.0 167.0 26.0 30.0
0 952.5 125.0 19.0 24.0
0 976.0 138.0 20.0 24.0
0 981.5 121.5 17.0 19.0
