0 91.0 394.0 66.0 66.0
0 276.5 245.5 23.0 23.0
0 314.5 263.0 29.0 30.0
0 358.0 259.0 26.0 30.0
0 359.0 218.0 22.0 24.0
0 420.5 255.5 25.0 35.0
0 438.0 232.5 20.0 25.0
0 444.0 210.5 20.0 25.0
0 489.5 190.0 19.0 22.0
0 505.0 199.5 20.0 23.0
0 510.0 210.0 18.0 24.0
0 511.0 239.5 24.0 29.0
0 481.5 230.5 27.0 27.0
0 558.5 243.5 25.0 27.0
0 547.0 217.0 24.0 28.0
0 578.0 222.5 30.0 29.0
0 528.0 177.0 18.0 18.0
0 561.5 185.0 17.0 24.0
0 564.0 177.0 18.0 20.0
0 584.0 167.0 16.0 16.0
0 592.5 187.0 21.0 20.0
0 622.5 186.0 19.0 20.0
0 633.0 177.0 14.0 18.0
0 648.0 173.0 20.0 20.0
0 654.5 190.0 21.0 26.0
0 633.0 224.5 26.0 27.0
0 680.5 173.5 17.0 21.0
0 691.5 158.0 13.0 16.0
0 710.0 169.5 16.0 19.0
0 712.5 156.5 19.0 15.0
0 704.5 186.0 19.0 20.0
0 691.5 196.5 19.0 21.0
0 744.5 156.0 13.0 18.0
0 747.0 178.5 18.0 19.0
0 759.5 146.5 13.0 17.0
0 776.0 150.0 16.0 18.0
0 788.0 171.0 16.0 20.0
0 804.0 153.5 16.0 17.0
0 579.5 292.0 39.0 42.0
0 670.0 284.5 34.0 35.0
0 695.5 248.0 25.0 34.0
0 744.0 224.5 24.0 29.0
0 719.0 305.0 40.0 50.0
0 724.0 292.5 34.0 35.0
0 791.5 324.5 43.0 45.0
0 783.0 207.5 20.0 27.0
0 830.5 162.5 15.0 19.0
0 842.5 161.5 17.0 19.0
0 836.5 186.5 19.0 25.0
0 872.5 182.5 17.0 25.0
0 892.0 199.0 20.0 24.0
0 904.0 187.0 18.0 26.0
0 912.5 173.0 17.0 20.0
0 921.5 168.0 19.0 18.0
0 811.5 235.0 27.0 28.0
0 823.5 256.0 31.0 38.0
0 849.0 246.0 30.0 36.0
0 920.0 288.0 36.0 36.0
0 972.5 289.5 29.0 35.0
0 961.5 165.5 19.0 25.0
0 988.0 184.5 18.0 17.0
0 955.5 188.0 19.0 24.0
0 985.0 213.5 20.0 29.0
0 929.0 200.5 24.0 29.0
0 939.0 187.0 14.0 22.0
0 1017.0 196.0 20.0 24.0
0 1033.5 185.0 13.0 18.0
0 1048.0 196.0 16.0 26.0
0 1062.0 193.5 16.0 27.0
0 1076.5 185.5 13.0 25.0
0 1100.0 200.5 14.0 23.0
0 1154.0 187.0 16.0 24.0
0 1147.5 218.5 17.0 23.0
0 1140.5 242.5 25.0 27.0
0 1140.0 253.0 24.0 32.0
0 1135.5 280.5 25.0 37.0
0 1097.0 231.5 20.0 27.0
0 1038.5 221.5 23.0 25.0
0 1007.5 236.5 23.0 27.0
0 1080.0 255.5 26.0 35.0
0 1061.0 264.5 28.0 37.0
0 996.5 266.5 25.0 37.0
0 1040.0 317.0 30.0 40.0
0 1117.5 330.0 29.0 42.0
0 886.0 343.0 42.0 58.0
0 991.5 375.5 41.0 55.0
