0 99.5 265.0 35.0 40.0
0 166.5 334.5 41.0 43.0
0 71.0 221.0 30.0 36.0
0 70.0 121.0 26.0 22.0
0 112.0 57.5 18.0 15.0
0 141.5 110.5 21.0 21.0
0 194.5 73.0 17.0 22.0
0 233.0 101.0 18.0 22.0
0 213.5 137.0 19.0 24.0
0 293.5 141.5 27.0 33.0
0 261.5 184.5 27.0 31.0
0 260.0 263.0 34.0 32.0
0 669.5 259.0 33.0 44.0
0 556.0 151.0 28.0 26.0
0 593.0 116.5 22.0 23.0
0 631.0 85.0 18.0 26.0
0 678.0 159.0 28.0 32.0
0 850.5 189.5 25.0 31.0
0 443.0 116.5 24.0 23.0
0 386.5 121.5 21.0 19.0
0 360.5 101.0 19.0 22.0
0 363.0 80.0 22.0 22.0
0 319.5 58.5 19.0 19.0
0 279.5 72.5 19.0 17.0
0 452.0 37.0 14.0 18.0
0 488.0 41.0 14.0 18.0
0 528.0 83.5 20.0 21.0
0 472.5 87.5 19.0 19.0
0 537.5 37.5 15.0 15.0
0 575.0 62.0 18.0 18.0
0 579.5 84.0 19.0 18.0
0 601.0 59.5 16.0 17.0
0 631.0 48.0 12.0 14.0
0 603.0 30.0 14.0 16.0
0 675.5 35.5 17.0 19.0
0 712.0 101.0 22.0 26.0
0 759.0 122.0 22.0 24.0
0 737.0 59.0 16.0 18.0
0 712.5 45.0 15.0 18.0
0 774.0 53.0 18.0 16.0
0 814.5 76.5 19.0 25.0
0 877.0 108.5 18.0 23.0
0 903.5 110.0 17.0 20.0
0 882.5 141.5 21.0 33.0
0 967.0 196.5 34.0 37.0
0 961.0 105.0 16.0 24.0
0 1006.5 118.5 21.0 27.0
0 1060.0 142.0 20.0 24.0
0 1085.5 161.5 19.0 27.0
0 1151.0 195.0 20.0 30.0
