0 217.5 334.0 49.0 62.0
0 274.0 250.5 18.0 19.0
0 324.5 249.5 23.0 29.0
0 356.5 264.5 21.0 23.0
0 362.0 220.5 18.0 21.0
0 405.0 271.0 24.0 32.0
0 445.0 234.5 16.0 21.0
0 446.5 212.0 15.0 18.0
0 478.0 236.5 16.0 23.0
0 509.0 243.5 18.0 23.0
0 549.0 247.5 22.0 25.0
0 509.0 213.0 16.0 20.0
0 505.5 177.5 15.0 23.0
0 544.0 220.5 18.0 21.0
0 553.5 190.5 17.0 15.0
0 534.0 180.5 16.0 17.0
0 587.5 191.0 15.0 16.0
0 578.0 172.5 16.0 13.0
0 615.5 192.5 15.0 19.0
0 642.0 212.0 18.0 20.0
0 630.5 184.5 13.0 17.0
0 638.5 173.5 15.0 17.0
0 662.5 180.5 17.0 21.0
0 693.5 161.5 13.0 17.0
0 708.5 174.5 13.0 19.0
0 712.5 147.0 13.0 16.0
0 709.0 197.5 16.0 19.0
0 715.5 190.5 15.0 13.0
0 728.0 180.5 12.0 17.0
0 747.0 170.0 14.0 16.0
0 759.5 149.5 13.0 19.0
0 776.5 149.5 15.0 17.0
0 778.5 168.5 17.0 17.0
0 817.0 159.5 12.0 17.0
0 847.0 163.5 14.0 19.0
0 829.5 166.5 13.0 19.0
0 874.0 182.0 14.0 20.0
0 792.5 186.5 15.0 19.0
0 637.0 235.0 20.0 22.0
0 583.5 226.0 19.0 22.0
0 568.5 294.0 33.0 40.0
0 669.5 292.5 29.0 35.0
0 666.0 264.0 26.0 26.0
0 739.0 231.0 22.0 28.0
0 787.0 211.5 18.0 21.0
0 804.0 241.0 28.0 24.0
0 845.5 259.5 27.0 27.0
0 754.5 305.0 29.0 40.0
0 819.0 313.5 36.0 39.0
0 813.0 278.0 28.0 34.0
0 907.5 282.0 25.0 30.0
0 847.0 233.5 20.0 27.0
0 828.0 199.0 16.0 24.0
0 892.5 205.0 19.0 20.0
0 904.5 193.5 15.0 23.0
0 914.0 177.5 12.0 19.0
0 925.0 168.0 18.0 18.0
0 960.5 172.0 13.0 18.0
0 950.5 201.0 17.0 24.0
0 957.5 188.5 17.0 21.0
0 874.0 363.5 40.0 49.0
0 1009.0 378.0 30.0 46.0
0 965.5 308.0 31.0 38.0
0 1001.5 259.5 25.0 31.0
0 1018.5 237.5 21.0 27.0
0 999.5 213.5 17.0 21.0
0 1008.5 197.0 17.0 20.0
0 996.0 176.5 16.0 21.0
0 1034.0 184.0 14.0 18.0
0 1057.0 200.5 20.0 23.0
0 1060.5 186.5 17.0 23.0
0 1072.0 181.5 18.0 25.0
0 1102.5 203.0 15.0 22.0
0 1048.5 226.5 19.0 23.0
0 1080.0 255.5 24.0 29.0
0 1057.5 279.5 23.0 37.0
0 1043.0 319.0 30.0 32.0
0 1117.0 329.0 26.0 44.0
0 1122.0 282.5 24.0 35.0
0 1137.5 256.5 15.0 27.0
0 1141.0 240.0 16.0 22.0
0 1128.5 227.5 13.0 23.0
0 1150.0 220.0 12.0 20.0
0 1140.0 208.5 14.0 19.0
0 1152.5 194.5 15.0 19.0
