0 101.5 303.5 57.0 65.0
0 274.5 172.0 21.0 18.0
0 287.5 164.5 17.0 19.0
0 308.5 172.5 17.0 21.0
0 330.0 174.5 16.0 25.0
0 364.5 169.5 23.0 23.0
0 427.0 177.5 26.0 29.0
0 322.5 152.5 19.0 21.0
0 342.5 131.5 17.0 17.0
0 357.0 141.0 20.0 22.0
0 381.5 134.5 17.0 21.0
0 394.5 130.5 17.0 17.0
0 416.5 122.0 19.0 22.0
0 447.0 132.0 18.0 20.0
0 441.5 102.5 17.0 19.0
0 460.5 119.0 15.0 18.0
0 467.0 133.5 18.0 27.0
0 480.0 116.0 18.0 20.0
0 493.5 119.0 17.0 22.0
0 496.0 140.0 22.0 26.0
0 475.0 94.0 16.0 14.0
0 508.5 98.5 15.0 15.0
0 508.5 88.5 15.0 15.0
0 517.0 80.5 14.0 13.0
0 545.0 111.5 18.0 15.0
0 550.0 100.0 14.0 22.0
0 567.0 86.5 16.0 17.0
0 560.5 79.5 11.0 15.0
0 598.5 72.0 13.0 16.0
0 586.5 86.5 15.0 17.0
0 590.5 93.0 17.0 20.0
0 604.0 104.5 20.0 21.0
0 576.5 117.0 21.0 22.0
0 623.5 78.0 17.0 16.0
0 636.0 59.0 16.0 18.0
0 625.5 89.5 19.0 17.0
0 660.5 84.5 17.0 21.0
0 649.0 74.0 14.0 16.0
0 667.5 61.5 15.0 15.0
0 695.5 60.5 13.0 15.0
0 690.5 70.0 13.0 16.0
0 719.0 69.5 16.0 17.0
0 736.5 66.5 13.0 15.0
0 751.5 81.5 19.0 23.0
0 729.0 93.0 18.0 24.0
0 693.5 101.0 17.0 22.0
0 705.5 118.0 19.0 26.0
0 652.0 122.5 24.0 27.0
0 661.5 153.5 27.0 27.0
0 598.0 174.5 32.0 31.0
0 602.0 151.0 22.0 26.0
0 628.0 222.5 38.0 37.0
0 522.5 188.5 29.0 33.0
0 719.5 202.5 31.0 37.0
0 709.5 156.5 25.0 31.0
0 746.5 128.5 25.0 25.0
0 743.0 114.5 20.0 23.0
0 777.5 120.0 21.0 30.0
0 793.0 98.0 14.0 20.0
0 782.0 71.5 14.0 21.0
0 796.0 80.5 14.0 21.0
0 802.0 71.0 12.0 18.0
0 819.0 79.0 16.0 16.0
0 827.0 73.5 12.0 19.0
0 831.5 97.0 15.0 20.0
0 775.5 171.0 33.0 34.0
0 805.5 152.0 25.0 32.0
0 839.0 170.0 26.0 34.0
0 872.5 155.5 25.0 27.0
0 856.5 75.0 13.0 16.0
0 851.5 84.0 11.0 18.0
0 852.0 106.0 20.0 30.0
0 872.0 102.0 18.0 22.0
0 886.5 83.0 17.0 22.0
0 919.5 93.5 15.0 21.0
0 923.5 84.5 17.0 15.0
0 959.5 86.0 13.0 14.0
0 988.0 94.5 12.0 13.0
0 987.0 100.5 14.0 19.0
0 988.0 119.0 16.0 22.0
0 952.5 100.5 19.0 23.0
0 951.5 122.0 17.0 22.0
0 904.0 112.5 20.0 25.0
0 918.0 130.5 20.0 27.0
0 990.5 175.0 21.0 32.0
