0 273.0 238.0 62.0 74.0
0 417.0 174.0 30.0 30.0
0 453.5 112.0 23.0 26.0
0 468.0 128.0 24.0 26.0
0 477.5 150.0 27.0 28.0
0 506.5 164.5 27.0 35.0
0 483.5 98.5 23.0 27.0
0 517.5 123.5 17.0 23.0
0 508.0 111.0 20.0 18.0
0 506.5 95.5 19.0 21.0
0 543.5 103.0 19.0 24.0
0 561.5 125.5 23.0 21.0
0 571.5 150.5 29.0 29.0
0 553.5 92.5 17.0 19.0
0 574.0 107.0 22.0 26.0
0 566.5 84.5 17.0 19.0
0 584.0 83.5 18.0 21.0
0 600.0 64.5 14.0 17.0
0 609.0 116.0 28.0 34.0
0 648.0 118.0 22.0 26.0
0 651.5 90.5 19.0 21.0
0 641.5 81.5 17.0 19.0
0 656.5 76.5 15.0 19.0
0 671.0 104.5 22.0 25.0
0 712.0 97.5 18.0 23.0
0 702.0 81.0 18.0 22.0
0 718.5 82.5 19.0 19.0
0 701.0 62.0 18.0 18.0
0 734.0 70.5 18.0 23.0
0 748.0 52.5 14.0 19.0
0 759.0 80.0 24.0 24.0
0 799.5 58.5 17.0 19.0
0 806.5 77.0 17.0 20.0
0 841.0 65.0 18.0 20.0
0 856.0 58.0 18.0 20.0
0 681.5 164.0 29.0 38.0
0 748.0 151.0 32.0 40.0
0 770.5 143.0 31.0 32.0
0 827.5 120.5 27.0 33.0
0 776.5 189.5 37.0 41.0
0 847.5 223.5 35.0 45.0
0 877.0 187.5 40.0 45.0
0 929.5 147.0 35.0 42.0
0 851.5 102.0 23.0 26.0
0 877.5 107.5 21.0 23.0
0 881.0 89.0 20.0 22.0
0 894.5 108.0 23.0 24.0
0 927.5 118.5 25.0 25.0
0 928.5 97.5 21.0 25.0
0 915.0 81.0 18.0 20.0
0 948.0 72.5 20.0 25.0
0 966.0 91.5 16.0 25.0
0 954.0 113.0 20.0 28.0
0 976.0 132.5 22.0 29.0
0 1016.5 106.5 19.0 25.0
0 1031.5 92.0 17.0 24.0
0 1033.0 135.0 20.0 26.0
0 1060.0 112.5 20.0 27.0
0 1080.5 105.0 19.0 26.0
0 1037.0 174.0 30.0 36.0
0 1062.0 203.5 36.0 43.0
0 1075.0 171.5 28.0 37.0
0 1098.0 144.0 26.0 28.0
0 1106.5 125.0 23.0 26.0
0 1151.0 123.0 20.0 24.0
0 1147.0 147.0 22.0 32.0
0 1147.0 197.0 32.0 44.0
0 1156.0 97.5 14.0 19.0
0 1158.5 113.5 13.0 15.0
