0 114.5 177.5 25.0 29.0
0 143.0 181.5 28.0 31.0
0 350.5 134.5 17.0 17.0
0 375.5 134.0 21.0 18.0
0 378.0 155.0 22.0 24.0
0 404.5 142.0 21.0 22.0
0 418.5 171.5 27.0 31.0
0 387.0 184.5 26.0 27.0
0 410.0 111.5 14.0 19.0
0 424.5 111.0 17.0 20.0
0 451.0 113.0 16.0 20.0
0 480.0 110.5 18.0 23.0
0 493.0 120.5 18.0 19.0
0 500.0 140.0 24.0 30.0
0 507.5 118.0 19.0 22.0
0 524.0 92.0 20.0 20.0
0 557.0 104.0 20.0 22.0
0 589.5 95.5 19.0 19.0
0 527.5 179.5 31.0 31.0
0 615.5 79.0 19.0 20.0
0 630.5 96.5 23.0 25.0
0 670.5 119.5 21.0 23.0
0 662.0 150.5 26.0 31.0
0 701.0 164.0 32.0 34.0
0 706.5 124.5 23.0 25.0
0 733.0 134.0 28.0 30.0
0 743.5 97.5 21.0 23.0
0 784.5 121.5 25.0 25.0
0 822.5 100.5 21.0 25.0
0 806.5 146.0 23.0 28.0
0 758.5 167.5 27.0 33.0
0 811.5 187.5 31.0 33.0
0 894.5 195.5 33.0 37.0
0 985.0 139.5 26.0 29.0
