0 52.0 172.0 24.0 26.0
0 307.0 126.5 18.0 21.0
0 310.0 104.5 16.0 17.0
0 337.5 108.5 15.0 17.0
0 399.5 87.5 13.0 17.0
0 391.0 112.5 18.0 17.0
0 431.5 117.0 19.0 20.0
0 426.5 91.0 17.0 18.0
0 433.5 83.5 15.0 15.0
0 451.0 70.5 14.0 15.0
0 473.5 74.5 9.0 9.0
0 487.0 65.5 12.0 13.0
0 502.5 69.5 15.0 13.0
0 533.5 67.0 13.0 14.0
0 571.0 60.5 12.0 15.0
0 594.0 56.5 12.0 15.0
0 612.0 53.0 12.0 16.0
0 479.5 123.0 25.0 24.0
0 459.0 89.0 16.0 18.0
0 487.0 87.0 18.0 18.0
0 520.5 85.5 13.0 17.0
0 547.5 86.0 19.0 16.0
0 543.0 102.5 24.0 19.0
0 512.5 147.0 25.0 28.0
0 558.5 159.5 25.0 25.0
0 600.0 158.5 24.0 29.0
0 657.5 176.5 33.0 37.0
0 575.0 130.0 20.0 22.0
0 617.5 113.0 21.0 24.0
0 567.0 95.0 18.0 22.0
0 581.5 77.0 17.0 14.0
0 609.5 79.5 15.0 15.0
0 619.5 65.0 11.0 14.0
0 634.5 68.0 13.0 14.0
0 642.0 61.5 10.0 13.0
0 663.0 61.0 12.0 14.0
0 666.0 70.0 14.0 14.0
0 683.0 67.0 12.0 14.0
0 688.5 87.0 15.0 18.0
0 701.5 74.5 15.0 17.0
0 731.5 71.5 17.0 17.0
0 739.0 70.5 10.0 11.0
0 761.0 74.5 16.0 17.0
0 722.5 92.0 15.0 16.0
0 750.0 100.0 18.0 20.0
0 682.0 114.5 16.0 17.0
0 700.5 125.5 23.0 23.0
0 646.5 115.5 21.0 21.0
0 658.0 134.0 22.0 22.0
0 775.0 106.5 18.0 21.0
0 785.5 90.0 11.0 12.0
0 792.5 102.5 17.0 17.0
0 802.5 95.0 13.0 18.0
0 822.5 80.5 13.0 15.0
0 815.5 102.0 15.0 20.0
0 839.0 99.0 12.0 18.0
0 849.0 86.5 14.0 17.0
0 856.5 82.5 13.0 15.0
0 876.0 87.0 12.0 18.0
0 884.0 94.5 16.0 15.0
0 870.5 98.0 15.0 16.0
0 909.5 109.0 17.0 24.0
0 920.5 101.0 13.0 18.0
0 863.5 114.5 15.0 13.0
0 852.0 130.0 22.0 30.0
0 830.5 121.5 17.0 21.0
0 902.0 151.0 20.0 24.0
0 879.0 180.5 24.0 31.0
0 821.0 167.0 20.0 28.0
0 810.0 195.5 28.0 33.0
0 758.5 147.5 23.0 29.0
0 789.0 143.0 22.0 32.0
0 715.0 226.5 34.0 33.0
0 623.5 146.0 27.0 28.0
