0 281.0 132.5 16.0 19.0
0 288.0 118.0 14.0 16.0
0 304.5 125.5 15.0 19.0
0 322.5 104.0 17.0 20.0
0 339.5 106.5 13.0 19.0
0 346.5 123.0 17.0 24.0
0 359.5 118.5 13.0 17.0
0 370.5 128.5 17.0 21.0
0 398.0 133.5 16.0 21.0
0 388.5 116.5 15.0 21.0
0 385.0 90.5 12.0 15.0
0 400.0 94.5 12.0 15.0
0 409.5 104.5 15.0 21.0
0 434.5 135.0 23.0 22.0
0 429.0 112.5 16.0 17.0
0 452.0 115.5 20.0 21.0
0 439.5 106.5 15.0 19.0
0 428.0 93.0 14.0 16.0
0 415.0 87.0 14.0 12.0
0 471.0 83.5 14.0 15.0
0 484.5 102.5 15.0 17.0
0 509.5 100.5 15.0 17.0
0 499.5 84.5 11.0 15.0
0 486.0 71.0 10.0 14.0
0 504.5 73.5 11.0 9.0
0 523.0 90.0 14.0 18.0
0 538.0 79.5 14.0 17.0
0 545.0 104.5 14.0 21.0
0 549.0 92.0 12.0 16.0
0 563.0 77.5 14.0 17.0
0 579.0 69.5 10.0 15.0
0 585.5 75.0 13.0 12.0
0 579.5 86.5 13.0 19.0
0 589.5 94.0 17.0 20.0
0 608.0 77.0 14.0 18.0
0 622.5 68.5 11.0 15.0
0 636.5 66.0 11.0 14.0
0 626.0 86.5 14.0 17.0
0 637.5 81.0 11.0 18.0
0 646.5 75.0 9.0 12.0
0 661.0 74.5 14.0 15.0
0 669.0 65.5 14.0 15.0
0 691.0 63.5 14.0 15.0
0 575.5 131.0 23.0 28.0
0 602.0 123.5 22.0 25.0
0 620.0 139.0 26.0 32.0
0 638.0 122.0 20.0 24.0
0 643.5 101.0 17.0 22.0
0 671.5 141.5 19.0 29.0
0 679.0 177.0 32.0 40.0
0 421.5 217.0 49.0 52.0
0 743.0 194.0 34.0 36.0
0 714.0 131.0 18.0 24.0
0 696.0 104.5 18.0 25.0
0 683.0 100.5 14.0 21.0
0 710.5 96.5 17.0 19.0
0 717.0 82.5 18.0 19.0
0 733.0 75.0 14.0 16.0
0 762.5 74.0 13.0 16.0
0 766.0 86.5 12.0 17.0
0 775.5 94.5 13.0 17.0
0 782.0 113.5 16.0 23.0
0 776.0 164.0 28.0 32.0
0 745.5 137.0 25.0 30.0
0 732.5 109.0 19.0 24.0
0 799.0 140.5 22.0 27.0
0 818.0 121.5 14.0 23.0
0 831.5 121.5 13.0 19.0
0 799.0 114.0 16.0 18.0
0 811.0 97.0 14.0 20.0
0 821.0 92.0 14.0 20.0
0 802.5 73.0 15.0 20.0
0 787.0 76.5 12.0 17.0
0 833.0 86.0 12.0 16.0
0 844.5 102.0 15.0 18.0
0 852.5 95.0 13.0 20.0
0 869.0 122.0 14.0 22.0
0 858.0 133.0 18.0 26.0
0 910.5 141.0 19.0 22.0
0 898.0 128.5 16.0 21.0
0 874.0 106.0 12.0 20.0
0 886.0 99.5 12.0 17.0
0 888.0 87.0 14.0 18.0
0 914.5 116.5 15.0 21.0
0 923.5 107.5 13.0 17.0
