0 54.5 244.0 43.0 46.0
0 273.0 172.0 24.0 20.0
0 307.0 160.5 18.0 23.0
0 319.5 153.5 19.0 27.0
0 326.0 174.0 20.0 22.0
0 356.0 173.5 24.0 25.0
0 428.0 179.5 26.0 29.0
0 340.0 132.5 18.0 21.0
0 363.5 133.0 19.0 22.0
0 386.0 133.5 16.0 21.0
0 406.0 139.5 18.0 23.0
0 414.0 122.0 22.0 22.0
0 432.5 105.5 17.0 21.0
0 452.0 105.5 18.0 25.0
0 469.5 116.5 19.0 23.0
0 443.5 134.0 21.0 24.0
0 457.5 146.0 23.0 24.0
0 512.5 141.0 21.0 26.0
0 493.0 123.5 18.0 23.0
0 483.0 102.0 18.0 14.0
0 477.0 88.0 18.0 18.0
0 500.5 97.0 19.0 24.0
0 513.0 82.0 14.0 16.0
0 533.0 89.5 16.0 17.0
0 552.0 94.5 16.0 19.0
0 536.5 107.5 19.0 23.0
0 573.0 122.0 20.0 22.0
0 613.0 97.0 18.0 22.0
0 586.5 93.5 19.0 23.0
0 567.5 83.5 19.0 21.0
0 606.5 67.0 19.0 16.0
0 622.5 76.0 17.0 14.0
0 627.5 85.5 17.0 17.0
0 641.5 100.5 25.0 21.0
0 631.0 60.0 14.0 14.0
0 651.5 68.0 13.0 14.0
0 654.5 59.0 11.0 12.0
0 652.0 84.5 16.0 13.0
0 673.5 75.0 21.0 18.0
0 679.5 64.0 15.0 20.0
0 713.5 75.0 21.0 22.0
0 739.5 58.0 19.0 22.0
0 685.0 110.0 24.0 26.0
0 647.5 128.5 23.0 25.0
0 641.5 155.0 25.0 32.0
0 595.0 147.0 28.0 28.0
0 596.0 181.0 32.0 32.0
0 522.5 177.5 27.0 31.0
0 637.0 227.5 32.0 33.0
0 713.5 209.5 31.0 39.0
0 720.5 144.5 27.0 27.0
0 712.0 123.0 22.0 28.0
0 745.5 134.5 27.0 31.0
0 735.0 107.5 22.0 23.0
0 728.5 94.5 23.0 23.0
0 758.0 84.5 16.0 19.0
0 776.0 95.5 18.0 23.0
0 788.5 83.5 17.0 21.0
0 789.0 73.0 12.0 16.0
0 795.0 62.0 18.0 18.0
0 758.0 170.0 34.0 36.0
0 827.5 171.5 33.0 37.0
0 809.5 134.5 27.0 31.0
0 792.0 110.0 20.0 26.0
0 808.5 96.5 17.0 25.0
0 816.0 84.0 18.0 18.0
0 833.0 69.0 16.0 20.0
0 851.0 83.5 14.0 21.0
0 866.0 74.0 16.0 20.0
0 874.0 95.0 16.0 22.0
0 887.5 89.0 15.0 20.0
0 845.0 110.5 20.0 27.0
0 898.5 116.0 21.0 28.0
0 926.5 137.5 19.0 27.0
0 934.0 122.0 20.0 30.0
0 914.5 97.0 15.0 20.0
0 928.5 77.5 13.0 19.0
0 925.5 91.5 17.0 21.0
0 950.0 102.5 14.0 23.0
0 957.5 79.5 15.0 17.0
0 989.0 91.0 22.0 22.0
0 983.0 161.5 26.0 35.0
