0 214.5 211.0 47.0 46.0
0 320.5 134.0 15.0 18.0
0 336.0 108.5 16.0 17.0
0 364.5 112.0 15.0 18.0
0 425.0 115.5 16.0 19.0
0 425.5 100.0 17.0 14.0
0 432.5 87.5 13.0 13.0
0 459.0 120.0 18.0 18.0
0 494.5 125.0 21.0 18.0
0 486.5 108.5 17.0 17.0
0 473.5 101.5 15.0 15.0
0 463.5 100.0 13.0 16.0
0 457.5 91.0 13.0 12.0
0 469.0 82.5 12.0 11.0
0 504.0 81.0 12.0 10.0
0 509.0 71.5 10.0 11.0
0 523.5 85.0 11.0 14.0
0 513.5 92.5 13.0 15.0
0 534.5 77.0 11.0 14.0
0 540.5 86.0 13.0 16.0
0 557.5 95.0 15.0 16.0
0 547.5 105.5 17.0 17.0
0 556.5 72.0 11.0 12.0
0 577.5 88.0 13.0 14.0
0 569.5 92.5 11.0 15.0
0 595.5 69.0 13.0 16.0
0 619.5 60.0 13.0 12.0
0 616.5 78.5 13.0 17.0
0 604.0 90.0 16.0 16.0
0 593.5 101.5 17.0 17.0
0 581.5 142.5 19.0 21.0
0 518.5 172.0 21.0 22.0
0 606.5 176.5 29.0 33.0
0 635.0 91.0 14.0 18.0
0 651.0 67.5 10.0 13.0
0 657.5 62.0 11.0 12.0
0 677.5 66.0 11.0 16.0
0 681.0 64.5 10.0 11.0
0 710.0 67.5 12.0 13.0
0 663.5 82.5 13.0 15.0
0 681.0 103.5 16.0 21.0
0 686.0 121.0 18.0 20.0
0 640.5 124.5 19.0 23.0
0 636.5 152.5 19.0 21.0
0 686.5 157.5 21.0 21.0
0 684.5 183.5 29.0 35.0
0 726.5 220.0 31.0 36.0
0 843.5 235.5 35.0 37.0
0 803.0 169.0 24.0 32.0
0 741.5 125.0 19.0 26.0
0 717.0 115.0 16.0 20.0
0 719.5 94.0 15.0 20.0
0 756.0 99.0 16.0 22.0
0 778.5 82.5 13.0 17.0
0 774.5 73.5 15.0 17.0
0 799.0 79.5 14.0 17.0
0 792.5 104.5 13.0 19.0
0 809.5 100.5 13.0 19.0
0 803.5 122.5 13.0 19.0
0 826.0 116.5 14.0 19.0
0 846.5 104.0 13.0 20.0
0 861.5 89.5 13.0 17.0
0 823.0 157.0 20.0 22.0
0 864.5 172.0 19.0 28.0
0 885.0 159.0 22.0 26.0
0 942.5 162.5 19.0 19.0
0 917.0 223.5 28.0 29.0
0 911.5 247.5 31.0 43.0
0 900.5 132.5 19.0 23.0
0 858.5 125.5 17.0 23.0
0 871.0 114.5 16.0 21.0
0 885.5 107.0 13.0 16.0
0 900.5 92.5 13.0 15.0
0 917.5 111.5 13.0 23.0
0 926.0 104.0 14.0 14.0
0 937.0 101.5 14.0 15.0
0 953.0 133.5 16.0 21.0
0 957.5 122.5 15.0 15.0
0 960.0 113.0 14.0 18.0
