0 49.5 223.5 27.0 33.0
0 266.0 160.5 20.0 23.0
0 324.5 145.5 19.0 23.0
0 342.0 162.5 18.0 19.0
0 326.0 165.0 16.0 20.0
0 347.0 124.5 16.0 19.0
0 356.5 131.5 17.0 19.0
0 375.5 146.5 17.0 25.0
0 389.0 158.5 24.0 27.0
0 418.5 172.5 27.0 31.0
0 384.0 126.0 20.0 24.0
0 391.5 113.5 19.0 21.0
0 411.5 107.5 15.0 23.0
0 406.5 134.0 21.0 24.0
0 431.0 113.5 20.0 23.0
0 456.5 141.5 23.0 25.0
0 469.5 111.0 17.0 22.0
0 476.0 100.5 16.0 15.0
0 493.5 117.0 21.0 24.0
0 505.0 137.5 26.0 27.0
0 490.5 81.5 15.0 19.0
0 527.5 116.5 19.0 25.0
0 537.0 98.0 16.0 22.0
0 519.5 73.0 13.0 16.0
0 518.0 95.0 16.0 18.0
0 560.0 120.0 24.0 28.0
0 564.0 101.0 22.0 22.0
0 583.5 90.0 21.0 20.0
0 605.0 104.0 20.0 24.0
0 608.0 132.0 28.0 30.0
0 519.5 183.5 31.0 37.0
0 617.0 179.0 32.0 38.0
0 604.0 68.5 16.0 21.0
0 619.5 84.0 15.0 18.0
0 634.0 77.0 16.0 14.0
0 658.0 66.0 12.0 14.0
0 659.5 82.0 17.0 18.0
0 676.0 77.0 12.0 18.0
0 678.5 66.5 11.0 15.0
0 720.5 68.0 15.0 20.0
0 708.5 124.0 21.0 28.0
0 689.5 118.0 17.0 26.0
0 676.5 116.5 17.0 25.0
0 670.0 144.5 26.0 33.0
0 672.0 187.5 34.0 39.0
0 702.5 162.5 27.0 37.0
0 756.0 162.0 26.0 36.0
0 749.0 126.5 20.0 23.0
0 736.0 116.0 20.0 26.0
0 732.0 90.5 20.0 19.0
0 759.0 85.0 20.0 22.0
0 783.5 63.5 17.0 19.0
0 805.5 82.0 19.0 22.0
0 824.5 71.5 19.0 19.0
0 769.5 109.0 17.0 24.0
0 784.5 117.0 19.0 30.0
0 809.0 121.5 22.0 31.0
0 816.5 99.0 19.0 20.0
0 827.5 125.5 17.0 21.0
0 820.0 172.5 30.0 41.0
0 895.5 183.5 31.0 41.0
0 911.5 155.5 25.0 35.0
0 979.0 165.0 26.0 34.0
0 979.0 145.0 24.0 24.0
0 944.0 112.5 20.0 23.0
0 946.5 98.0 19.0 24.0
0 953.5 86.0 13.0 18.0
0 920.5 85.0 15.0 22.0
0 897.0 98.0 18.0 22.0
0 886.0 122.0 20.0 28.0
0 864.5 95.0 19.0 24.0
0 844.0 86.0 16.0 22.0
0 866.5 71.0 17.0 18.0
0 891.5 78.0 15.0 22.0
