0 848.5 193.5 19.0 25.0
0 780.0 185.0 28.0 34.0
0 791.0 161.0 18.0 28.0
0 807.5 151.0 15.0 24.0
0 858.5 153.5 21.0 27.0
0 856.5 126.0 13.0 20.0
0 867.0 123.0 14.0 20.0
0 849.5 91.0 11.0 16.0
0 821.5 78.0 13.0 16.0
0 822.0 117.5 16.0 23.0
0 791.5 112.0 13.0 18.0
0 787.5 74.5 11.0 19.0
0 771.0 88.5 8.0 15.0
0 827.5 97.5 13.0 17.0
0 750.5 99.0 13.0 20.0
0 735.5 110.5 15.0 23.0
0 717.5 95.0 13.0 18.0
0 702.0 62.0 10.0 16.0
0 730.5 70.5 11.0 19.0
0 755.5 138.0 17.0 24.0
0 751.5 152.5 21.0 29.0
0 667.5 123.5 19.0 27.0
0 659.0 99.0 14.0 18.0
0 684.5 95.5 15.0 21.0
0 711.5 76.5 11.0 17.0
0 701.0 186.0 28.0 34.0
0 623.5 155.5 19.0 27.0
0 638.0 182.5 26.0 33.0
0 624.5 92.5 13.0 21.0
0 621.0 120.0 18.0 24.0
0 641.0 64.0 10.0 14.0
0 675.5 39.5 11.0 15.0
0 587.0 35.0 10.0 12.0
0 565.5 35.0 9.0 12.0
0 537.5 34.5 9.0 11.0
0 587.0 60.0 10.0 16.0
0 594.5 74.0 11.0 16.0
0 615.0 68.5 12.0 15.0
0 627.5 54.0 11.0 12.0
0 612.0 54.5 10.0 13.0
0 580.5 108.0 17.0 24.0
0 573.0 135.5 16.0 25.0
0 570.5 160.5 25.0 31.0
0 526.5 132.5 19.0 23.0
0 512.0 157.0 26.0 32.0
0 509.0 96.5 12.0 19.0
0 512.5 84.0 11.0 18.0
0 541.5 80.0 13.0 16.0
0 495.0 29.5 8.0 11.0
0 487.5 79.5 13.0 17.0
0 459.5 81.5 13.0 19.0
0 428.0 72.5 12.0 15.0
0 446.0 90.5 14.0 21.0
0 424.5 90.5 15.0 17.0
0 412.0 79.0 14.0 16.0
0 445.5 118.5 17.0 23.0
0 386.0 82.0 12.0 14.0
0 390.5 92.0 13.0 16.0
0 382.0 111.5 18.0 19.0
0 410.5 118.0 19.0 22.0
0 318.5 93.5 15.0 17.0
0 325.5 100.5 11.0 15.0
0 286.5 123.5 15.0 23.0
0 467.5 143.0 19.0 26.0
0 176.5 237.0 37.0 50.0
