0 37.5 290.5 33.0 37.0
0 274.0 248.5 24.0 27.0
0 320.0 244.0 24.0 30.0
0 359.0 260.5 28.0 31.0
0 363.0 213.5 24.0 25.0
0 411.5 255.0 27.0 36.0
0 444.5 230.5 23.0 25.0
0 442.5 207.5 19.0 25.0
0 480.5 232.5 23.0 25.0
0 501.5 238.0 23.0 26.0
0 508.0 210.0 22.0 20.0
0 485.5 179.5 19.0 23.0
0 516.5 187.5 17.0 19.0
0 534.0 178.5 16.0 25.0
0 544.5 193.0 17.0 20.0
0 541.0 212.5 20.0 25.0
0 583.5 214.0 21.0 24.0
0 577.5 169.0 17.0 20.0
0 614.0 190.0 22.0 24.0
0 629.0 224.5 24.0 25.0
0 644.0 211.5 24.0 21.0
0 562.0 177.0 16.0 20.0
0 629.0 180.0 14.0 20.0
0 641.5 171.0 15.0 18.0
0 656.5 187.0 21.0 22.0
0 708.0 201.5 22.0 25.0
0 689.0 156.5 22.0 23.0
0 706.0 165.0 16.0 20.0
0 712.0 144.0 16.0 20.0
0 706.0 185.0 22.0 20.0
0 739.5 169.5 21.0 23.0
0 749.5 158.0 19.0 24.0
0 756.5 144.5 17.0 17.0
0 777.5 149.0 17.0 20.0
0 773.5 165.5 17.0 19.0
0 782.5 181.5 19.0 17.0
0 814.0 155.0 16.0 16.0
0 829.5 163.5 15.0 23.0
0 845.0 160.0 14.0 18.0
0 867.5 175.5 23.0 27.0
0 821.0 191.5 20.0 25.0
0 784.5 206.5 23.0 25.0
0 739.5 228.5 27.0 31.0
0 658.5 254.5 33.0 35.0
0 668.0 287.5 36.0 41.0
0 563.0 293.0 38.0 44.0
0 547.5 253.0 27.0 32.0
0 753.5 300.0 37.0 44.0
0 739.5 267.0 33.0 34.0
0 801.0 237.5 28.0 33.0
0 844.5 231.5 23.0 29.0
0 846.0 255.5 30.0 35.0
0 813.5 278.0 35.0 44.0
0 820.0 325.5 40.0 49.0
0 881.0 360.0 48.0 54.0
0 904.0 281.5 36.0 33.0
0 892.0 201.0 18.0 26.0
0 901.5 195.0 23.0 24.0
0 918.5 173.0 15.0 18.0
0 920.0 155.5 16.0 23.0
0 940.5 199.5 19.0 27.0
0 954.5 187.5 21.0 25.0
0 958.5 171.0 17.0 20.0
0 993.5 174.0 19.0 24.0
0 997.5 210.0 17.0 26.0
0 1005.5 197.0 19.0 22.0
0 1030.5 181.0 17.0 26.0
0 1017.5 235.5 21.0 33.0
0 997.5 255.0 29.0 36.0
0 974.0 311.0 34.0 38.0
0 999.0 387.0 50.0 62.0
0 1038.5 305.0 37.0 42.0
0 1114.5 319.0 37.0 44.0
0 1124.5 285.5 27.0 41.0
0 1126.0 248.0 24.0 28.0
0 1132.0 228.0 24.0 28.0
0 1144.5 219.5 17.0 23.0
0 1144.5 200.0 19.0 24.0
0 1101.5 201.0 23.0 28.0
0 1070.5 241.5 29.0 29.0
0 1055.0 264.0 26.0 34.0
0 1057.0 201.0 26.0 26.0
0 1054.5 178.5 19.0 17.0
0 1073.0 177.0 18.0 20.0
