0 202.0 194.0 42.0 36.0
0 229.5 285.0 47.0 52.0
0 810.5 70.5 19.0 21.0
0 876.0 76.0 18.0 18.0
0 919.5 82.0 23.0 22.0
0 982.5 84.0 15.0 18.0
0 1020.5 87.5 13.0 23.0
0 1057.5 87.5 23.0 25.0
0 709.5 91.5 15.0 17.0
0 663.5 99.0 15.0 20.0
0 748.0 73.0 10.0 14.0
0 768.5 83.0 17.0 20.0
0 636.5 99.0 19.0 20.0
0 577.5 103.5 23.0 21.0
0 440.0 149.5 26.0 27.0
0 403.5 175.0 29.0 26.0
0 396.5 194.5 21.0 27.0
0 520.0 139.0 26.0 26.0
0 555.0 121.5 20.0 23.0
0 496.5 186.5 35.0 35.0
0 570.5 154.0 23.0 22.0
0 591.5 171.5 29.0 27.0
0 634.0 134.5 22.0 27.0
0 706.5 128.0 23.0 24.0
0 767.0 104.0 20.0 20.0
0 809.0 95.0 22.0 22.0
0 676.0 212.0 40.0 44.0
0 712.5 172.5 27.0 37.0
0 761.5 183.5 33.0 33.0
0 762.5 156.0 31.0 32.0
0 798.0 219.5 34.0 41.0
0 823.0 187.5 30.0 31.0
0 826.0 158.5 28.0 29.0
0 855.5 134.5 23.0 27.0
0 891.0 157.0 24.0 32.0
0 910.5 128.0 21.0 26.0
0 982.5 118.5 17.0 23.0
0 1033.5 110.0 27.0 28.0
0 1085.0 112.0 24.0 26.0
0 1128.5 108.5 15.0 21.0
0 1055.5 227.5 33.0 57.0
0 1006.0 269.5 38.0 65.0
0 1106.0 300.0 44.0 60.0
0 1142.5 214.5 33.0 43.0
0 1089.5 185.5 25.0 35.0
0 1156.5 174.0 29.0 38.0
0 965.5 165.5 27.0 39.0
0 1026.0 176.5 22.0 31.0
0 1015.0 128.0 26.0 28.0
0 469.5 172.0 33.0 24.0
0 512.0 168.5 42.0 29.0
0 692.5 101.5 17.0 21.0
0 686.0 115.0 28.0 34.0
0 741.0 103.5 28.0 25.0
0 846.0 88.0 14.0 20.0
0 947.5 104.0 23.0 26.0
0 963.5 211.0 29.0 30.0
0 1117.5 126.5 19.0 25.0
0 440.0 174.5 26.0 35.0
0 738.5 87.5 19.0 19.0
0 977.0 153.5 20.0 27.0
0 1101.0 165.0 20.0 32.0
