0 263.5 303.0 51.0 62.0
0 347.5 183.5 29.0 33.0
0 365.5 181.0 23.0 30.0
0 388.5 188.0 23.0 30.0
0 408.5 205.0 31.0 42.0
0 400.5 158.0 23.0 26.0
0 437.0 157.0 22.0 30.0
0 506.5 192.5 27.0 33.0
0 544.0 190.0 30.0 36.0
0 554.0 158.5 28.0 35.0
0 507.0 133.5 24.0 27.0
0 528.0 126.5 20.0 21.0
0 605.0 168.5 30.0 33.0
0 528.0 167.0 22.0 22.0
0 559.0 114.0 22.0 26.0
0 572.5 106.0 15.0 18.0
0 589.0 117.5 20.0 25.0
0 604.0 140.0 18.0 22.0
0 625.0 152.5 18.0 23.0
0 615.0 98.5 16.0 19.0
0 624.0 90.5 14.0 19.0
0 644.0 103.0 16.0 18.0
0 675.5 98.5 19.0 23.0
0 685.5 126.0 21.0 28.0
0 668.0 143.0 24.0 28.0
0 701.0 102.5 22.0 27.0
0 725.0 120.5 24.0 25.0
0 742.0 110.0 18.0 24.0
0 739.0 86.0 20.0 20.0
0 746.5 71.5 17.0 19.0
0 772.5 108.5 23.0 25.0
0 824.5 86.5 19.0 21.0
0 841.0 89.5 18.0 23.0
0 707.5 184.0 39.0 42.0
0 691.0 217.0 46.0 40.0
0 630.0 215.0 34.0 34.0
0 765.5 178.0 31.0 34.0
0 792.0 151.5 28.0 37.0
0 828.5 151.0 31.0 30.0
0 822.0 129.5 22.0 27.0
0 824.5 185.0 35.0 34.0
0 877.5 221.5 35.0 55.0
0 914.0 202.0 36.0 40.0
0 970.5 237.0 45.0 50.0
0 899.5 154.5 31.0 33.0
0 903.0 131.5 24.0 27.0
0 866.5 121.5 25.0 29.0
0 928.0 110.0 22.0 26.0
0 938.0 129.5 24.0 31.0
0 959.5 118.0 19.0 24.0
0 957.5 99.0 19.0 24.0
0 981.0 103.0 20.0 26.0
0 1005.5 99.5 19.0 25.0
0 1018.5 130.0 23.0 28.0
0 984.5 155.0 25.0 26.0
0 950.5 172.0 27.0 30.0
0 1013.0 199.5 36.0 45.0
0 1077.5 222.0 39.0 46.0
0 1104.0 187.0 28.0 38.0
0 1155.5 201.0 33.0 42.0
0 1118.5 144.5 23.0 29.0
0 1107.5 159.5 25.0 33.0
0 1047.5 168.5 33.0 31.0
0 1063.5 142.5 25.0 31.0
0 1055.5 99.5 19.0 27.0
0 1102.0 105.0 18.0 26.0
