0 212.0 242.5 38.0 45.0
0 156.5 181.5 23.0 29.0
0 287.5 146.0 19.0 22.0
0 314.0 153.5 20.0 23.0
0 384.5 121.0 19.0 22.0
0 366.0 133.5 22.0 23.0
0 405.0 158.5 22.0 25.0
0 365.5 160.0 17.0 20.0
0 385.5 160.5 25.0 27.0
0 330.0 138.0 20.0 22.0
0 403.5 125.0 19.0 20.0
0 431.5 115.5 19.0 17.0
0 455.0 145.0 20.0 22.0
0 467.5 108.0 15.0 22.0
0 501.0 142.0 18.0 28.0
0 535.0 116.5 20.0 17.0
0 524.5 94.5 13.0 15.0
0 602.5 76.5 15.0 17.0
0 560.5 118.5 23.0 25.0
0 572.5 100.0 15.0 22.0
0 518.0 187.5 22.0 27.0
0 571.5 191.0 27.0 38.0
0 651.0 199.0 28.0 38.0
0 631.5 75.0 15.0 22.0
0 648.0 79.0 12.0 16.0
0 684.0 74.0 14.0 20.0
0 628.0 104.0 12.0 16.0
0 616.0 135.0 18.0 24.0
0 645.0 163.5 24.0 27.0
0 656.0 129.5 26.0 25.0
0 729.0 91.0 20.0 28.0
0 709.0 124.0 28.0 26.0
0 706.5 154.5 25.0 29.0
0 737.5 122.5 23.0 23.0
0 753.5 140.5 21.0 27.0
0 755.5 89.5 23.0 19.0
0 764.5 103.5 17.0 21.0
0 757.5 172.0 27.0 32.0
0 820.5 80.5 15.0 17.0
0 812.5 106.0 15.0 18.0
0 785.0 80.0 16.0 14.0
0 878.0 85.5 16.0 21.0
0 859.0 107.0 22.0 24.0
0 843.0 119.0 18.0 24.0
0 790.0 124.0 18.0 26.0
0 821.5 134.0 27.0 32.0
0 842.5 149.0 25.0 30.0
0 877.5 122.5 29.0 25.0
0 911.5 103.5 17.0 23.0
0 899.0 117.0 32.0 30.0
0 950.0 91.5 20.0 19.0
0 949.0 106.0 18.0 22.0
0 933.0 109.0 20.0 20.0
0 945.5 122.0 23.0 26.0
0 915.0 155.5 26.0 31.0
0 891.0 207.5 26.0 35.0
0 984.0 141.5 18.0 31.0
0 978.5 170.5 23.0 25.0
0 657.5 89.5 13.0 19.0
0 424.5 136.5 21.0 19.0
0 614.5 87.5 11.0 17.0
0 714.0 111.0 20.0 26.0
0 839.5 96.0 15.0 16.0
