0 201.5 195.5 47.0 49.0
0 298.0 134.0 22.0 24.0
0 304.0 119.0 22.0 20.0
0 325.0 129.5 18.0 23.0
0 345.5 135.5 23.0 27.0
0 365.5 135.0 23.0 26.0
0 400.0 147.0 26.0 28.0
0 342.5 97.5 17.0 19.0
0 352.0 104.0 16.0 18.0
0 376.5 100.5 17.0 19.0
0 411.0 114.5 20.0 21.0
0 409.5 102.0 17.0 18.0
0 438.5 118.5 21.0 23.0
0 466.5 121.0 25.0 26.0
0 410.5 79.5 15.0 17.0
0 434.5 94.0 21.0 20.0
0 456.5 78.5 15.0 21.0
0 466.0 75.5 16.0 19.0
0 481.0 92.5 20.0 19.0
0 482.0 73.0 12.0 18.0
0 493.5 81.5 15.0 19.0
0 491.5 65.0 13.0 14.0
0 507.0 74.5 14.0 17.0
0 520.5 69.0 13.0 16.0
0 526.0 89.0 14.0 16.0
0 511.0 95.5 18.0 19.0
0 546.0 99.0 16.0 18.0
0 552.0 86.5 18.0 15.0
0 580.0 90.5 16.0 17.0
0 548.0 65.5 14.0 13.0
0 564.0 65.5 12.0 13.0
0 572.0 61.0 14.0 12.0
0 579.5 73.5 15.0 17.0
0 586.5 66.0 11.0 12.0
0 607.0 75.5 14.0 17.0
0 603.5 57.0 15.0 16.0
0 623.0 61.5 12.0 15.0
0 646.5 53.5 17.0 19.0
0 668.5 53.5 15.0 15.0
0 674.0 63.0 16.0 16.0
0 701.5 54.0 13.0 16.0
0 649.0 73.0 14.0 18.0
0 573.0 131.5 22.0 29.0
0 537.0 174.5 32.0 39.0
0 485.0 161.0 30.0 32.0
0 588.0 184.0 28.0 40.0
0 620.0 129.0 24.0 30.0
0 665.5 137.0 23.0 30.0
0 678.0 170.0 28.0 36.0
0 720.0 158.5 22.0 27.0
0 732.0 218.5 36.0 43.0
0 803.5 212.0 37.0 46.0
0 771.0 161.5 28.0 33.0
0 756.0 124.5 20.0 25.0
0 721.0 125.0 24.0 26.0
0 691.0 105.5 20.0 23.0
0 659.0 97.5 24.0 21.0
0 685.5 84.5 17.0 19.0
0 717.0 81.0 16.0 22.0
0 734.0 70.0 18.0 22.0
0 746.0 93.0 18.0 22.0
0 776.5 74.5 15.0 17.0
0 788.0 84.0 20.0 20.0
0 783.5 120.0 19.0 22.0
0 803.0 137.0 24.0 30.0
0 813.0 184.0 28.0 30.0
0 849.5 138.5 21.0 25.0
0 871.0 122.0 20.0 24.0
0 907.5 123.0 17.0 26.0
0 903.5 152.5 25.0 29.0
0 893.0 179.0 24.0 34.0
0 860.5 217.5 35.0 43.0
