0 190.5 182.5 45.0 49.0
0 295.5 101.0 17.0 18.0
0 330.5 62.0 17.0 16.0
0 369.5 94.0 13.0 14.0
0 386.5 87.0 15.0 18.0
0 395.5 72.5 11.0 17.0
0 406.5 73.0 9.0 12.0
0 423.5 78.5 13.0 17.0
0 414.5 86.5 15.0 15.0
0 417.5 102.0 17.0 16.0
0 416.5 71.0 13.0 12.0
0 437.0 74.0 14.0 14.0
0 457.5 73.0 11.0 12.0
0 446.5 69.0 9.0 10.0
0 469.0 66.0 12.0 14.0
0 469.0 94.5 14.0 17.0
0 488.0 99.0 18.0 18.0
0 488.5 79.5 11.0 15.0
0 512.0 68.0 12.0 16.0
0 520.5 65.0 15.0 16.0
0 538.0 70.0 16.0 16.0
0 525.5 82.0 15.0 18.0
0 557.5 86.5 17.0 17.0
0 554.0 54.0 10.0 12.0
0 577.0 62.0 12.0 14.0
0 585.5 71.5 13.0 13.0
0 591.5 58.0 9.0 12.0
0 601.0 59.5 10.0 11.0
0 620.0 57.0 12.0 16.0
0 638.5 61.5 11.0 13.0
0 535.0 123.0 20.0 26.0
0 568.5 107.0 21.0 26.0
0 593.5 111.5 19.0 27.0
0 599.5 104.5 17.0 17.0
0 618.5 87.5 17.0 17.0
0 637.5 92.0 15.0 16.0
0 666.0 104.5 22.0 23.0
0 665.0 88.5 14.0 19.0
0 678.0 72.5 12.0 13.0
0 682.0 67.5 10.0 11.0
0 690.5 91.0 15.0 20.0
0 700.5 73.0 13.0 18.0
0 716.5 84.5 13.0 17.0
0 725.0 80.0 12.0 16.0
0 743.0 67.5 12.0 15.0
0 742.0 91.5 14.0 19.0
0 755.0 95.0 14.0 16.0
0 727.0 103.0 16.0 18.0
0 708.5 110.5 17.0 21.0
0 642.5 85.0 15.0 14.0
0 781.0 147.0 18.0 26.0
0 795.0 116.5 16.0 21.0
0 801.5 104.0 19.0 20.0
0 784.5 79.5 9.0 15.0
0 763.5 77.0 11.0 16.0
0 823.5 90.5 13.0 17.0
0 842.5 98.5 11.0 15.0
0 842.0 87.0 10.0 10.0
0 824.0 135.0 16.0 24.0
