0 431.5 146.0 33.0 38.0
0 285.5 131.0 15.0 18.0
0 376.5 134.0 19.0 24.0
0 388.5 113.0 15.0 22.0
0 411.5 113.0 15.0 20.0
0 411.5 99.5 13.0 17.0
0 442.0 96.0 12.0 16.0
0 447.0 90.0 12.0 16.0
0 463.5 100.5 15.0 19.0
0 432.5 125.0 17.0 24.0
0 448.5 130.0 17.0 24.0
0 467.5 151.0 23.0 26.0
0 478.0 124.5 20.0 25.0
0 523.0 127.5 24.0 29.0
0 509.0 108.0 20.0 22.0
0 511.0 91.0 14.0 20.0
0 499.5 81.5 13.0 17.0
0 518.0 84.5 14.0 15.0
0 536.0 87.5 18.0 17.0
0 544.5 78.5 13.0 15.0
0 559.5 84.0 13.0 16.0
0 565.0 82.0 12.0 14.0
0 562.0 99.0 16.0 20.0
0 551.0 106.0 18.0 24.0
0 566.5 120.5 25.0 29.0
0 596.0 82.0 16.0 14.0
0 609.0 74.0 14.0 14.0
0 627.0 80.0 16.0 20.0
0 636.0 69.5 12.0 17.0
0 647.0 67.5 12.0 17.0
0 658.0 67.5 12.0 17.0
0 666.0 74.5 14.0 17.0
0 651.0 85.5 20.0 19.0
0 607.5 104.0 19.0 22.0
0 603.5 146.5 25.0 31.0
0 595.5 169.0 31.0 34.0
0 661.5 146.5 25.0 29.0
0 672.5 117.0 21.0 24.0
0 687.5 84.5 15.0 17.0
0 691.0 75.0 16.0 14.0
0 687.5 68.0 13.0 14.0
0 720.5 62.5 15.0 17.0
0 720.0 73.5 12.0 17.0
0 744.0 70.5 16.0 19.0
0 732.5 107.5 17.0 23.0
0 689.5 109.5 17.0 25.0
0 706.0 130.0 24.0 24.0
0 723.0 152.5 22.0 27.0
0 763.0 176.0 30.0 32.0
0 759.5 138.5 23.0 27.0
0 783.5 123.5 19.0 27.0
0 776.5 86.0 17.0 20.0
0 787.0 104.0 18.0 18.0
0 787.5 86.5 15.0 17.0
0 798.0 80.0 14.0 20.0
0 821.5 87.0 15.0 20.0
0 838.5 77.0 15.0 20.0
0 861.5 82.5 13.0 17.0
0 897.0 90.5 14.0 17.0
0 919.0 91.0 12.0 18.0
0 957.0 93.5 14.0 17.0
0 977.0 103.5 12.0 21.0
0 993.0 103.0 14.0 18.0
0 992.5 127.0 13.0 22.0
0 978.5 136.5 19.0 25.0
0 969.0 144.5 18.0 27.0
0 972.0 168.0 22.0 34.0
0 963.0 198.0 30.0 38.0
0 885.5 189.5 27.0 33.0
0 900.5 164.5 25.0 29.0
0 879.0 135.5 18.0 25.0
0 883.0 121.0 18.0 20.0
0 894.5 110.0 17.0 20.0
0 916.5 108.5 17.0 17.0
0 933.5 135.0 23.0 22.0
0 875.0 94.0 16.0 20.0
0 851.0 91.5 16.0 19.0
0 837.0 97.5 16.0 19.0
0 872.0 111.5 18.0 19.0
0 822.0 127.0 22.0 24.0
0 805.5 146.5 23.0 27.0
0 833.0 177.0 30.0 36.0
