0 863.5 66.0 11.0 16.0
0 889.5 72.5 9.0 13.0
0 923.0 85.0 10.0 14.0
0 953.5 88.5 9.0 13.0
0 938.5 174.0 23.0 34.0
0 787.5 167.0 23.0 34.0
0 814.5 157.0 19.0 32.0
0 851.0 174.0 26.0 38.0
0 756.0 189.5 30.0 43.0
0 695.0 177.5 28.0 39.0
0 671.0 125.5 18.0 25.0
0 637.5 146.0 21.0 28.0
0 623.5 85.0 13.0 20.0
0 578.5 103.0 13.0 20.0
0 579.5 73.5 11.0 17.0
0 598.0 70.5 10.0 15.0
0 523.0 73.0 10.0 14.0
0 548.0 71.5 12.0 17.0
0 425.0 93.5 12.0 15.0
0 467.5 128.5 17.0 21.0
0 367.5 114.5 13.0 17.0
0 393.5 128.0 15.0 20.0
0 399.0 154.0 16.0 22.0
0 489.0 192.0 26.0 28.0
0 546.0 190.0 24.0 30.0
0 175.5 283.5 37.0 45.0
0 96.0 185.0 18.0 22.0
0 393.5 119.0 17.0 14.0
