0 173.5 335.5 51.0 59.0
0 271.0 248.0 20.0 20.0
0 321.0 257.0 32.0 24.0
0 354.5 217.0 21.0 22.0
0 393.5 239.5 27.0 29.0
0 413.0 253.0 30.0 40.0
0 437.5 233.0 19.0 22.0
0 441.0 208.0 20.0 22.0
0 477.0 235.0 22.0 26.0
0 511.5 235.0 23.0 26.0
0 502.5 216.0 21.0 22.0
0 480.5 192.0 19.0 22.0
0 530.0 186.5 18.0 15.0
0 541.5 216.0 17.0 22.0
0 559.0 178.5 14.0 15.0
0 583.5 188.0 21.0 24.0
0 616.0 183.5 16.0 21.0
0 624.0 177.5 14.0 13.0
0 645.5 173.5 19.0 17.0
0 645.0 195.0 18.0 20.0
0 621.5 231.0 23.0 26.0
0 575.5 222.0 19.0 18.0
0 557.5 247.0 27.0 20.0
0 570.5 296.5 31.0 35.0
0 665.5 289.5 29.0 31.0
0 689.0 249.5 26.0 31.0
0 711.0 200.0 20.0 20.0
0 675.5 176.0 17.0 20.0
0 686.5 160.0 15.0 14.0
0 705.5 156.5 13.0 13.0
0 704.5 173.0 15.0 20.0
0 731.0 176.5 18.0 19.0
0 739.5 161.0 15.0 18.0
0 753.5 146.0 13.0 14.0
0 763.5 155.5 15.0 15.0
0 769.5 151.0 13.0 12.0
0 781.5 176.0 15.0 16.0
0 802.0 155.5 14.0 13.0
0 803.0 169.5 14.0 17.0
0 810.0 162.0 12.0 14.0
0 826.0 164.0 14.0 20.0
0 838.0 163.0 14.0 20.0
0 831.0 188.5 16.0 23.0
0 777.0 209.0 20.0 22.0
0 734.5 228.0 25.0 30.0
0 803.5 235.5 19.0 23.0
0 812.5 256.5 29.0 39.0
0 843.5 247.5 25.0 29.0
0 711.0 306.5 36.0 43.0
0 788.5 331.5 37.0 43.0
0 724.0 295.5 24.0 23.0
0 858.5 368.0 35.0 46.0
0 903.5 284.5 27.0 31.0
0 947.0 305.0 28.0 38.0
0 996.5 372.0 31.0 50.0
0 1032.5 313.0 29.0 36.0
0 990.0 266.5 24.0 35.0
0 1114.0 325.5 30.0 37.0
0 1098.5 292.0 27.0 30.0
0 1054.0 266.5 26.0 39.0
0 1076.0 252.0 24.0 30.0
0 1135.5 250.5 21.0 29.0
0 1101.0 234.0 20.0 24.0
0 1130.0 226.0 16.0 18.0
0 1143.5 222.5 17.0 21.0
0 1140.0 194.0 18.0 22.0
0 1096.5 206.0 19.0 28.0
0 1034.0 229.5 24.0 27.0
0 1013.5 247.5 25.0 25.0
0 985.0 216.5 20.0 21.0
0 1002.5 195.0 19.0 20.0
0 1028.0 186.5 16.0 15.0
0 1044.0 202.5 16.0 17.0
0 1053.0 188.0 14.0 16.0
0 1066.5 182.0 15.0 20.0
0 937.0 204.5 16.0 27.0
0 950.5 187.5 17.0 23.0
0 957.5 165.5 19.0 21.0
0 924.0 162.5 16.0 21.0
0 908.0 174.0 16.0 22.0
0 914.5 186.0 17.0 20.0
0 886.5 202.0 21.0 26.0
0 866.5 185.5 19.0 25.0
