0 201.5 216.5 51.0 51.0
0 288.5 138.5 21.0 21.0
0 315.5 139.0 21.0 22.0
0 340.5 143.5 21.0 23.0
0 339.0 117.5 18.0 21.0
0 356.5 118.0 17.0 22.0
0 367.0 152.5 24.0 25.0
0 394.0 147.0 24.0 28.0
0 385.5 119.0 19.0 24.0
0 400.5 121.5 19.0 23.0
0 418.5 133.0 19.0 22.0
0 430.5 147.0 25.0 28.0
0 460.5 135.5 23.0 25.0
0 427.5 107.0 19.0 20.0
0 436.5 88.0 11.0 14.0
0 453.0 105.5 20.0 23.0
0 489.5 111.5 19.0 23.0
0 474.0 92.5 16.0 17.0
0 488.0 83.0 18.0 18.0
0 508.0 84.0 14.0 18.0
0 492.5 139.0 21.0 26.0
0 503.0 169.0 30.0 34.0
0 522.5 119.0 21.0 18.0
0 556.5 119.5 21.0 21.0
0 542.0 94.5 18.0 19.0
0 526.0 88.0 16.0 20.0
0 526.5 75.5 15.0 13.0
0 542.0 77.5 12.0 15.0
0 569.5 101.0 17.0 22.0
0 573.0 76.5 14.0 15.0
0 589.5 90.5 15.0 17.0
0 603.5 104.0 19.0 20.0
0 598.0 75.5 18.0 19.0
0 613.5 69.0 11.0 14.0
0 629.0 74.0 14.0 16.0
0 636.5 68.0 11.0 12.0
0 644.5 78.0 13.0 14.0
0 644.0 91.0 14.0 16.0
0 655.0 70.5 14.0 19.0
0 680.0 75.5 14.0 17.0
0 691.0 84.0 16.0 18.0
0 709.5 75.5 17.0 15.0
0 690.5 66.0 13.0 14.0
0 720.0 65.5 12.0 17.0
0 744.5 65.0 13.0 18.0
0 566.0 170.5 32.0 39.0
0 586.0 150.5 28.0 29.0
0 626.0 195.0 28.0 38.0
0 641.5 154.0 25.0 30.0
0 648.5 131.5 21.0 25.0
0 696.0 169.0 26.0 34.0
0 684.0 207.0 32.0 42.0
0 756.5 221.0 41.0 44.0
0 757.5 173.0 29.0 34.0
0 746.5 132.0 25.0 28.0
0 698.0 116.5 24.0 25.0
0 729.5 93.5 17.0 23.0
0 741.5 110.5 19.0 23.0
0 769.5 106.0 17.0 22.0
0 771.5 86.5 15.0 17.0
0 777.5 78.5 13.0 13.0
0 787.0 92.0 16.0 18.0
0 788.0 111.5 22.0 25.0
0 788.0 143.5 24.0 25.0
0 810.5 181.5 29.0 39.0
0 839.5 240.0 33.0 42.0
0 872.0 185.0 26.0 38.0
0 832.5 145.0 23.0 24.0
0 835.0 126.5 18.0 19.0
0 822.0 94.5 16.0 21.0
0 819.5 82.5 15.0 19.0
0 852.0 96.0 18.0 22.0
0 909.5 161.5 25.0 31.0
0 919.5 148.0 21.0 26.0
0 950.5 204.0 25.0 38.0
0 933.0 256.0 30.0 54.0
0 957.5 171.5 25.0 29.0
0 961.5 129.5 21.0 25.0
