0 748.0 54.0 12.0 14.0
0 769.5 60.0 13.0 16.0
0 779.5 51.0 9.0 14.0
0 827.5 53.5 9.0 13.0
0 806.5 74.0 9.0 10.0
0 774.5 95.0 13.0 18.0
0 809.0 97.0 20.0 24.0
0 715.5 81.5 17.0 25.0
0 724.5 67.5 11.0 13.0
0 707.0 60.5 10.0 13.0
0 764.0 107.5 14.0 19.0
0 691.5 59.5 9.0 13.0
0 672.0 67.0 10.0 16.0
0 685.0 68.0 12.0 16.0
0 641.5 62.5 13.0 17.0
0 649.5 71.5 13.0 19.0
0 664.0 87.5 16.0 19.0
0 681.5 135.5 21.0 27.0
0 644.5 93.0 15.0 20.0
0 647.5 111.5 21.0 27.0
0 621.5 109.5 19.0 27.0
0 626.0 146.0 20.0 30.0
0 554.5 35.0 9.0 14.0
0 578.0 30.0 12.0 12.0
0 601.0 30.5 10.0 13.0
0 590.5 57.5 9.0 13.0
0 566.0 57.0 10.0 14.0
0 583.5 86.5 13.0 17.0
0 606.0 70.5 12.0 17.0
0 629.5 83.0 11.0 16.0
0 579.0 101.5 18.0 23.0
0 551.5 104.5 15.0 23.0
0 593.5 168.0 23.0 32.0
0 535.0 125.0 18.0 22.0
0 499.5 121.5 19.0 23.0
0 547.5 67.0 13.0 16.0
0 533.5 36.5 11.0 15.0
0 488.0 41.5 10.0 11.0
0 506.5 73.0 13.0 18.0
0 506.0 86.0 14.0 18.0
0 467.5 66.5 9.0 13.0
0 484.0 70.0 14.0 16.0
0 481.5 81.5 11.0 17.0
0 381.0 69.0 12.0 14.0
0 398.5 71.0 11.0 14.0
0 412.0 75.5 12.0 13.0
0 338.5 100.0 9.0 12.0
0 361.0 110.5 12.0 17.0
0 390.0 117.5 14.0 19.0
0 365.0 132.5 16.0 25.0
0 306.5 116.5 15.0 21.0
0 315.0 107.0 12.0 18.0
0 233.5 130.5 11.0 15.0
0 206.0 119.0 14.0 20.0
0 270.0 128.5 18.0 19.0
0 433.0 148.5 20.0 29.0
0 472.0 155.0 20.0 28.0
0 502.5 169.0 21.0 32.0
0 174.5 187.5 39.0 47.0
