0 167.0 369.0 46.0 48.0
0 281.0 238.5 20.0 23.0
0 348.5 264.0 19.0 24.0
0 409.0 256.0 28.0 28.0
0 350.0 216.0 18.0 24.0
0 433.5 229.0 19.0 18.0
0 434.5 209.5 15.0 17.0
0 477.0 183.0 16.0 14.0
0 501.0 191.0 14.0 18.0
0 536.5 193.0 17.0 18.0
0 521.0 180.5 14.0 17.0
0 500.5 231.0 21.0 26.0
0 497.0 212.5 16.0 19.0
0 541.5 235.0 21.0 24.0
0 527.0 218.5 18.0 23.0
0 573.5 223.5 21.0 19.0
0 612.5 234.0 27.0 26.0
0 579.5 191.0 17.0 16.0
0 567.0 171.5 16.0 21.0
0 574.0 162.5 16.0 17.0
0 620.5 184.0 17.0 18.0
0 642.5 193.5 19.0 21.0
0 641.0 173.5 14.0 19.0
0 665.0 176.0 14.0 20.0
0 680.0 195.5 16.0 21.0
0 706.5 186.0 15.0 20.0
0 681.5 154.5 11.0 17.0
0 696.5 153.0 13.0 14.0
0 704.0 163.5 14.0 15.0
0 737.0 158.0 12.0 16.0
0 740.5 176.0 15.0 18.0
0 746.5 145.5 15.0 17.0
0 768.0 150.5 18.0 19.0
0 777.0 174.0 16.0 20.0
0 825.5 164.0 15.0 18.0
0 819.5 145.5 13.0 13.0
0 838.0 153.0 16.0 20.0
0 582.5 284.5 31.0 35.0
0 661.0 252.0 28.0 32.0
0 649.5 303.0 33.0 38.0
0 719.5 315.5 37.0 41.0
0 775.5 327.5 37.0 39.0
0 862.0 378.5 42.0 47.0
0 748.0 259.5 28.0 31.0
0 732.5 229.5 27.0 27.0
0 774.0 212.0 20.0 24.0
0 818.5 193.0 17.0 16.0
0 828.5 210.5 19.0 25.0
0 859.5 210.5 23.0 23.0
0 791.0 240.0 22.0 28.0
0 804.5 256.0 25.0 32.0
0 844.5 253.0 25.0 30.0
0 881.5 283.5 31.0 37.0
0 949.0 299.5 28.0 39.0
0 861.5 175.5 17.0 25.0
0 899.0 180.5 22.0 27.0
0 896.5 167.5 17.0 17.0
0 910.0 161.5 16.0 19.0
0 955.5 166.0 17.0 22.0
0 951.0 195.5 20.0 27.0
0 961.5 184.5 17.0 19.0
0 939.5 184.5 17.0 21.0
0 988.5 411.5 39.0 49.0
0 1026.0 328.0 28.0 38.0
0 1110.5 322.0 29.0 38.0
0 1045.0 280.0 26.0 32.0
0 996.0 254.5 22.0 29.0
0 1009.0 236.5 20.0 25.0
0 997.0 206.5 20.0 21.0
0 988.0 171.5 16.0 17.0
0 1034.0 182.5 16.0 23.0
0 1047.0 195.0 16.0 24.0
0 1052.0 188.0 14.0 20.0
0 1075.5 179.0 13.0 22.0
0 1033.0 231.0 14.0 22.0
0 1062.5 236.0 17.0 28.0
0 1084.0 227.0 20.0 24.0
0 1094.0 210.0 18.0 22.0
0 1127.0 229.0 16.0 20.0
0 1126.5 264.0 17.0 28.0
0 1135.5 214.0 15.0 20.0
0 1144.0 213.0 12.0 22.0
0 1145.0 198.0 18.0 18.0
0 466.0 240.5 20.0 27.0
