0 176.0 369.5 56.0 59.0
0 285.0 240.5 20.0 27.0
0 327.5 241.5 25.0 31.0
0 349.5 264.5 29.0 31.0
0 353.0 219.0 24.0 26.0
0 417.5 252.5 29.0 37.0
0 441.0 228.5 18.0 23.0
0 438.0 207.5 18.0 23.0
0 473.5 245.5 27.0 29.0
0 508.5 234.5 25.0 27.0
0 504.5 207.5 23.0 21.0
0 485.5 183.0 19.0 20.0
0 545.0 235.5 32.0 33.0
0 528.0 181.5 18.0 17.0
0 549.5 185.0 19.0 22.0
0 584.5 216.0 25.0 30.0
0 619.0 230.5 24.0 27.0
0 579.5 186.5 15.0 25.0
0 570.5 169.5 15.0 21.0
0 625.5 187.5 19.0 25.0
0 649.5 191.0 21.0 26.0
0 639.0 175.5 20.0 21.0
0 670.5 176.0 21.0 26.0
0 677.5 204.0 19.0 24.0
0 712.5 183.5 19.0 23.0
0 704.5 175.0 13.0 18.0
0 685.0 160.0 16.0 22.0
0 703.5 155.0 15.0 20.0
0 739.0 155.5 20.0 23.0
0 746.5 146.0 15.0 20.0
0 738.5 177.5 19.0 23.0
0 781.5 177.0 21.0 24.0
0 770.0 153.0 14.0 20.0
0 786.0 157.0 18.0 16.0
0 827.5 160.5 17.0 15.0
0 827.0 145.0 16.0 24.0
0 841.5 157.5 21.0 21.0
0 664.0 251.5 30.0 39.0
0 593.0 283.5 40.0 41.0
0 680.0 286.5 34.0 35.0
0 733.5 319.0 39.0 52.0
0 780.5 327.5 49.0 53.0
0 857.5 381.5 53.0 51.0
0 1000.0 362.5 44.0 49.0
0 755.5 253.5 31.0 37.0
0 739.5 231.0 21.0 28.0
0 779.5 211.5 21.0 27.0
0 799.5 258.0 33.0 40.0
0 851.5 251.5 27.0 39.0
0 884.0 283.0 38.0 48.0
0 964.5 301.5 37.0 43.0
0 1031.5 320.0 37.0 48.0
0 1131.5 329.0 43.0 42.0
0 1113.5 310.5 25.0 31.0
0 1052.5 274.0 29.0 34.0
0 999.5 253.5 27.0 37.0
0 974.0 209.5 24.0 27.0
0 957.0 202.0 18.0 28.0
0 946.5 186.5 19.0 19.0
0 957.0 167.5 16.0 21.0
0 899.5 177.5 21.0 29.0
0 918.0 168.0 14.0 16.0
0 903.0 165.0 16.0 18.0
0 869.0 176.5 22.0 27.0
0 826.5 198.0 21.0 28.0
0 863.5 210.5 25.0 23.0
0 837.5 223.0 27.0 30.0
0 994.0 171.0 20.0 20.0
0 1006.5 187.0 21.0 22.0
0 1034.5 178.0 17.0 20.0
0 1045.0 191.0 24.0 26.0
0 1037.5 218.5 23.0 27.0
0 1066.5 236.0 23.0 22.0
0 1085.0 227.0 22.0 28.0
0 1079.0 183.0 18.0 24.0
0 1107.0 201.0 22.0 30.0
0 1130.5 248.0 27.0 30.0
0 1123.5 223.5 21.0 23.0
0 1139.0 212.5 16.0 21.0
0 1150.5 193.0 19.0 20.0
