0 104.0 250.5 38.0 43.0
0 278.5 172.5 21.0 15.0
0 301.5 168.5 19.0 21.0
0 321.5 159.0 17.0 22.0
0 347.0 161.5 16.0 19.0
0 368.5 174.0 21.0 22.0
0 422.5 185.0 23.0 24.0
0 345.0 136.5 16.0 19.0
0 372.0 129.5 14.0 17.0
0 379.0 147.5 18.0 19.0
0 401.0 139.0 18.0 18.0
0 447.5 135.5 15.0 19.0
0 480.5 138.0 17.0 20.0
0 530.5 142.0 23.0 22.0
0 522.5 118.5 19.0 17.0
0 499.0 119.5 16.0 17.0
0 482.0 116.5 18.0 17.0
0 456.0 113.0 16.0 16.0
0 436.0 107.0 14.0 14.0
0 491.0 102.0 14.0 14.0
0 482.5 90.0 13.0 14.0
0 513.0 102.0 16.0 18.0
0 507.5 90.5 13.0 13.0
0 519.5 85.0 11.0 14.0
0 539.0 104.5 16.0 15.0
0 568.5 103.5 19.0 17.0
0 579.0 124.5 22.0 19.0
0 610.5 101.5 17.0 19.0
0 618.5 93.5 15.0 17.0
0 591.0 85.0 12.0 14.0
0 563.0 83.5 14.0 15.0
0 608.5 69.5 11.0 13.0
0 627.0 81.0 12.0 14.0
0 664.0 88.5 16.0 15.0
0 638.0 65.0 12.0 14.0
0 660.5 64.0 13.0 14.0
0 682.0 67.0 14.0 16.0
0 676.0 78.5 12.0 15.0
0 717.0 77.0 14.0 16.0
0 731.5 85.0 13.0 14.0
0 736.5 65.5 13.0 17.0
0 524.5 179.5 27.0 25.0
0 600.0 178.0 30.0 28.0
0 605.0 146.0 22.0 24.0
0 648.0 156.0 26.0 28.0
0 647.0 203.0 26.0 32.0
0 719.5 203.0 29.0 32.0
0 756.5 177.5 23.0 29.0
0 725.0 151.5 24.0 25.0
0 708.5 131.0 19.0 22.0
0 666.0 118.5 18.0 21.0
0 694.0 110.5 16.0 21.0
0 743.5 134.5 23.0 23.0
0 739.0 108.0 20.0 20.0
0 760.0 89.0 14.0 16.0
0 780.5 95.0 15.0 20.0
0 825.5 171.5 29.0 33.0
0 812.5 140.5 21.0 25.0
0 790.5 126.5 23.0 23.0
0 789.0 76.0 12.0 16.0
0 799.0 69.0 16.0 14.0
0 820.5 84.0 15.0 16.0
0 807.5 99.0 19.0 20.0
0 850.0 115.0 18.0 16.0
0 876.0 103.0 14.0 16.0
0 883.0 84.0 14.0 20.0
0 864.0 75.0 16.0 18.0
0 847.5 81.0 15.0 14.0
0 843.0 73.5 16.0 19.0
0 910.5 89.5 13.0 19.0
0 926.5 92.5 11.0 15.0
0 929.0 78.5 12.0 13.0
0 958.5 81.0 11.0 16.0
0 998.0 103.5 14.0 17.0
0 991.5 166.0 21.0 26.0
0 933.5 137.5 17.0 25.0
0 937.5 122.5 17.0 21.0
0 935.5 108.5 15.0 15.0
0 951.5 108.0 17.0 14.0
0 902.5 117.0 19.0 22.0
0 953.5 96.0 15.0 14.0
