0 91.5 163.0 23.0 30.0
0 290.0 134.0 20.0 22.0
0 302.0 135.0 16.0 20.0
0 341.0 110.0 16.0 20.0
0 364.0 112.0 16.0 20.0
0 367.0 133.5 20.0 23.0
0 387.5 138.0 19.0 22.0
0 395.5 103.0 13.0 18.0
0 415.5 100.0 13.0 16.0
0 389.5 122.5 15.0 17.0
0 422.0 141.0 18.0 22.0
0 436.5 118.0 17.0 24.0
0 436.0 102.0 14.0 18.0
0 454.0 97.5 14.0 17.0
0 470.5 124.5 19.0 21.0
0 459.5 146.5 19.0 21.0
0 500.0 90.0 12.0 18.0
0 511.0 92.5 14.0 15.0
0 515.5 109.5 17.0 21.0
0 518.0 77.5 12.0 13.0
0 533.5 85.0 17.0 18.0
0 540.5 108.0 19.0 18.0
0 554.0 94.5 14.0 17.0
0 565.0 77.0 12.0 14.0
0 566.5 86.0 17.0 16.0
0 573.5 109.5 17.0 21.0
0 583.5 96.0 15.0 20.0
0 591.5 83.5 13.0 17.0
0 609.5 82.0 13.0 14.0
0 614.5 93.5 17.0 17.0
0 622.5 97.0 17.0 18.0
0 610.0 134.0 20.0 28.0
0 641.5 124.0 19.0 24.0
0 652.0 147.5 22.0 27.0
0 688.5 108.0 15.0 20.0
0 661.0 93.0 14.0 14.0
0 641.5 82.0 13.0 16.0
0 631.5 74.0 13.0 12.0
0 625.5 74.5 15.0 15.0
0 659.0 74.0 14.0 18.0
0 676.0 66.0 12.0 14.0
0 681.5 76.5 13.0 17.0
0 699.5 80.0 13.0 16.0
0 705.0 68.0 12.0 14.0
0 725.5 68.0 11.0 14.0
0 800.5 78.0 11.0 14.0
0 754.5 89.5 13.0 19.0
0 757.0 103.5 18.0 21.0
0 736.0 110.0 14.0 20.0
0 722.0 107.0 16.0 18.0
0 700.0 132.0 20.0 22.0
0 710.0 150.5 22.0 27.0
0 713.0 179.0 26.0 40.0
0 754.0 139.5 18.0 25.0
0 788.0 143.0 18.0 26.0
0 813.0 126.5 16.0 23.0
0 816.5 101.0 13.0 20.0
0 823.5 82.5 11.0 19.0
0 854.0 83.0 12.0 18.0
0 854.0 103.0 14.0 20.0
0 876.0 94.5 12.0 21.0
0 896.5 98.5 15.0 19.0
0 888.0 113.5 16.0 19.0
0 936.0 90.0 12.0 18.0
0 926.0 106.0 16.0 22.0
0 974.5 115.5 11.0 19.0
0 957.0 123.0 16.0 16.0
0 968.0 131.0 14.0 18.0
0 945.5 149.5 17.0 23.0
0 938.0 192.0 22.0 32.0
0 908.5 134.0 17.0 22.0
0 916.5 122.0 19.0 18.0
0 877.0 130.0 14.0 20.0
0 862.5 130.0 17.0 20.0
0 839.0 120.0 16.0 18.0
0 843.0 156.5 18.0 33.0
0 812.5 173.0 23.0 32.0
0 767.0 222.0 26.0 38.0
0 780.0 82.0 14.0 20.0
0 773.5 115.5 19.0 21.0
0 673.0 85.5 14.0 15.0
0 345.5 132.0 15.0 18.0
0 466.0 113.5 14.0 17.0
