0 173.5 269.0 47.0 46.0
0 266.0 165.0 22.0 24.0
0 289.5 159.0 19.0 22.0
0 316.0 158.0 18.0 24.0
0 333.0 163.5 22.0 27.0
0 327.5 143.0 17.0 16.0
0 348.0 136.5 18.0 21.0
0 367.5 142.5 19.0 23.0
0 381.5 158.0 27.0 26.0
0 410.0 179.5 28.0 33.0
0 423.0 155.5 26.0 31.0
0 383.5 125.5 19.0 19.0
0 419.0 133.0 24.0 20.0
0 408.0 113.5 18.0 19.0
0 433.5 116.5 19.0 19.0
0 460.5 121.0 21.0 22.0
0 455.5 148.0 23.0 26.0
0 495.5 146.5 25.0 27.0
0 506.0 118.5 22.0 19.0
0 483.0 105.5 20.0 23.0
0 516.0 84.5 16.0 15.0
0 525.5 96.0 17.0 18.0
0 536.0 118.0 22.0 22.0
0 560.5 125.0 23.0 26.0
0 567.5 102.0 21.0 22.0
0 592.0 96.5 18.0 17.0
0 599.0 77.0 16.0 20.0
0 616.0 105.5 18.0 21.0
0 631.5 85.5 15.0 17.0
0 630.5 75.0 13.0 16.0
0 646.0 83.5 14.0 19.0
0 655.0 89.5 18.0 21.0
0 678.5 77.0 17.0 20.0
0 720.5 72.0 17.0 20.0
0 594.5 149.0 33.0 32.0
0 512.0 189.0 34.0 38.0
0 606.0 179.0 34.0 40.0
0 637.5 206.0 35.0 42.0
0 658.0 148.0 26.0 32.0
0 655.5 124.0 23.0 26.0
0 692.0 130.5 24.0 29.0
0 703.0 116.0 22.0 30.0
0 734.0 121.0 22.0 26.0
0 725.0 103.0 20.0 20.0
0 756.0 92.0 18.0 22.0
0 765.0 106.5 20.0 23.0
0 761.0 129.5 24.0 29.0
0 782.0 124.0 20.0 28.0
0 717.5 154.0 29.0 34.0
0 773.0 172.0 30.0 36.0
0 836.5 179.0 29.0 36.0
0 832.0 137.5 28.0 31.0
0 892.5 211.5 29.0 39.0
0 779.0 82.5 18.0 19.0
0 811.0 100.0 16.0 22.0
0 815.0 85.5 22.0 21.0
0 835.5 92.5 17.0 21.0
0 859.5 110.5 23.0 29.0
0 854.0 76.0 18.0 22.0
0 888.5 84.5 19.0 25.0
0 896.5 115.0 21.0 26.0
0 903.0 107.0 20.0 22.0
0 881.0 133.5 24.0 27.0
0 916.5 161.0 25.0 34.0
0 981.5 154.0 25.0 34.0
0 944.5 124.0 15.0 22.0
0 951.0 107.0 16.0 18.0
0 953.5 97.5 15.0 17.0
