0 223.0 334.5 60.0 67.0
0 291.5 239.5 19.0 23.0
0 326.5 245.0 25.0 30.0
0 363.0 216.5 22.0 27.0
0 354.5 265.5 27.0 31.0
0 419.5 255.5 25.0 33.0
0 443.5 227.0 21.0 24.0
0 441.0 208.0 22.0 22.0
0 489.5 228.5 17.0 25.0
0 509.0 235.5 26.0 27.0
0 508.5 211.5 21.0 25.0
0 504.0 195.5 20.0 19.0
0 492.5 183.0 19.0 22.0
0 545.0 215.5 26.0 31.0
0 531.5 187.5 19.0 21.0
0 551.0 188.5 20.0 25.0
0 587.0 212.0 20.0 20.0
0 584.0 185.5 20.0 23.0
0 570.0 175.5 18.0 19.0
0 580.5 168.0 17.0 18.0
0 620.5 225.0 25.0 28.0
0 615.5 191.0 21.0 24.0
0 628.0 181.0 16.0 18.0
0 641.0 198.0 20.0 24.0
0 643.0 173.0 16.0 22.0
0 659.0 175.5 20.0 27.0
0 701.0 157.0 16.0 18.0
0 709.0 169.5 18.0 19.0
0 716.0 183.5 16.0 23.0
0 745.5 171.5 15.0 21.0
0 743.5 157.5 15.0 17.0
0 757.5 146.5 17.0 19.0
0 773.0 155.0 16.0 18.0
0 789.0 177.0 18.0 22.0
0 822.5 151.0 19.0 22.0
0 830.0 163.0 16.0 20.0
0 844.0 161.5 16.0 21.0
0 662.5 254.5 33.0 41.0
0 626.0 269.5 34.0 45.0
0 678.0 284.5 38.0 37.0
0 731.0 272.5 36.0 39.0
0 736.0 233.5 26.0 33.0
0 685.0 198.5 20.0 23.0
0 757.5 302.0 33.0 44.0
0 789.5 324.5 47.0 53.0
0 822.5 261.5 33.0 35.0
0 797.0 240.5 30.0 33.0
0 780.5 216.5 25.0 31.0
0 825.0 198.5 24.0 27.0
0 855.5 250.0 27.0 42.0
0 870.5 363.5 51.0 59.0
0 892.0 285.0 38.0 40.0
0 967.5 301.0 37.0 40.0
0 986.0 352.0 44.0 48.0
0 1041.0 311.5 32.0 45.0
0 1057.5 265.5 31.0 37.0
0 1002.0 256.5 30.0 35.0
0 1131.5 331.0 41.0 46.0
0 1123.0 281.0 34.0 38.0
0 1139.0 251.5 24.0 29.0
0 1106.0 233.5 28.0 33.0
0 1066.5 238.5 25.0 31.0
0 1031.0 218.0 28.0 32.0
0 1000.0 214.5 24.0 27.0
0 1005.5 196.0 23.0 26.0
0 998.5 176.5 21.0 23.0
0 964.0 187.5 20.0 23.0
0 959.5 169.5 19.0 21.0
0 934.0 203.0 22.0 28.0
0 923.0 188.5 16.0 21.0
0 942.0 187.0 16.0 22.0
0 922.0 166.5 18.0 23.0
0 897.0 179.0 20.0 24.0
0 876.5 216.5 25.0 27.0
0 868.0 179.0 20.0 24.0
0 1034.5 184.5 19.0 25.0
0 1049.0 194.0 18.0 26.0
0 1072.5 183.5 17.0 27.0
0 1096.0 196.5 22.0 27.0
0 1143.5 219.0 19.0 20.0
0 1148.5 200.5 17.0 17.0
