0 22.0 297.0 28.0 30.0
0 295.5 244.5 21.0 25.0
0 332.5 250.0 25.0 32.0
0 358.5 263.5 25.0 33.0
0 356.0 224.5 22.0 25.0
0 426.5 263.0 29.0 32.0
0 467.0 252.0 22.0 26.0
0 462.5 235.0 21.0 22.0
0 445.5 214.0 23.0 24.0
0 500.0 248.5 28.0 25.0
0 481.0 192.5 18.0 23.0
0 500.5 203.5 17.0 25.0
0 510.0 218.0 20.0 22.0
0 529.0 191.5 16.0 21.0
0 537.5 204.0 21.0 22.0
0 552.0 226.0 28.0 26.0
0 561.5 248.5 31.0 29.0
0 586.0 221.0 26.0 26.0
0 569.5 181.0 17.0 18.0
0 582.0 174.5 16.0 19.0
0 602.5 198.5 19.0 21.0
0 636.5 204.5 19.0 21.0
0 647.0 229.0 24.0 26.0
0 644.0 183.5 18.0 23.0
0 665.0 187.5 20.0 27.0
0 694.5 210.0 23.0 26.0
0 698.0 190.0 20.0 22.0
0 681.5 167.0 19.0 18.0
0 704.0 165.5 16.0 15.0
0 709.5 179.5 19.0 21.0
0 739.5 181.5 17.0 21.0
0 747.5 167.5 15.0 17.0
0 756.5 153.5 19.0 19.0
0 771.5 162.0 17.0 22.0
0 787.5 168.5 17.0 23.0
0 796.0 182.0 22.0 18.0
0 814.5 162.0 17.0 16.0
0 826.5 169.0 15.0 22.0
0 845.5 170.5 17.0 19.0
0 843.0 197.5 22.0 23.0
0 780.5 214.5 25.0 29.0
0 732.5 239.0 29.0 30.0
0 750.0 272.0 36.0 36.0
0 757.0 309.5 36.0 47.0
0 825.0 324.0 40.0 42.0
0 819.0 275.0 34.0 40.0
0 800.0 244.0 26.0 28.0
0 856.0 257.5 28.0 35.0
0 840.0 229.5 24.0 27.0
0 890.0 215.5 22.0 29.0
0 869.0 183.5 20.0 21.0
0 914.0 165.0 16.0 20.0
0 910.5 183.5 19.0 25.0
0 921.5 195.0 19.0 26.0
0 939.5 204.5 19.0 27.0
0 620.5 285.0 37.0 40.0
0 668.0 266.5 26.0 31.0
0 670.5 291.0 33.0 32.0
0 962.5 169.0 19.0 20.0
0 995.5 181.5 17.0 21.0
0 1034.0 186.5 18.0 21.0
0 1056.0 191.5 16.0 19.0
0 1074.0 190.0 14.0 22.0
0 1052.0 208.0 16.0 22.0
0 1041.5 223.0 21.0 26.0
0 1006.0 220.5 22.0 25.0
0 999.5 260.0 29.0 32.0
0 1074.0 230.5 20.0 23.0
0 1099.5 212.5 19.0 25.0
0 1147.5 204.5 19.0 15.0
0 1149.0 218.0 18.0 18.0
0 1134.5 231.5 21.0 23.0
0 1138.5 257.5 21.0 29.0
0 1125.5 285.0 27.0 34.0
0 1072.5 264.0 27.0 30.0
0 1057.5 299.5 29.0 31.0
0 1116.0 335.5 34.0 43.0
0 1037.0 314.5 40.0 37.0
0 979.0 291.5 34.0 37.0
0 914.5 290.5 39.0 39.0
0 1026.5 374.0 41.0 46.0
0 881.0 363.0 44.0 58.0
