0 171.5 215.5 33.0 39.0
0 304.5 152.0 13.0 16.0
0 328.0 147.0 12.0 20.0
0 323.5 167.5 15.0 15.0
0 384.5 164.0 19.0 24.0
0 407.5 174.0 21.0 26.0
0 396.5 120.0 17.0 18.0
0 415.0 140.5 18.0 19.0
0 427.5 121.0 15.0 18.0
0 478.0 139.0 20.0 24.0
0 509.5 142.5 21.0 23.0
0 552.0 128.5 18.0 23.0
0 587.5 112.0 15.0 18.0
0 666.5 64.5 11.0 13.0
0 692.5 65.5 13.0 15.0
0 727.0 64.0 12.0 16.0
0 754.0 64.5 12.0 15.0
0 523.5 198.0 33.0 34.0
0 613.0 154.0 20.0 28.0
0 611.0 183.5 22.0 33.0
0 648.5 201.5 25.0 39.0
0 677.0 129.5 16.0 21.0
0 674.5 159.0 21.0 26.0
0 709.5 131.0 21.0 22.0
0 713.0 106.0 16.0 20.0
0 734.0 114.0 18.0 26.0
0 741.5 192.0 35.0 38.0
0 800.5 73.5 13.0 19.0
0 783.5 119.0 23.0 30.0
0 777.5 168.0 23.0 32.0
0 836.5 98.5 17.0 21.0
0 826.5 133.5 15.0 27.0
0 842.5 127.0 17.0 24.0
0 817.0 203.0 32.0 40.0
0 852.0 173.0 20.0 30.0
0 869.5 147.5 17.0 29.0
0 856.0 242.5 26.0 43.0
0 893.0 193.0 24.0 36.0
0 978.0 266.5 32.0 47.0
0 974.0 198.0 22.0 36.0
0 936.0 161.0 20.0 26.0
0 944.0 125.0 20.0 28.0
0 1000.5 151.0 23.0 22.0
0 989.5 132.0 15.0 20.0
0 860.5 96.5 17.0 19.0
0 885.0 86.0 14.0 20.0
0 899.0 87.0 12.0 20.0
0 919.0 106.5 16.0 19.0
0 928.5 83.5 13.0 21.0
0 972.0 91.0 12.0 16.0
0 996.5 96.5 13.0 13.0
0 923.0 90.0 10.0 16.0
0 889.5 129.0 19.0 26.0
0 826.0 80.5 12.0 19.0
0 813.5 89.5 17.0 23.0
0 662.0 86.0 14.0 18.0
0 643.0 66.0 10.0 16.0
0 634.0 75.5 12.0 15.0
0 600.5 75.0 11.0 16.0
0 608.5 82.0 13.0 16.0
0 628.0 87.0 14.0 20.0
0 621.5 103.0 15.0 20.0
0 644.5 101.0 17.0 18.0
0 554.0 92.0 14.0 16.0
0 566.0 106.0 16.0 20.0
0 485.0 101.5 14.0 15.0
0 526.5 105.5 15.0 19.0
0 522.5 120.5 17.0 23.0
0 446.5 107.0 11.0 14.0
0 695.5 84.5 9.0 17.0
0 980.0 166.0 18.0 30.0
