0 204.5 278.5 43.0 49.0
0 314.5 138.5 19.0 21.0
0 327.0 115.5 18.0 21.0
0 357.5 88.5 13.0 17.0
0 373.5 110.5 15.0 15.0
0 423.0 97.5 14.0 17.0
0 435.0 100.5 16.0 17.0
0 418.0 129.5 20.0 21.0
0 453.0 121.5 22.0 25.0
0 457.0 93.0 16.0 18.0
0 469.5 98.0 13.0 18.0
0 486.5 102.5 17.0 17.0
0 477.0 81.5 14.0 11.0
0 486.0 86.5 16.0 13.0
0 511.5 80.5 13.0 11.0
0 511.5 92.5 17.0 17.0
0 532.5 83.5 13.0 13.0
0 545.5 74.0 11.0 10.0
0 554.0 81.0 16.0 16.0
0 562.5 104.0 19.0 20.0
0 565.5 95.5 13.0 13.0
0 578.5 88.5 13.0 19.0
0 604.0 86.0 14.0 14.0
0 606.0 70.5 12.0 11.0
0 615.5 71.5 13.0 13.0
0 597.5 105.5 17.0 21.0
0 645.5 82.0 15.0 16.0
0 650.5 73.0 13.0 14.0
0 668.0 83.0 14.0 16.0
0 679.5 77.0 13.0 16.0
0 683.0 63.5 12.0 11.0
0 702.5 75.0 13.0 12.0
0 717.0 73.0 16.0 16.0
0 646.5 104.5 15.0 13.0
0 647.0 120.5 20.0 23.0
0 603.0 148.0 18.0 26.0
0 683.5 109.5 17.0 21.0
0 696.0 126.0 16.0 20.0
0 657.0 151.5 22.0 25.0
0 680.0 181.5 18.0 19.0
0 700.0 203.5 34.0 43.0
0 627.0 178.5 28.0 35.0
0 576.5 183.5 25.0 31.0
0 501.0 195.5 24.0 23.0
0 744.0 138.0 18.0 26.0
0 726.0 104.0 16.0 18.0
0 754.5 109.0 15.0 20.0
0 787.0 111.0 16.0 20.0
0 773.5 94.5 15.0 19.0
0 761.0 90.5 12.0 11.0
0 790.0 75.5 14.0 15.0
0 797.0 95.5 12.0 13.0
0 813.5 108.0 15.0 16.0
0 846.0 107.5 14.0 15.0
0 846.5 118.0 13.0 18.0
0 870.5 114.5 15.0 21.0
0 886.0 99.0 14.0 18.0
0 900.5 92.0 13.0 14.0
0 902.5 106.0 15.0 14.0
0 913.5 116.5 15.0 17.0
0 942.5 101.0 13.0 16.0
0 962.5 113.5 15.0 19.0
0 962.5 135.5 17.0 23.0
0 941.5 153.0 19.0 24.0
0 910.5 138.0 17.0 26.0
0 855.5 142.5 17.0 19.0
0 822.5 135.0 19.0 22.0
0 833.5 148.5 19.0 19.0
0 800.0 172.5 26.0 29.0
0 829.0 211.5 30.0 31.0
0 872.0 216.5 24.0 23.0
0 896.5 230.5 31.0 43.0
0 918.5 179.0 23.0 30.0
0 892.5 166.0 19.0 32.0
