0 1137.0 136.0 16.0 18.0
0 1241.0 153.5 14.0 23.0
0 1190.0 144.5 16.0 25.0
0 1170.5 159.5 15.0 25.0
0 1227.0 196.5 16.0 21.0
0 1226.5 216.0 17.0 30.0
0 1188.5 226.5 25.0 33.0
0 1208.0 269.0 24.0 38.0
0 1168.5 200.5 19.0 31.0
0 1120.5 165.5 17.0 29.0
0 1107.0 135.0 14.0 20.0
0 1097.0 137.5 14.0 23.0
0 1062.0 126.5 18.0 21.0
0 1091.5 187.5 21.0 29.0
0 1112.5 243.0 25.0 38.0
0 1069.0 226.0 24.0 28.0
0 1092.5 288.0 31.0 44.0
0 996.5 267.0 33.0 50.0
0 1026.5 176.0 23.0 30.0
0 1003.5 146.5 17.0 29.0
0 1034.5 134.5 17.0 19.0
0 1020.0 113.5 14.0 21.0
0 972.5 110.5 15.0 23.0
0 983.0 120.0 18.0 24.0
0 945.0 114.5 14.0 19.0
0 905.0 93.5 16.0 23.0
0 937.5 138.5 19.0 25.0
0 872.0 84.0 14.0 20.0
0 841.5 83.0 17.0 20.0
0 870.5 98.0 17.0 22.0
0 797.0 77.5 16.0 23.0
0 826.5 87.5 15.0 23.0
0 830.5 106.5 17.0 21.0
0 878.5 124.5 19.0 27.0
0 844.0 143.0 26.0 32.0
0 920.5 156.0 25.0 34.0
0 948.5 172.5 21.0 29.0
0 756.5 69.5 15.0 19.0
0 768.5 94.0 17.0 18.0
0 788.0 118.5 16.0 27.0
0 761.5 113.0 15.0 24.0
0 789.0 175.5 24.0 33.0
0 772.0 213.0 30.0 38.0
0 838.5 236.0 29.0 38.0
0 731.5 197.5 29.0 33.0
0 731.5 79.5 15.0 21.0
0 736.0 99.0 16.0 22.0
0 701.0 82.0 16.0 20.0
0 711.0 95.0 16.0 24.0
0 699.0 129.5 14.0 23.0
0 721.0 124.5 18.0 25.0
0 628.0 90.0 14.0 20.0
0 657.0 102.5 18.0 23.0
0 669.5 98.5 17.0 23.0
0 563.0 94.5 14.0 17.0
0 580.5 98.5 13.0 15.0
0 627.5 123.0 19.0 22.0
0 599.0 148.0 24.0 30.0
0 554.5 114.5 17.0 21.0
0 559.0 182.0 22.0 30.0
0 509.5 139.5 17.0 23.0
0 499.0 112.5 18.0 21.0
0 449.0 125.0 16.0 22.0
0 477.0 154.5 20.0 27.0
0 466.5 116.0 21.0 18.0
0 346.0 143.5 20.0 19.0
0 395.5 125.0 21.0 20.0
0 397.0 144.0 16.0 24.0
0 425.5 134.0 21.0 26.0
0 257.0 172.5 22.0 27.0
0 294.5 169.5 21.0 31.0
0 133.5 326.5 57.0 67.0
0 911.5 240.5 31.0 43.0
