0 157.0 228.0 52.0 56.0
0 194.0 185.5 44.0 51.0
0 232.0 105.5 18.0 23.0
0 290.0 140.5 22.0 25.0
0 302.5 131.5 17.0 21.0
0 372.5 138.5 21.0 21.0
0 362.5 111.5 19.0 21.0
0 357.0 96.5 16.0 15.0
0 384.5 114.0 23.0 22.0
0 395.0 93.0 14.0 22.0
0 396.0 79.0 16.0 16.0
0 409.0 79.0 14.0 18.0
0 411.5 99.5 19.0 19.0
0 421.5 68.0 11.0 14.0
0 442.5 90.0 19.0 22.0
0 469.0 104.5 24.0 27.0
0 461.0 70.5 16.0 17.0
0 486.0 75.5 16.0 17.0
0 490.0 58.5 14.0 17.0
0 517.0 63.5 18.0 21.0
0 576.0 42.0 14.0 18.0
0 611.5 36.0 17.0 16.0
0 605.0 51.0 12.0 16.0
0 597.0 80.5 20.0 25.0
0 540.5 118.0 25.0 24.0
0 572.0 125.5 22.0 25.0
0 420.0 164.0 34.0 40.0
0 624.0 141.0 24.0 28.0
0 674.5 134.5 25.0 29.0
0 633.5 82.5 17.0 21.0
0 621.0 74.0 18.0 18.0
0 647.5 75.5 15.0 21.0
0 655.5 56.0 13.0 18.0
0 657.5 87.5 17.0 19.0
0 694.0 95.0 16.0 20.0
0 706.0 67.0 14.0 14.0
0 747.0 92.0 16.0 18.0
0 758.0 113.0 16.0 24.0
