0 135.0 379.0 54.0 56.0
0 240.5 230.0 21.0 26.0
0 273.0 251.5 24.0 33.0
0 306.0 257.5 28.0 31.0
0 311.5 209.0 25.0 26.0
0 368.0 247.5 28.0 35.0
0 397.5 220.0 19.0 26.0
0 391.0 200.0 24.0 22.0
0 431.0 227.5 26.0 27.0
0 459.5 224.0 23.0 32.0
0 457.5 203.5 25.0 23.0
0 453.5 186.0 15.0 14.0
0 438.5 177.0 15.0 20.0
0 489.5 165.5 15.0 23.0
0 506.5 172.5 15.0 23.0
0 527.0 181.5 20.0 23.0
0 530.5 160.0 13.0 16.0
0 537.5 152.0 17.0 18.0
0 506.5 230.0 23.0 30.0
0 491.5 208.0 23.0 30.0
0 530.0 214.5 24.0 31.0
0 565.0 215.5 28.0 27.0
0 575.5 178.5 19.0 23.0
0 593.5 184.5 23.0 27.0
0 593.0 161.5 20.0 23.0
0 618.0 169.0 22.0 26.0
0 636.5 186.0 25.0 30.0
0 665.0 170.5 22.0 25.0
0 649.0 143.5 14.0 17.0
0 663.5 135.0 19.0 20.0
0 698.0 166.5 20.0 21.0
0 706.0 136.0 20.0 20.0
0 729.0 136.0 18.0 22.0
0 741.5 147.5 17.0 19.0
0 738.0 168.0 22.0 24.0
0 772.5 137.5 19.0 23.0
0 786.0 153.0 18.0 22.0
0 793.5 143.5 19.0 25.0
0 778.0 185.0 24.0 26.0
0 821.5 172.5 23.0 25.0
0 831.0 201.5 22.0 27.0
0 792.0 217.0 26.0 28.0
0 735.0 207.0 26.0 26.0
0 693.0 220.0 34.0 30.0
0 614.5 248.0 33.0 36.0
0 537.5 282.5 43.0 37.0
0 604.0 293.0 42.0 50.0
0 681.0 305.0 40.0 50.0
0 732.5 318.5 39.0 49.0
0 763.5 253.0 35.0 40.0
0 751.0 230.0 24.0 26.0
0 710.0 256.5 34.0 35.0
0 820.0 373.0 46.0 50.0
0 805.5 250.0 31.0 36.0
0 840.5 277.5 35.0 41.0
0 903.5 288.5 37.0 41.0
0 968.0 354.5 46.0 55.0
0 1001.0 320.0 38.0 50.0
0 1078.0 320.5 40.0 51.0
0 1007.5 265.5 31.0 39.0
0 952.5 243.5 27.0 33.0
0 968.0 230.5 22.0 25.0
0 940.5 205.5 21.0 25.0
0 909.5 186.5 21.0 25.0
0 894.0 179.0 20.0 26.0
0 873.0 178.5 24.0 29.0
0 860.5 160.0 23.0 22.0
0 916.0 159.5 18.0 27.0
0 950.5 161.0 19.0 18.0
0 963.5 177.0 19.0 24.0
0 989.5 170.5 13.0 19.0
0 1003.0 182.0 18.0 24.0
0 1024.0 173.0 18.0 24.0
0 997.5 218.5 23.0 33.0
0 1026.5 227.5 25.0 31.0
0 1054.5 216.5 25.0 25.0
0 1056.5 195.0 21.0 26.0
0 1077.0 218.5 24.0 33.0
0 1084.5 207.0 17.0 22.0
0 1105.5 190.0 13.0 16.0
0 1110.0 204.5 14.0 25.0
0 1108.0 248.0 24.0 30.0
