0 947.5 285.0 29.0 44.0
0 965.0 216.0 20.0 32.0
0 945.0 113.0 18.0 24.0
0 940.0 131.5 16.0 27.0
0 960.0 112.0 16.0 24.0
0 985.0 140.5 18.0 25.0
0 982.5 164.5 19.0 29.0
0 922.0 171.5 18.0 27.0
0 893.0 189.5 24.0 29.0
0 860.0 172.5 22.0 31.0
0 876.5 148.0 19.0 26.0
0 900.5 130.0 17.0 22.0
0 906.5 105.0 17.0 24.0
0 917.5 106.5 15.0 23.0
0 855.0 95.5 14.0 21.0
0 861.5 113.5 17.0 23.0
0 881.5 98.5 15.0 19.0
0 833.0 123.5 18.0 25.0
0 823.5 104.5 15.0 23.0
0 800.0 90.0 16.0 22.0
0 779.5 108.5 15.0 21.0
0 739.0 101.5 14.0 17.0
0 702.0 105.5 18.0 23.0
0 702.5 129.5 19.0 27.0
0 760.0 137.5 20.0 31.0
0 670.0 147.0 24.0 30.0
0 690.5 168.0 23.0 30.0
0 658.5 179.5 27.0 41.0
0 602.0 173.5 26.0 37.0
0 600.5 152.0 21.0 30.0
0 721.0 200.5 30.0 41.0
0 745.5 118.5 19.0 21.0
0 659.5 80.5 13.0 17.0
0 627.0 90.0 16.0 18.0
0 598.0 41.5 10.0 15.0
0 583.0 100.5 12.0 15.0
0 590.5 106.0 13.0 20.0
0 566.5 70.0 9.0 12.0
0 576.5 83.0 13.0 14.0
0 540.0 86.0 12.0 16.0
0 547.0 99.0 14.0 20.0
0 516.5 84.5 11.0 15.0
0 520.0 97.5 14.0 19.0
0 497.0 83.5 14.0 13.0
0 475.0 88.0 14.0 16.0
0 457.5 105.0 15.0 18.0
0 476.5 101.5 15.0 19.0
0 499.0 104.5 16.0 21.0
0 437.0 124.5 14.0 21.0
0 475.5 134.0 15.0 24.0
0 507.0 137.0 18.0 26.0
0 525.5 181.5 27.0 33.0
0 330.0 140.5 16.0 21.0
0 367.0 114.0 16.0 18.0
0 210.5 261.0 39.0 48.0
0 584.0 71.0 12.0 14.0
