0 124.0 326.0 56.0 68.0
0 256.0 160.0 22.0 32.0
0 269.5 167.0 25.0 32.0
0 326.5 143.0 23.0 28.0
0 348.0 145.5 26.0 31.0
0 366.0 128.0 24.0 32.0
0 400.5 141.0 23.0 38.0
0 418.5 124.0 21.0 28.0
0 437.0 116.0 20.0 22.0
0 447.5 154.5 29.0 31.0
0 474.5 143.0 23.0 26.0
0 468.5 111.5 19.0 25.0
0 516.5 117.0 21.0 26.0
0 525.5 101.5 19.0 25.0
0 530.5 176.0 29.0 32.0
0 569.0 145.0 26.0 32.0
0 548.0 99.5 16.0 19.0
0 579.5 102.0 23.0 24.0
0 596.5 92.5 23.0 21.0
0 600.5 123.0 23.0 24.0
0 629.5 103.0 25.0 26.0
0 638.5 94.5 15.0 21.0
0 673.0 134.5 20.0 27.0
0 690.5 129.0 21.0 24.0
0 674.0 80.5 18.0 19.0
0 678.5 95.0 19.0 22.0
0 706.5 80.5 21.0 21.0
0 707.5 102.5 19.0 23.0
0 729.0 71.0 18.0 20.0
0 738.0 93.0 18.0 20.0
0 744.5 106.5 19.0 25.0
0 757.5 119.0 21.0 26.0
0 767.5 79.0 17.0 22.0
0 800.5 89.5 17.0 23.0
0 805.0 108.5 16.0 21.0
0 803.5 146.5 27.0 35.0
0 746.0 176.0 26.0 34.0
0 699.5 198.5 31.0 37.0
0 738.5 220.0 33.0 38.0
0 805.0 237.0 36.0 38.0
0 876.5 251.0 37.0 40.0
0 972.5 265.0 39.0 56.0
0 1066.5 295.5 39.0 49.0
0 1080.0 247.0 28.0 40.0
0 812.0 77.5 18.0 21.0
0 842.5 83.5 17.0 23.0
0 870.5 93.0 17.0 24.0
0 850.5 127.5 21.0 29.0
0 884.5 153.0 29.0 30.0
0 906.0 136.0 24.0 26.0
0 915.5 116.0 19.0 22.0
0 942.5 110.0 19.0 24.0
0 953.0 122.0 20.0 28.0
0 921.5 173.0 27.0 32.0
0 976.5 145.5 23.0 31.0
0 988.0 115.0 20.0 24.0
0 1005.5 135.0 21.0 22.0
0 997.5 176.0 23.0 36.0
0 1031.0 127.5 22.0 23.0
0 1067.0 138.0 18.0 22.0
0 1093.5 137.5 17.0 27.0
0 1105.0 154.5 18.0 25.0
0 1141.0 160.5 18.0 25.0
0 1165.0 145.5 18.0 25.0
0 1206.0 156.5 18.0 23.0
0 1195.5 187.5 19.0 31.0
0 1194.5 216.0 21.0 32.0
0 1153.5 226.5 27.0 39.0
0 1135.5 194.0 19.0 34.0
0 1085.5 175.5 21.0 29.0
0 1055.0 201.5 26.0 29.0
0 1064.5 190.0 27.0 30.0
0 1176.0 261.0 30.0 38.0
