0 228.5 276.0 55.0 68.0
0 279.0 282.5 58.0 67.0
0 328.5 183.5 29.0 27.0
0 389.0 166.5 26.0 31.0
0 456.0 171.5 28.0 31.0
0 448.0 143.0 22.0 24.0
0 477.5 142.0 23.0 26.0
0 481.0 118.5 20.0 21.0
0 501.5 122.5 23.0 25.0
0 516.5 122.0 25.0 22.0
0 503.5 94.0 19.0 18.0
0 517.5 89.5 13.0 17.0
0 564.5 90.5 17.0 21.0
0 595.0 91.0 14.0 20.0
0 625.5 89.5 15.0 17.0
0 571.0 126.0 24.0 22.0
0 510.5 201.0 25.0 36.0
0 705.0 155.5 28.0 29.0
0 763.0 177.5 30.0 35.0
0 833.5 179.0 31.0 34.0
0 751.5 95.0 21.0 22.0
0 796.5 88.0 15.0 20.0
0 812.0 73.0 22.0 22.0
0 854.5 109.0 21.0 24.0
0 868.5 80.5 13.0 19.0
0 945.0 133.0 24.0 34.0
