0 90.5 163.0 21.0 28.0
0 282.0 137.0 16.0 18.0
0 297.0 135.0 14.0 16.0
0 335.0 130.0 16.0 18.0
0 354.5 106.5 15.0 17.0
0 359.0 116.0 16.0 16.0
0 354.5 133.0 19.0 18.0
0 383.0 139.5 18.0 19.0
0 383.5 120.0 15.0 16.0
0 396.5 124.0 19.0 22.0
0 416.5 139.0 21.0 22.0
0 410.5 102.0 15.0 16.0
0 407.5 96.5 13.0 13.0
0 432.0 97.0 12.0 10.0
0 429.0 112.0 14.0 14.0
0 434.5 120.5 15.0 17.0
0 452.5 117.0 15.0 14.0
0 466.5 125.5 19.0 19.0
0 451.0 148.0 22.0 22.0
0 456.0 94.5 16.0 17.0
0 495.0 91.0 12.0 14.0
0 506.0 92.5 14.0 15.0
0 511.5 78.5 11.0 11.0
0 539.5 80.5 15.0 17.0
0 534.0 109.0 16.0 16.0
0 514.0 110.5 14.0 17.0
0 546.0 96.5 14.0 17.0
0 559.5 77.5 13.0 15.0
0 563.5 84.5 15.0 17.0
0 567.5 110.0 15.0 20.0
0 578.0 98.5 14.0 19.0
0 585.5 86.0 13.0 16.0
0 604.0 48.0 12.0 12.0
0 627.0 63.5 10.0 11.0
0 626.0 74.0 12.0 12.0
0 605.5 87.5 13.0 15.0
0 616.5 98.0 13.0 16.0
0 636.0 85.5 12.0 15.0
0 652.0 73.5 14.0 15.0
0 671.0 67.5 12.0 13.0
0 674.0 75.0 12.0 12.0
0 654.0 94.0 12.0 14.0
0 692.0 82.0 14.0 16.0
0 697.5 69.0 11.0 12.0
0 720.0 72.0 14.0 14.0
0 605.0 135.5 20.0 21.0
0 650.0 150.5 26.0 23.0
0 681.5 110.5 17.0 19.0
0 695.0 132.0 18.0 22.0
0 700.0 159.0 18.0 24.0
0 710.0 184.5 26.0 35.0
0 728.0 112.0 16.0 18.0
0 713.5 108.5 19.0 19.0
0 747.0 91.0 14.0 16.0
0 751.0 102.5 18.0 19.0
0 768.0 118.5 18.0 19.0
0 748.0 139.0 18.0 22.0
0 782.5 145.5 19.0 27.0
0 808.5 171.0 25.0 26.0
0 816.0 128.0 18.0 20.0
0 837.0 156.5 22.0 27.0
0 856.5 131.5 17.0 21.0
0 927.0 207.5 26.0 31.0
0 939.0 153.0 18.0 22.0
0 961.5 131.0 15.0 18.0
0 951.5 124.5 15.0 19.0
0 968.5 116.5 13.0 17.0
0 961.5 112.5 11.0 13.0
0 928.0 94.5 14.0 13.0
0 923.0 108.5 14.0 19.0
0 916.5 110.5 13.0 19.0
0 909.5 126.5 13.0 23.0
0 896.0 142.0 20.0 24.0
0 886.0 109.5 16.0 17.0
0 890.5 97.0 13.0 14.0
0 870.5 94.5 11.0 15.0
0 854.5 99.5 15.0 17.0
0 846.0 108.0 12.0 14.0
0 832.0 125.0 16.0 14.0
0 809.5 102.5 13.0 13.0
0 817.5 82.5 11.0 13.0
0 850.0 84.5 10.0 13.0
0 799.0 91.5 12.0 15.0
0 786.5 89.5 13.0 13.0
0 794.0 81.0 12.0 12.0
0 772.5 83.5 13.0 17.0
0 760.5 224.0 31.0 36.0
