0 198.5 191.0 39.0 40.0
0 299.5 123.0 15.0 18.0
0 307.5 107.5 17.0 17.0
0 331.5 112.0 15.0 16.0
0 394.0 104.0 16.0 18.0
0 403.0 95.0 14.0 14.0
0 401.5 81.0 13.0 14.0
0 437.0 77.5 10.0 13.0
0 446.5 71.5 11.0 13.0
0 460.5 76.5 13.0 13.0
0 469.5 69.0 11.0 14.0
0 425.0 113.0 18.0 20.0
0 433.0 97.0 16.0 18.0
0 457.5 101.5 15.0 17.0
0 458.5 116.0 17.0 18.0
0 478.5 80.0 13.0 14.0
0 479.0 72.5 10.0 11.0
0 497.0 66.0 12.0 12.0
0 512.5 73.0 11.0 12.0
0 518.0 67.0 10.0 12.0
0 501.5 84.5 13.0 15.0
0 521.0 86.0 14.0 14.0
0 515.0 99.5 16.0 17.0
0 536.5 80.0 13.0 16.0
0 563.5 60.0 9.0 12.0
0 572.5 65.5 11.0 15.0
0 565.5 78.5 13.0 13.0
0 562.5 90.0 15.0 18.0
0 590.0 54.0 12.0 12.0
0 610.5 53.5 9.0 11.0
0 606.5 61.5 9.0 11.0
0 615.5 68.0 11.0 12.0
0 628.0 57.5 12.0 11.0
0 633.5 61.0 11.0 12.0
0 597.5 74.5 11.0 15.0
0 607.0 80.0 12.0 12.0
0 650.0 67.0 12.0 12.0
0 664.5 65.0 13.0 14.0
0 490.0 143.0 22.0 22.0
0 558.0 151.5 22.0 23.0
0 564.5 126.5 19.0 21.0
0 614.5 106.0 17.0 20.0
0 607.5 131.5 17.0 21.0
0 597.5 161.0 23.0 28.0
0 636.0 114.0 18.0 20.0
0 635.5 93.5 15.0 17.0
0 676.5 85.0 13.0 18.0
0 659.5 165.5 25.0 31.0
0 654.5 140.5 21.0 19.0
0 689.5 122.0 19.0 24.0
0 665.0 114.5 14.0 15.0
0 689.0 76.0 14.0 16.0
0 708.5 89.0 13.0 16.0
0 719.5 67.5 13.0 13.0
0 731.0 65.0 12.0 14.0
0 729.5 78.0 13.0 16.0
0 747.5 73.0 11.0 16.0
0 732.5 97.0 15.0 20.0
0 725.0 173.0 26.0 32.0
0 766.0 149.5 24.0 27.0
0 781.5 131.5 17.0 21.0
0 756.0 107.0 16.0 20.0
0 772.0 101.5 14.0 17.0
0 763.0 86.5 14.0 17.0
0 790.0 94.5 14.0 17.0
0 804.5 81.0 13.0 16.0
0 829.5 82.5 13.0 19.0
0 836.0 82.5 10.0 15.0
0 811.5 102.5 13.0 17.0
0 821.5 101.5 13.0 17.0
0 801.5 114.5 15.0 17.0
0 791.5 190.5 23.0 29.0
0 811.0 162.0 20.0 24.0
0 861.5 206.0 23.0 30.0
0 824.5 155.0 19.0 22.0
0 844.5 122.0 15.0 22.0
0 885.0 150.5 20.0 25.0
0 834.0 142.5 16.0 17.0
0 885.5 128.0 17.0 20.0
0 892.5 116.0 17.0 20.0
0 897.5 91.5 13.0 15.0
0 852.5 105.5 15.0 15.0
0 863.5 90.0 11.0 16.0
0 871.5 86.0 11.0 16.0
