0 149.5 327.0 59.0 70.0
0 249.0 178.0 26.0 32.0
0 287.5 173.0 29.0 30.0
0 335.0 148.5 24.0 27.0
0 382.5 147.5 25.0 27.0
0 384.5 128.5 25.0 23.0
0 412.5 139.0 29.0 28.0
0 438.5 128.0 21.0 26.0
0 455.0 124.5 24.0 25.0
0 485.0 147.5 20.0 27.0
0 464.0 161.0 22.0 28.0
0 547.0 189.5 28.0 33.0
0 486.5 116.5 21.0 23.0
0 540.0 119.0 20.0 24.0
0 547.0 102.0 20.0 24.0
0 588.0 151.0 28.0 30.0
0 616.0 127.5 24.0 25.0
0 600.0 107.0 22.0 26.0
0 583.0 107.5 18.0 25.0
0 568.5 103.0 19.0 20.0
0 616.5 94.0 21.0 20.0
0 648.0 106.0 26.0 28.0
0 687.0 132.0 20.0 24.0
0 700.5 100.5 21.0 25.0
0 690.5 86.5 17.0 19.0
0 721.0 82.5 18.0 21.0
0 726.0 124.5 22.0 27.0
0 724.5 108.0 19.0 22.0
0 744.5 81.0 19.0 22.0
0 759.5 97.0 21.0 24.0
0 754.0 115.5 18.0 25.0
0 777.5 123.0 21.0 26.0
0 820.0 111.0 16.0 20.0
0 819.5 90.5 17.0 23.0
0 786.5 82.5 19.0 21.0
0 830.5 82.5 17.0 19.0
0 860.0 86.0 18.0 20.0
0 890.5 96.5 21.0 25.0
0 862.0 106.0 20.0 22.0
0 871.0 135.0 24.0 32.0
0 829.0 141.5 30.0 33.0
0 774.0 181.0 32.0 32.0
0 719.5 200.5 39.0 37.0
0 757.0 231.5 36.0 39.0
0 819.5 242.0 39.0 38.0
0 905.0 240.5 40.0 49.0
0 908.0 172.0 30.0 32.0
0 938.5 181.0 25.0 36.0
0 924.0 144.5 24.0 25.0
0 926.0 122.0 26.0 24.0
0 961.5 115.5 21.0 27.0
0 974.5 129.5 21.0 27.0
0 984.0 163.5 22.0 33.0
0 1016.0 182.0 24.0 32.0
0 1022.0 138.5 24.0 25.0
0 1009.0 118.5 22.0 31.0
0 1053.5 133.5 19.0 29.0
0 1084.0 141.5 20.0 25.0
0 1095.0 138.0 16.0 20.0
0 1076.5 205.5 23.0 29.0
0 1110.0 241.5 32.0 33.0
0 1082.5 298.0 37.0 50.0
0 1003.5 257.0 41.0 50.0
0 1106.5 169.5 25.0 31.0
0 1121.5 159.0 19.0 26.0
0 1130.0 144.0 18.0 22.0
0 1159.0 163.0 20.0 30.0
0 1153.0 206.5 22.0 31.0
0 1178.5 231.5 29.0 37.0
0 1182.5 285.5 29.0 43.0
0 1214.0 221.5 22.0 33.0
0 1210.5 197.5 21.0 23.0
0 1228.5 164.0 21.0 24.0
0 1179.0 152.5 22.0 33.0
