0 1032.0 176.0 12.0 20.0
0 996.5 177.5 15.0 23.0
0 1012.5 181.5 15.0 19.0
0 1011.0 190.5 16.0 23.0
0 1003.5 221.0 17.0 26.0
0 1030.0 231.5 20.0 33.0
0 1068.0 204.0 14.0 20.0
0 1061.5 221.0 15.0 24.0
0 1089.0 221.5 16.0 27.0
0 1106.5 256.5 19.0 31.0
0 1115.0 207.5 14.0 21.0
0 1022.0 274.0 30.0 38.0
0 1086.5 331.0 31.0 46.0
0 1003.5 319.0 33.0 40.0
0 973.0 352.0 34.0 48.0
0 918.5 298.5 27.0 43.0
0 961.0 247.0 22.0 32.0
0 976.0 235.5 20.0 31.0
0 961.5 205.0 15.0 24.0
0 954.5 166.0 15.0 20.0
0 895.0 159.0 14.0 20.0
0 863.5 165.5 15.0 21.0
0 874.5 174.5 17.0 27.0
0 919.5 167.0 13.0 20.0
0 908.5 197.0 17.0 24.0
0 827.5 177.5 15.0 23.0
0 836.5 205.0 19.0 28.0
0 781.5 143.0 13.0 18.0
0 801.0 149.0 12.0 18.0
0 795.0 156.0 14.0 20.0
0 783.5 193.0 19.0 26.0
0 800.0 216.0 26.0 30.0
0 742.0 208.5 20.0 27.0
0 752.5 249.5 23.0 35.0
0 777.5 258.5 25.0 43.0
0 809.5 250.5 25.0 37.0
0 698.0 229.0 24.0 34.0
0 750.5 174.0 17.0 26.0
0 713.5 135.0 13.0 14.0
0 711.5 154.5 13.0 17.0
0 746.5 152.0 15.0 18.0
0 702.0 171.0 16.0 20.0
0 659.0 149.0 12.0 16.0
0 666.0 169.5 16.0 21.0
0 646.0 190.0 22.0 28.0
0 625.0 173.5 20.0 21.0
0 601.0 165.5 16.0 23.0
0 586.0 184.5 14.0 21.0
0 600.0 190.0 18.0 24.0
0 622.0 251.0 26.0 34.0
0 624.5 286.5 33.0 43.0
0 543.5 281.0 37.0 50.0
0 583.5 224.5 19.0 23.0
0 537.0 218.0 24.0 26.0
0 492.0 178.0 12.0 18.0
0 522.0 179.0 16.0 22.0
0 535.5 184.5 15.0 21.0
0 535.5 166.0 15.0 20.0
0 445.5 179.0 15.0 20.0
0 463.5 211.0 17.0 22.0
0 472.0 226.0 24.0 26.0
0 515.5 238.0 27.0 30.0
0 437.5 234.5 23.0 29.0
0 397.5 205.0 17.0 22.0
0 401.5 228.0 19.0 26.0
0 316.0 217.5 16.0 23.0
0 315.5 264.5 23.0 29.0
0 357.5 268.5 23.0 31.0
0 243.5 237.5 17.0 25.0
0 280.0 257.0 22.0 34.0
0 143.5 380.5 41.0 51.0
0 719.5 261.5 23.0 31.0
0 687.5 315.5 33.0 47.0
0 739.0 331.5 34.0 43.0
0 826.5 370.5 37.0 53.0
0 846.0 282.0 30.0 40.0
0 671.0 148.5 14.0 15.0
