0 28.0 293.5 32.0 43.0
0 294.0 238.0 16.0 24.0
0 330.0 247.5 24.0 37.0
0 358.0 216.5 20.0 23.0
0 356.5 257.0 23.0 32.0
0 423.0 257.0 22.0 32.0
0 443.5 205.0 19.0 22.0
0 460.5 229.5 21.0 25.0
0 470.0 247.0 20.0 30.0
0 478.0 183.0 18.0 20.0
0 502.5 195.0 15.0 22.0
0 503.0 241.0 22.0 26.0
0 508.0 213.5 18.0 25.0
0 533.5 199.0 17.0 26.0
0 549.5 219.5 19.0 31.0
0 559.5 244.0 25.0 34.0
0 582.0 221.5 22.0 25.0
0 567.0 175.0 14.0 24.0
0 581.5 167.0 15.0 20.0
0 624.5 186.5 19.0 27.0
0 642.0 220.5 22.0 29.0
0 640.0 178.0 20.0 26.0
0 680.5 204.5 21.0 27.0
0 683.0 160.5 18.0 15.0
0 709.0 156.0 20.0 18.0
0 699.0 186.5 20.0 21.0
0 736.0 178.0 16.0 20.0
0 752.0 147.0 16.0 22.0
0 772.5 154.5 15.0 15.0
0 787.0 160.5 12.0 15.0
0 788.5 182.0 21.0 22.0
0 806.0 155.5 18.0 19.0
0 828.0 161.5 18.0 23.0
0 844.0 161.0 10.0 14.0
0 620.0 280.0 32.0 40.0
0 669.0 286.5 34.0 35.0
0 729.5 230.5 23.0 31.0
0 748.0 263.5 28.0 35.0
0 780.5 210.5 19.0 29.0
0 836.0 189.0 18.0 24.0
0 862.5 179.5 19.0 23.0
0 752.0 300.5 30.0 49.0
0 798.0 237.0 22.0 28.0
0 819.0 273.5 28.0 33.0
0 854.0 248.5 24.0 31.0
0 820.0 314.5 40.0 45.0
0 883.5 358.0 43.0 54.0
0 906.0 281.0 34.0 38.0
0 974.0 290.5 26.0 37.0
0 1035.5 308.5 41.0 35.0
0 1021.0 372.0 42.0 48.0
0 991.5 259.5 27.0 37.0
0 1072.5 261.5 35.0 35.0
0 1112.0 333.0 26.0 46.0
0 1124.5 288.0 25.0 32.0
0 1135.5 251.5 23.0 33.0
0 999.5 209.0 19.0 32.0
0 1037.5 218.0 19.0 28.0
0 1070.0 229.5 22.0 23.0
0 938.5 201.0 21.0 26.0
0 888.0 208.0 20.0 26.0
0 915.0 159.0 16.0 24.0
0 963.5 164.5 19.0 23.0
0 994.0 175.0 18.0 24.0
0 1041.0 182.0 14.0 18.0
0 1074.0 184.5 12.0 19.0
0 1097.5 204.5 19.0 19.0
0 1147.5 197.0 15.0 16.0
0 1133.5 228.0 21.0 24.0
0 918.5 191.0 15.0 22.0
0 658.5 183.0 21.0 20.0
