0 54.0 225.5 20.0 25.0
0 268.5 156.0 13.0 14.0
0 291.0 161.5 16.0 13.0
0 314.5 157.5 17.0 21.0
0 340.5 158.5 15.0 23.0
0 355.5 163.5 17.0 21.0
0 345.0 132.0 16.0 16.0
0 376.0 139.5 18.0 17.0
0 378.5 124.5 15.0 13.0
0 393.0 118.0 14.0 14.0
0 411.5 114.5 13.0 19.0
0 427.5 119.5 17.0 17.0
0 411.0 141.5 16.0 19.0
0 389.5 166.0 19.0 22.0
0 423.0 174.0 24.0 24.0
0 465.0 142.0 20.0 22.0
0 476.0 115.5 14.0 17.0
0 494.0 121.5 16.0 15.0
0 504.0 141.0 20.0 20.0
0 518.0 117.5 20.0 21.0
0 494.0 88.0 14.0 12.0
0 529.0 102.5 14.0 19.0
0 517.5 83.0 11.0 12.0
0 560.5 125.5 17.0 23.0
0 569.5 101.5 15.0 17.0
0 603.0 105.5 18.0 19.0
0 603.0 76.5 12.0 15.0
0 621.0 87.0 12.0 16.0
0 633.5 73.0 11.0 14.0
0 654.5 72.0 11.0 14.0
0 654.0 88.0 12.0 14.0
0 682.0 86.0 12.0 16.0
0 681.0 71.5 10.0 11.0
0 724.0 72.0 14.0 16.0
0 520.5 182.0 27.0 30.0
0 605.0 176.0 26.0 32.0
0 612.5 135.0 25.0 34.0
0 664.5 147.0 19.0 26.0
0 678.0 122.0 14.0 18.0
0 697.0 130.5 22.0 27.0
0 707.0 160.5 22.0 27.0
0 666.5 195.0 37.0 30.0
0 733.0 116.5 16.0 17.0
0 728.0 94.0 14.0 16.0
0 757.0 92.5 14.0 15.0
0 779.0 112.5 18.0 21.0
0 750.0 142.0 18.0 20.0
0 768.0 176.5 22.0 27.0
0 810.5 136.0 17.0 28.0
0 811.5 103.5 17.0 17.0
0 797.5 87.5 15.0 19.0
0 815.5 82.0 15.0 16.0
0 839.0 88.0 14.0 18.0
0 859.5 79.5 11.0 15.0
0 889.5 88.5 13.0 19.0
0 868.0 110.5 16.0 21.0
0 832.0 124.0 18.0 24.0
0 884.5 132.5 17.0 21.0
0 822.5 179.5 25.0 29.0
0 900.5 188.0 27.0 32.0
0 914.5 157.5 23.0 27.0
0 1001.0 162.0 22.0 32.0
0 984.5 148.0 19.0 32.0
0 963.5 118.5 19.0 21.0
0 951.5 104.5 13.0 13.0
0 951.0 93.0 12.0 14.0
0 905.5 113.0 17.0 20.0
0 912.5 99.5 15.0 15.0
