0 210.0 199.0 48.0 44.0
0 325.5 110.5 17.0 21.0
0 321.5 131.5 19.0 21.0
0 360.0 113.0 16.0 20.0
0 760.0 70.0 14.0 16.0
0 788.0 76.0 14.0 18.0
0 694.0 65.5 14.0 13.0
0 837.0 86.5 18.0 17.0
0 644.5 61.5 15.0 19.0
0 631.0 55.0 12.0 14.0
0 584.0 56.0 10.0 12.0
0 429.5 97.0 19.0 22.0
0 878.0 90.0 14.0 20.0
0 910.5 92.0 19.0 18.0
0 949.0 99.5 18.0 17.0
0 467.0 78.0 12.0 20.0
0 500.5 67.0 11.0 12.0
0 544.5 67.5 15.0 19.0
0 449.0 122.5 18.0 19.0
0 403.5 117.5 17.0 17.0
0 505.0 116.5 20.0 19.0
0 600.0 77.5 16.0 17.0
0 564.5 85.0 15.0 20.0
0 544.0 104.5 20.0 23.0
0 516.0 83.0 16.0 16.0
0 492.5 97.0 15.0 14.0
0 459.0 97.0 18.0 20.0
0 723.5 77.5 17.0 19.0
0 770.5 102.5 15.0 21.0
0 704.5 90.0 15.0 22.0
0 645.0 83.5 16.0 19.0
0 666.0 68.0 16.0 20.0
0 676.0 61.0 18.0 16.0
0 642.5 111.5 21.0 23.0
0 533.5 154.5 23.0 27.0
0 585.0 155.5 24.0 25.0
0 590.5 135.5 25.0 31.0
0 627.5 164.5 25.0 33.0
0 669.0 126.5 22.0 29.0
0 668.0 95.0 18.0 26.0
0 676.0 161.0 24.0 24.0
0 689.5 186.0 31.0 40.0
0 754.0 230.5 32.0 35.0
0 739.0 124.5 18.0 27.0
0 749.0 93.5 14.0 19.0
0 808.5 104.0 19.0 30.0
0 791.5 154.0 23.0 30.0
0 832.5 201.0 27.0 38.0
0 821.0 141.5 22.0 31.0
0 835.5 118.5 23.0 33.0
0 866.5 94.0 15.0 22.0
0 873.5 118.5 19.0 27.0
0 874.0 147.5 20.0 33.0
0 888.0 120.5 14.0 27.0
0 905.0 176.5 20.0 29.0
0 937.0 158.5 26.0 33.0
0 445.5 78.5 11.0 13.0
0 607.0 59.0 14.0 16.0
0 594.5 96.0 19.0 20.0
0 704.0 116.5 24.0 23.0
0 893.0 100.0 18.0 20.0
0 761.0 81.5 14.0 19.0
0 797.0 91.0 18.0 24.0
0 942.5 113.5 17.0 23.0
0 852.0 106.5 18.0 27.0
0 489.5 80.5 15.0 15.0
0 539.0 85.5 20.0 19.0
0 935.0 140.0 24.0 26.0
