0 279.0 134.0 18.0 20.0
0 330.0 121.0 14.0 16.0
0 357.0 136.0 16.0 16.0
0 371.5 114.0 13.0 22.0
0 389.0 104.0 14.0 14.0
0 405.5 112.5 13.0 15.0
0 418.5 137.0 17.0 26.0
0 429.5 124.0 15.0 16.0
0 422.0 96.5 12.0 15.0
0 439.0 85.5 12.0 15.0
0 452.5 99.5 11.0 17.0
0 461.0 118.5 18.0 17.0
0 450.5 150.5 17.0 23.0
0 496.0 129.0 18.0 20.0
0 555.5 168.5 37.0 39.0
0 587.0 160.5 20.0 35.0
0 483.0 105.5 18.0 17.0
0 482.0 82.5 10.0 15.0
0 500.0 88.0 12.0 20.0
0 533.0 75.5 12.0 15.0
0 524.5 110.0 13.0 22.0
0 540.0 98.0 12.0 18.0
0 560.5 107.0 13.0 20.0
0 600.0 98.5 12.0 17.0
0 586.0 81.5 12.0 17.0
0 572.5 70.5 11.0 15.0
0 557.5 77.5 11.0 13.0
0 516.5 77.0 11.0 10.0
0 607.0 68.5 14.0 11.0
0 610.0 79.5 12.0 15.0
0 627.5 66.0 9.0 14.0
0 618.0 60.0 8.0 12.0
0 651.5 72.5 11.0 11.0
0 656.0 65.0 12.0 14.0
0 678.0 66.0 14.0 14.0
0 702.0 59.5 12.0 11.0
0 706.0 70.5 10.0 15.0
0 733.5 66.0 15.0 16.0
0 657.5 86.5 11.0 15.0
0 672.5 83.0 11.0 18.0
0 640.0 84.0 14.0 14.0
0 604.5 135.5 15.0 19.0
0 629.0 149.5 20.0 27.0
0 651.5 117.0 15.0 26.0
0 676.0 109.0 16.0 22.0
0 684.5 127.5 19.0 25.0
0 704.0 151.0 18.0 26.0
0 727.5 135.0 19.0 28.0
0 729.5 112.5 13.0 15.0
0 715.5 97.5 15.0 19.0
0 749.5 84.5 11.0 19.0
0 761.5 81.5 11.0 15.0
0 781.0 74.5 14.0 15.0
0 778.5 90.0 13.0 18.0
0 759.0 103.0 14.0 14.0
0 775.5 117.5 17.0 27.0
0 801.5 125.5 17.0 21.0
0 815.0 91.5 10.0 19.0
0 804.0 80.5 14.0 17.0
0 829.5 92.0 13.0 18.0
0 841.0 80.0 14.0 16.0
0 854.0 100.5 14.0 21.0
0 808.0 166.0 18.0 30.0
0 784.0 148.0 20.0 20.0
0 762.5 151.5 23.0 33.0
0 871.5 185.5 19.0 29.0
0 935.5 187.5 21.0 29.0
0 955.0 158.5 16.0 23.0
0 934.5 150.5 19.0 27.0
0 907.5 138.5 19.0 17.0
0 883.5 154.0 23.0 26.0
0 862.0 135.0 18.0 26.0
0 870.5 110.5 15.0 19.0
0 863.5 90.0 11.0 18.0
0 872.5 85.0 15.0 16.0
0 911.0 90.5 12.0 17.0
0 894.0 99.0 14.0 14.0
0 887.5 111.5 13.0 15.0
0 927.5 120.5 15.0 19.0
0 935.0 93.0 12.0 16.0
0 973.5 120.0 11.0 16.0
0 964.5 105.0 13.0 16.0
0 954.0 127.5 12.0 19.0
