0 956.5 127.0 15.0 22.0
0 948.5 184.5 17.0 23.0
0 943.0 196.5 26.0 33.0
0 904.0 134.5 16.0 27.0
0 880.5 149.5 17.0 25.0
0 876.0 169.5 20.0 31.0
0 812.0 81.0 12.0 16.0
0 818.5 95.5 13.0 21.0
0 824.0 127.0 16.0 24.0
0 832.0 162.5 18.0 29.0
0 790.5 173.5 19.0 29.0
0 782.0 134.0 18.0 24.0
0 839.0 229.0 26.0 42.0
0 801.0 216.5 30.0 37.0
0 871.0 265.5 34.0 39.0
0 779.0 106.0 14.0 22.0
0 768.5 80.5 13.0 17.0
0 751.5 169.0 21.0 32.0
0 700.5 148.0 21.0 30.0
0 738.5 135.0 17.0 26.0
0 694.0 197.5 20.0 35.0
0 719.5 96.0 13.0 18.0
0 755.0 112.0 14.0 20.0
0 743.5 67.5 11.0 13.0
0 689.0 61.5 10.0 15.0
0 699.0 70.5 12.0 15.0
0 712.0 61.0 10.0 14.0
0 671.0 70.0 10.0 16.0
0 682.0 79.0 12.0 16.0
0 607.5 65.5 9.0 13.0
0 600.0 70.5 10.0 15.0
0 652.0 64.5 12.0 13.0
0 641.5 73.5 13.0 17.0
0 636.5 88.0 15.0 18.0
0 624.0 72.5 12.0 15.0
0 572.0 73.0 12.0 14.0
0 585.5 88.0 15.0 18.0
0 599.0 98.0 16.0 20.0
0 567.0 93.5 14.0 19.0
0 571.5 106.0 15.0 22.0
0 584.0 135.5 18.0 27.0
0 621.5 147.5 21.0 27.0
0 654.0 129.5 18.0 21.0
0 706.0 109.0 14.0 20.0
0 519.5 72.0 11.0 14.0
0 536.0 81.5 10.0 13.0
0 542.5 102.5 13.0 19.0
0 499.5 103.0 13.0 16.0
0 506.0 80.0 10.0 12.0
0 477.5 98.0 13.0 18.0
0 454.5 95.0 11.0 14.0
0 484.0 82.5 12.0 15.0
0 502.5 125.5 19.0 23.0
0 469.0 129.0 16.0 22.0
0 455.0 117.5 14.0 21.0
0 427.5 111.5 15.0 21.0
0 434.0 100.5 12.0 19.0
0 509.0 166.5 22.0 31.0
0 562.0 181.0 24.0 34.0
0 392.5 140.5 17.0 23.0
0 399.5 166.5 21.0 23.0
0 387.0 116.0 14.0 20.0
0 304.0 126.5 14.0 19.0
0 321.5 134.5 15.0 21.0
0 339.5 137.0 13.0 20.0
0 346.5 150.5 17.0 19.0
0 363.0 104.0 12.0 18.0
0 366.5 116.0 15.0 20.0
0 609.0 200.0 20.0 36.0
0 219.5 210.5 39.0 45.0
