0 284.5 120.0 15.0 16.0
0 323.5 104.5 13.0 15.0
0 381.0 109.5 14.0 19.0
0 402.5 136.0 17.0 20.0
0 409.0 121.0 16.0 16.0
0 405.0 98.0 18.0 18.0
0 426.0 75.0 10.0 14.0
0 452.5 88.5 13.0 17.0
0 466.0 108.5 18.0 19.0
0 516.0 98.0 14.0 16.0
0 503.0 91.0 12.0 16.0
0 580.5 66.0 11.0 16.0
0 578.0 115.0 16.0 18.0
0 586.0 166.0 22.0 28.0
0 587.5 141.5 21.0 21.0
0 620.0 154.5 22.0 27.0
0 620.5 188.0 31.0 34.0
0 615.0 121.0 18.0 24.0
0 613.0 101.5 14.0 17.0
0 673.0 123.5 20.0 23.0
0 711.5 144.0 21.0 28.0
0 753.5 133.5 17.0 23.0
0 777.0 162.5 20.0 29.0
0 796.5 139.5 21.0 27.0
0 836.0 181.0 22.0 38.0
0 856.5 122.5 13.0 17.0
0 887.5 123.5 17.0 25.0
