0 50.5 143.0 15.0 18.0
0 240.0 114.5 16.0 21.0
0 337.5 125.5 21.0 25.0
0 304.0 126.5 18.0 21.0
0 335.0 96.0 14.0 18.0
0 350.0 84.0 12.0 16.0
0 357.5 98.0 17.0 20.0
0 365.5 80.5 15.0 15.0
0 377.0 106.5 14.0 17.0
0 391.5 121.0 29.0 32.0
0 423.5 102.5 19.0 23.0
0 446.5 104.5 19.0 23.0
0 392.0 85.0 14.0 18.0
0 398.0 69.5 12.0 13.0
0 416.5 70.0 11.0 14.0
0 425.0 78.0 12.0 16.0
0 431.5 86.5 15.0 15.0
0 469.0 91.0 14.0 20.0
0 438.0 68.0 14.0 14.0
0 450.5 60.5 11.0 17.0
0 461.5 67.0 13.0 18.0
0 474.0 61.0 12.0 12.0
0 478.0 66.5 10.0 13.0
0 487.5 69.5 11.0 15.0
0 477.5 80.5 13.0 13.0
0 501.5 90.0 17.0 18.0
0 525.5 83.0 15.0 22.0
0 517.0 64.5 12.0 17.0
0 520.5 57.0 11.0 14.0
0 543.5 51.5 9.0 13.0
0 544.0 63.5 10.0 15.0
0 554.5 64.0 13.0 18.0
0 567.0 55.5 10.0 15.0
0 577.0 56.5 12.0 13.0
0 574.0 71.5 14.0 17.0
0 590.0 51.5 12.0 17.0
0 601.5 56.0 11.0 18.0
0 614.5 53.0 9.0 16.0
0 627.0 58.0 12.0 18.0
0 523.0 124.0 24.0 30.0
0 558.0 123.5 24.0 29.0
0 573.5 97.5 21.0 23.0
0 596.5 92.5 19.0 23.0
0 598.5 113.5 21.0 23.0
0 608.5 132.5 21.0 29.0
0 652.0 121.0 18.0 26.0
0 668.5 131.5 21.0 31.0
0 688.0 123.0 20.0 24.0
0 716.0 143.5 26.0 33.0
0 757.0 158.0 24.0 32.0
0 810.0 165.0 26.0 36.0
0 841.5 138.5 21.0 27.0
0 832.5 117.5 17.0 25.0
0 802.0 112.0 14.0 20.0
0 779.0 129.5 22.0 27.0
0 759.0 110.0 16.0 22.0
0 708.5 105.0 15.0 18.0
0 675.0 102.5 14.0 19.0
0 635.0 87.5 14.0 17.0
0 664.5 91.0 13.0 18.0
0 684.5 81.5 15.0 19.0
0 659.5 68.5 11.0 15.0
0 670.5 66.5 11.0 15.0
0 679.0 66.0 10.0 14.0
0 696.5 71.0 11.0 14.0
0 715.0 66.0 10.0 14.0
0 720.5 78.0 15.0 16.0
0 733.0 69.5 14.0 17.0
0 744.0 64.5 12.0 17.0
0 764.0 76.5 16.0 21.0
0 778.5 90.5 15.0 17.0
0 756.0 87.5 12.0 17.0
0 792.0 78.5 14.0 19.0
0 816.5 90.0 13.0 16.0
0 825.5 77.0 11.0 16.0
0 840.5 94.0 13.0 16.0
0 850.0 104.0 16.0 18.0
0 850.0 87.0 12.0 14.0
