0 84.5 207.5 27.0 35.0
0 372.5 149.0 21.0 22.0
0 394.5 154.5 19.0 31.0
0 420.5 153.5 23.0 27.0
0 418.0 136.5 24.0 19.0
0 444.5 135.0 25.0 24.0
0 443.0 155.5 24.0 29.0
0 461.5 170.5 27.0 31.0
0 474.5 147.0 25.0 24.0
0 516.5 168.5 23.0 31.0
0 511.0 192.5 26.0 33.0
0 498.5 111.5 15.0 17.0
0 519.5 134.0 19.0 24.0
0 550.5 135.0 21.0 22.0
0 530.0 112.0 20.0 22.0
0 551.5 112.5 17.0 21.0
0 588.5 141.5 25.0 33.0
0 559.0 131.5 22.0 21.0
0 594.0 94.5 16.0 15.0
0 607.0 103.0 20.0 20.0
0 623.5 87.0 15.0 16.0
0 635.0 99.0 20.0 20.0
0 637.5 107.0 19.0 22.0
0 631.0 126.5 18.0 21.0
0 667.5 124.0 21.0 24.0
0 649.0 93.0 16.0 14.0
0 694.5 108.5 19.0 21.0
0 689.5 102.5 17.0 19.0
0 708.0 83.5 20.0 19.0
0 710.5 106.0 17.0 20.0
0 697.0 127.0 24.0 26.0
0 716.5 161.0 29.0 34.0
0 743.5 113.0 25.0 28.0
0 740.5 106.0 23.0 22.0
0 774.5 79.0 13.0 16.0
0 788.5 80.5 17.0 21.0
0 779.5 99.0 19.0 22.0
0 809.0 106.0 16.0 22.0
0 819.0 102.5 16.0 21.0
0 826.0 80.0 14.0 22.0
0 848.0 76.5 14.0 13.0
0 854.0 86.0 18.0 26.0
0 774.5 149.0 27.0 34.0
0 775.0 176.5 30.0 35.0
0 831.0 135.5 22.0 27.0
0 845.5 154.0 21.0 28.0
0 884.0 76.0 18.0 18.0
0 883.0 125.5 24.0 25.0
0 904.0 128.5 18.0 27.0
0 908.5 164.5 25.0 31.0
0 874.0 179.5 28.0 35.0
0 897.5 240.5 41.0 45.0
0 967.5 251.0 39.0 44.0
0 925.0 104.0 18.0 24.0
0 939.0 95.5 16.0 25.0
0 969.0 89.0 16.0 16.0
0 981.0 103.5 16.0 21.0
0 1003.5 98.0 17.0 20.0
0 1033.0 94.0 16.0 22.0
0 1061.5 108.0 15.0 20.0
0 1039.5 118.5 17.0 25.0
0 999.0 116.5 18.0 19.0
0 1005.0 144.5 20.0 29.0
0 1032.5 140.0 21.0 26.0
0 949.0 134.5 22.0 27.0
0 924.0 128.5 18.0 23.0
0 1038.0 179.0 24.0 38.0
0 1062.0 155.0 26.0 32.0
0 956.0 177.5 30.0 33.0
0 991.5 200.0 31.0 38.0
0 1090.5 131.0 19.0 28.0
0 1080.0 161.5 22.0 27.0
0 1125.0 162.5 22.0 33.0
0 1140.5 156.0 17.0 30.0
0 1124.0 127.5 20.0 27.0
0 1141.5 125.5 17.0 27.0
0 1148.5 104.5 15.0 23.0
0 1196.0 128.5 18.0 19.0
0 1195.0 136.0 14.0 24.0
0 1177.5 146.0 17.0 28.0
0 1199.0 160.5 20.0 29.0
0 1163.0 189.5 24.0 33.0
0 1148.5 236.0 31.0 42.0
