0 171.5 255.0 39.0 50.0
0 315.0 127.0 14.0 24.0
0 348.0 97.5 16.0 21.0
0 356.5 100.5 17.0 19.0
0 413.0 113.0 18.0 24.0
0 422.5 92.0 11.0 16.0
0 448.0 123.0 18.0 22.0
0 482.0 124.5 18.0 25.0
0 500.0 156.0 26.0 32.0
0 465.5 91.0 15.0 22.0
0 493.5 75.5 13.0 15.0
0 503.0 90.0 18.0 22.0
0 521.5 64.5 11.0 13.0
0 540.0 70.5 12.0 17.0
0 550.0 65.5 14.0 17.0
0 569.0 136.5 18.0 23.0
0 553.0 167.0 26.0 36.0
0 595.5 32.0 13.0 20.0
0 638.0 49.0 10.0 14.0
0 665.5 50.5 9.0 15.0
0 690.5 53.5 11.0 11.0
0 702.5 61.0 13.0 14.0
0 635.5 67.5 13.0 15.0
0 650.5 75.0 15.0 16.0
0 610.5 167.0 27.0 40.0
0 644.5 100.5 21.0 27.0
0 631.5 136.5 21.0 31.0
0 672.0 162.5 22.0 27.0
0 674.0 122.0 20.0 24.0
0 680.5 93.5 17.0 21.0
0 693.5 193.5 31.0 37.0
0 702.5 88.5 13.0 19.0
0 717.5 102.5 17.0 21.0
0 726.0 128.5 22.0 27.0
0 731.0 73.5 16.0 17.0
0 743.5 93.5 15.0 17.0
0 755.0 65.0 14.0 20.0
0 778.0 101.0 14.0 22.0
0 804.5 94.0 13.0 16.0
0 798.0 118.5 14.0 21.0
0 817.5 156.5 27.0 31.0
0 781.0 187.0 28.0 38.0
0 847.5 195.5 29.0 37.0
0 869.0 177.0 24.0 34.0
0 921.0 208.5 22.0 29.0
0 879.0 148.5 18.0 21.0
0 933.5 158.0 23.0 28.0
0 851.0 47.0 16.0 18.0
0 903.5 78.5 13.0 19.0
0 940.0 85.0 18.0 22.0
0 862.5 117.5 17.0 21.0
0 877.5 99.5 13.0 19.0
0 891.5 120.5 19.0 21.0
0 449.0 76.0 12.0 16.0
0 526.0 84.5 14.0 19.0
0 557.0 89.5 14.0 21.0
0 562.5 98.0 15.0 22.0
0 587.5 87.0 15.0 22.0
0 944.0 123.0 16.0 24.0
0 904.5 105.0 15.0 18.0
0 841.0 95.5 16.0 21.0
0 790.0 70.0 12.0 20.0
0 728.0 56.5 10.0 15.0
