0 214.5 192.0 43.0 40.0
0 302.0 126.0 18.0 18.0
0 309.5 112.5 15.0 19.0
0 345.5 110.0 17.0 16.0
0 399.5 90.0 11.0 14.0
0 415.5 97.0 11.0 16.0
0 399.5 120.5 19.0 19.0
0 434.5 95.5 15.0 23.0
0 445.5 90.0 15.0 22.0
0 458.5 69.5 13.0 13.0
0 464.0 91.0 18.0 20.0
0 477.5 74.0 11.0 16.0
0 450.0 120.0 22.0 16.0
0 512.5 73.5 15.0 17.0
0 520.0 65.0 18.0 14.0
0 538.0 73.5 18.0 19.0
0 561.5 36.0 11.0 14.0
0 545.5 102.5 17.0 17.0
0 552.5 78.0 19.0 18.0
0 572.0 79.0 20.0 24.0
0 573.5 61.5 13.0 17.0
0 532.0 101.5 22.0 13.0
0 590.5 63.5 13.0 11.0
0 613.5 92.5 21.0 15.0
0 641.0 59.0 16.0 6.0
0 611.0 74.0 20.0 18.0
0 623.5 62.0 25.0 20.0
0 632.5 80.5 15.0 15.0
0 663.0 61.5 14.0 15.0
0 681.0 65.0 20.0 14.0
0 471.5 180.5 25.0 23.0
0 552.0 162.0 24.0 26.0
0 649.0 101.5 16.0 19.0
0 610.5 156.0 27.0 34.0
0 557.0 137.0 24.0 22.0
0 613.0 130.0 24.0 24.0
0 661.0 116.5 16.0 19.0
0 654.5 156.0 25.0 22.0
0 682.0 179.0 28.0 38.0
0 707.0 128.5 24.0 23.0
0 743.5 70.0 15.0 12.0
0 713.0 93.0 18.0 18.0
0 726.0 81.0 24.0 16.0
0 752.5 100.0 15.0 18.0
0 756.0 80.0 14.0 18.0
0 746.5 146.5 23.0 25.0
0 767.0 118.0 16.0 24.0
0 793.5 105.5 19.0 21.0
0 790.5 137.5 23.0 23.0
0 775.0 201.0 32.0 44.0
0 830.5 200.5 25.0 31.0
0 886.0 217.5 28.0 35.0
0 828.5 100.0 19.0 22.0
0 853.0 87.0 14.0 20.0
0 855.5 111.5 23.0 23.0
0 856.0 160.5 26.0 27.0
0 862.5 125.5 17.0 19.0
0 819.0 134.0 22.0 20.0
0 889.5 90.5 13.0 15.0
0 914.5 101.0 23.0 18.0
0 915.0 112.5 14.0 19.0
0 893.0 129.0 16.0 20.0
0 898.0 178.5 42.0 25.0
0 862.0 105.5 18.0 21.0
0 804.5 97.0 17.0 22.0
0 775.5 104.0 15.0 20.0
0 688.5 94.0 19.0 18.0
0 743.0 83.5 12.0 21.0
0 567.5 92.0 19.0 16.0
0 485.0 94.0 26.0 20.0
0 502.5 72.5 19.0 17.0
