0 163.0 213.0 40.0 46.0
0 273.0 168.0 16.0 16.0
0 313.5 157.5 21.0 27.0
0 368.0 127.0 22.0 16.0
0 337.5 146.5 21.0 21.0
0 337.0 174.5 20.0 25.0
0 389.5 151.5 29.0 29.0
0 397.5 133.5 21.0 17.0
0 409.0 118.0 22.0 18.0
0 437.5 102.5 17.0 19.0
0 451.0 112.5 26.0 23.0
0 456.0 133.5 22.0 23.0
0 475.0 115.5 28.0 23.0
0 485.0 102.5 24.0 23.0
0 481.5 135.5 25.0 27.0
0 506.0 150.5 26.0 21.0
0 515.0 80.0 14.0 18.0
0 511.5 101.5 29.0 21.0
0 518.5 122.5 25.0 25.0
0 552.0 123.0 30.0 26.0
0 591.5 95.5 21.0 23.0
0 568.5 86.0 19.0 20.0
0 545.0 44.5 16.0 15.0
0 612.0 105.5 18.0 21.0
0 619.5 83.5 27.0 33.0
0 627.0 60.0 20.0 18.0
0 649.0 35.5 10.0 13.0
0 660.0 87.5 24.0 23.0
0 688.0 60.0 14.0 14.0
0 715.5 70.0 15.0 12.0
0 749.0 40.5 14.0 19.0
0 519.0 181.5 30.0 35.0
0 569.5 209.5 27.0 25.0
0 606.5 146.0 29.0 30.0
0 676.0 124.0 24.0 26.0
0 650.0 161.0 26.0 22.0
0 629.5 213.5 33.0 43.0
0 723.0 205.5 38.0 37.0
0 703.0 177.0 40.0 30.0
0 735.5 133.0 25.0 22.0
0 742.5 111.5 23.0 21.0
0 787.0 73.0 20.0 18.0
0 774.0 89.0 24.0 24.0
0 837.5 77.0 19.0 20.0
0 815.5 79.0 25.0 20.0
0 798.5 88.0 25.0 24.0
0 805.0 105.0 24.0 18.0
0 794.5 117.0 17.0 20.0
0 804.0 145.0 36.0 28.0
0 787.5 172.5 27.0 35.0
0 822.0 177.5 30.0 33.0
0 860.5 151.0 23.0 28.0
0 845.5 112.0 23.0 20.0
0 894.0 82.5 12.0 15.0
0 903.5 110.5 21.0 19.0
0 922.5 90.0 19.0 20.0
0 951.5 86.0 19.0 20.0
0 926.0 145.0 18.0 24.0
0 979.5 160.0 23.0 30.0
0 942.0 113.0 22.0 24.0
0 986.5 122.5 25.0 25.0
0 991.0 95.5 16.0 17.0
0 849.0 89.5 20.0 19.0
0 552.0 101.0 30.0 18.0
0 883.5 97.5 25.0 29.0
0 710.0 128.5 26.0 35.0
0 714.5 110.5 19.0 29.0
0 678.5 74.0 19.0 20.0
0 916.5 79.0 15.0 10.0
