0 208.5 337.0 53.0 70.0
0 752.5 152.0 21.0 28.0
0 773.0 153.5 14.0 25.0
0 575.5 166.0 19.0 18.0
0 693.0 159.5 16.0 29.0
0 639.0 173.0 18.0 22.0
0 356.0 219.5 20.0 27.0
0 809.5 158.0 19.0 26.0
0 826.5 162.5 15.0 23.0
0 841.0 162.5 16.0 23.0
0 671.0 176.0 20.0 28.0
0 442.5 212.0 23.0 22.0
0 289.5 241.5 21.0 31.0
0 323.0 250.0 28.0 30.0
0 524.5 185.0 23.0 16.0
0 356.5 261.5 27.0 33.0
0 410.0 263.5 26.0 33.0
0 440.0 240.0 18.0 28.0
0 475.5 237.0 23.0 32.0
0 503.0 213.5 20.0 27.0
0 513.5 239.0 27.0 30.0
0 545.5 215.5 29.0 27.0
0 554.5 245.5 29.0 33.0
0 709.5 200.5 23.0 29.0
0 627.5 235.0 29.0 36.0
0 581.0 217.5 24.0 31.0
0 778.5 211.0 25.0 30.0
0 731.0 232.0 24.0 30.0
0 615.5 280.0 37.0 42.0
0 654.0 262.0 36.0 36.0
0 666.5 291.0 35.0 38.0
0 747.5 303.5 39.0 47.0
0 762.5 264.5 33.0 33.0
0 797.0 244.5 26.0 31.0
0 861.0 182.0 30.0 28.0
0 847.0 246.0 32.0 32.0
0 816.5 267.0 39.0 34.0
0 826.0 318.5 38.0 47.0
0 877.0 336.0 44.0 56.0
0 903.0 283.0 36.0 36.0
0 924.5 164.0 25.0 20.0
0 911.0 179.0 20.0 22.0
0 891.0 206.5 26.0 29.0
0 940.5 201.0 19.0 24.0
0 955.5 173.5 21.0 21.0
0 993.0 174.5 16.0 23.0
0 1001.5 214.5 21.0 31.0
0 1028.5 183.5 21.0 23.0
0 1045.5 194.0 23.0 26.0
0 1071.0 184.0 16.0 24.0
0 995.0 254.0 22.0 30.0
0 972.5 300.5 29.0 47.0
0 987.0 384.5 42.0 51.0
0 1041.0 321.0 38.0 40.0
0 1054.0 265.5 26.0 31.0
0 1030.5 227.5 19.0 29.0
0 1096.5 202.5 19.0 25.0
0 1053.5 230.0 27.0 34.0
0 1073.0 217.5 30.0 25.0
0 1158.5 200.0 19.0 20.0
0 1112.5 331.5 31.0 43.0
0 1114.0 283.0 22.0 30.0
0 1137.0 263.0 30.0 36.0
0 560.0 183.5 22.0 21.0
0 627.5 186.0 23.0 22.0
0 703.0 158.5 16.0 21.0
0 744.5 176.5 23.0 19.0
0 784.0 163.0 20.0 22.0
0 791.5 179.0 23.0 28.0
0 829.0 196.5 26.0 25.0
0 1074.0 245.0 26.0 34.0
0 1143.0 207.5 22.0 25.0
0 479.5 203.0 19.0 26.0
0 535.5 200.0 23.0 26.0
