0 70.5 324.0 45.0 56.0
0 291.0 240.5 20.0 27.0
0 319.0 260.5 22.0 33.0
0 366.5 256.5 25.0 31.0
0 361.5 215.0 19.0 28.0
0 414.5 251.5 29.0 33.0
0 438.0 234.0 24.0 24.0
0 440.5 208.5 21.0 27.0
0 474.0 236.0 24.0 28.0
0 481.5 191.0 21.0 22.0
0 509.0 211.5 18.0 25.0
0 505.5 191.5 17.0 23.0
0 508.0 241.5 28.0 29.0
0 536.0 217.0 22.0 26.0
0 555.5 243.0 25.0 28.0
0 586.0 219.0 22.0 26.0
0 533.5 170.5 17.0 21.0
0 550.5 186.5 17.0 23.0
0 583.0 168.5 16.0 21.0
0 587.5 189.0 19.0 26.0
0 627.5 189.0 13.0 20.0
0 642.5 195.0 21.0 26.0
0 620.5 224.0 19.0 24.0
0 574.0 291.0 34.0 40.0
0 651.0 180.0 18.0 26.0
0 674.5 175.5 17.0 21.0
0 688.5 162.0 15.0 20.0
0 705.5 158.0 17.0 20.0
0 708.0 174.5 14.0 19.0
0 715.0 183.0 18.0 26.0
0 695.0 197.0 20.0 24.0
0 737.0 177.5 18.0 21.0
0 741.0 159.0 16.0 20.0
0 753.5 148.5 17.0 21.0
0 770.0 155.5 14.0 23.0
0 788.0 162.5 18.0 25.0
0 794.0 175.5 20.0 25.0
0 815.0 157.0 14.0 20.0
0 829.5 162.5 17.0 23.0
0 853.0 158.5 18.0 23.0
0 862.5 176.0 17.0 24.0
0 829.5 188.5 23.0 25.0
0 849.5 215.5 23.0 27.0
0 782.5 218.0 23.0 26.0
0 793.5 245.5 23.0 31.0
0 810.0 259.0 32.0 38.0
0 850.0 250.5 26.0 35.0
0 887.0 293.0 30.0 40.0
0 736.0 240.5 30.0 31.0
0 735.0 279.5 30.0 41.0
0 739.5 305.0 35.0 48.0
0 786.5 328.5 43.0 47.0
0 875.5 337.5 55.0 47.0
0 950.5 314.5 39.0 43.0
0 1040.5 313.0 37.0 40.0
0 1018.0 352.5 44.0 45.0
0 901.5 181.5 21.0 27.0
0 909.5 175.5 17.0 23.0
0 931.5 161.5 17.0 23.0
0 891.5 202.5 21.0 23.0
0 961.0 173.0 16.0 20.0
0 976.0 175.0 20.0 26.0
0 961.5 205.0 23.0 28.0
0 1008.5 192.0 21.0 24.0
0 1034.0 181.5 18.0 23.0
0 1043.5 200.0 19.0 24.0
0 1051.0 191.5 16.0 23.0
0 1072.5 183.0 15.0 22.0
0 1096.5 197.5 19.0 25.0
0 1125.5 221.5 19.0 25.0
0 1144.0 216.0 18.0 24.0
0 1149.5 201.0 17.0 24.0
0 1006.5 218.0 25.0 30.0
0 1030.5 222.5 25.0 29.0
0 1079.5 220.5 21.0 29.0
0 1113.5 231.0 23.0 26.0
0 1152.0 254.5 24.0 31.0
0 1075.0 252.5 28.0 35.0
0 1029.0 239.5 28.0 31.0
0 1056.0 262.5 30.0 39.0
0 996.5 255.0 31.0 32.0
0 1117.5 329.0 33.0 48.0
0 670.5 284.5 35.0 35.0
0 661.0 250.0 30.0 30.0
