0 106.5 141.5 17.0 25.0
0 288.5 128.0 13.0 18.0
0 291.0 116.0 14.0 14.0
0 329.0 119.5 14.0 19.0
0 349.5 121.0 15.0 20.0
0 348.0 106.5 14.0 15.0
0 341.5 96.0 13.0 18.0
0 371.0 107.5 14.0 15.0
0 374.5 124.5 15.0 21.0
0 387.5 114.0 15.0 18.0
0 408.0 127.0 14.0 16.0
0 401.0 139.0 18.0 20.0
0 399.5 87.0 11.0 14.0
0 418.0 89.0 12.0 16.0
0 440.0 86.0 14.0 16.0
0 437.5 107.0 17.0 18.0
0 454.0 112.5 18.0 21.0
0 417.5 104.0 13.0 14.0
0 491.0 98.5 16.0 17.0
0 487.0 84.5 14.0 15.0
0 480.0 76.0 12.0 14.0
0 494.0 70.0 10.0 12.0
0 522.5 72.5 15.0 15.0
0 515.5 95.0 17.0 20.0
0 549.5 100.0 15.0 18.0
0 532.5 95.0 13.0 12.0
0 556.5 87.5 15.0 15.0
0 542.0 74.0 12.0 16.0
0 545.5 69.0 11.0 10.0
0 568.0 74.0 12.0 16.0
0 589.0 65.5 8.0 9.0
0 603.0 65.0 12.0 12.0
0 586.0 76.5 14.0 11.0
0 597.5 86.5 13.0 17.0
0 629.5 63.5 13.0 13.0
0 635.0 56.5 8.0 9.0
0 648.5 58.5 9.0 11.0
0 652.5 66.5 11.0 11.0
0 644.0 79.0 14.0 18.0
0 624.0 82.5 14.0 15.0
0 614.0 76.0 12.0 12.0
0 660.0 99.0 14.0 18.0
0 670.0 72.5 12.0 15.0
0 674.5 60.5 11.0 13.0
0 697.0 62.0 12.0 14.0
0 616.5 115.0 17.0 18.0
0 587.0 124.0 20.0 24.0
0 630.5 133.5 21.0 23.0
0 671.5 120.0 17.0 22.0
0 680.5 139.5 19.0 23.0
0 686.0 170.5 28.0 31.0
0 735.5 207.5 27.0 37.0
0 691.5 98.0 15.0 16.0
0 705.0 97.0 16.0 20.0
0 722.5 80.5 15.0 19.0
0 725.0 92.0 16.0 18.0
0 719.0 129.0 18.0 22.0
0 748.0 109.0 16.0 22.0
0 752.0 135.0 20.0 22.0
0 747.5 73.0 13.0 16.0
0 766.5 73.0 11.0 16.0
0 773.0 80.0 10.0 14.0
0 790.0 76.5 10.0 13.0
0 787.0 92.5 12.0 13.0
0 786.0 113.0 12.0 20.0
0 803.5 111.0 13.0 16.0
0 785.5 155.5 25.0 25.0
0 821.5 137.5 21.0 27.0
0 828.0 117.0 14.0 16.0
0 817.5 96.0 11.0 14.0
0 823.5 90.5 11.0 13.0
0 820.5 75.0 11.0 14.0
0 840.0 83.5 12.0 15.0
0 858.0 89.5 10.0 13.0
0 854.0 97.5 12.0 15.0
0 866.0 128.0 16.0 20.0
0 879.0 119.0 16.0 20.0
0 892.5 99.5 13.0 17.0
0 896.5 84.5 13.0 11.0
0 932.0 106.0 14.0 16.0
0 919.0 116.0 14.0 16.0
0 907.0 123.0 14.0 14.0
0 912.5 135.5 17.0 21.0
0 886.5 193.5 25.0 31.0
