0 45.5 201.5 21.0 27.0
0 236.5 130.0 13.0 16.0
0 246.5 137.0 15.0 16.0
0 281.5 123.5 15.0 17.0
0 295.0 110.5 14.0 17.0
0 319.5 115.0 15.0 14.0
0 320.5 148.0 17.0 18.0
0 343.0 153.5 22.0 21.0
0 343.0 94.5 12.0 13.0
0 352.0 110.0 14.0 16.0
0 359.0 102.5 14.0 13.0
0 363.5 91.5 13.0 13.0
0 399.0 98.0 14.0 16.0
0 403.5 108.0 15.0 18.0
0 421.5 115.0 15.0 20.0
0 411.0 77.5 12.0 13.0
0 430.5 97.0 15.0 16.0
0 423.0 89.0 14.0 16.0
0 448.5 68.0 9.0 10.0
0 454.0 81.0 10.0 12.0
0 461.0 95.0 14.0 16.0
0 467.5 111.0 17.0 20.0
0 475.0 81.0 12.0 14.0
0 489.5 80.5 13.0 15.0
0 505.0 77.5 10.0 11.0
0 507.0 62.0 10.0 14.0
0 530.0 70.5 12.0 13.0
0 549.5 60.5 9.0 11.0
0 552.5 73.0 13.0 14.0
0 572.0 73.0 14.0 16.0
0 578.5 62.0 11.0 12.0
0 602.0 61.0 12.0 12.0
0 521.5 87.0 13.0 14.0
0 514.5 110.0 17.0 24.0
0 543.5 104.0 17.0 18.0
0 552.5 122.0 23.0 26.0
0 511.5 152.5 21.0 27.0
0 445.0 150.0 24.0 24.0
0 546.0 162.5 28.0 29.0
0 588.0 145.0 22.0 26.0
0 584.5 107.0 17.0 22.0
0 585.5 92.5 15.0 15.0
0 621.0 77.0 12.0 12.0
0 632.5 76.0 11.0 14.0
0 642.0 85.5 14.0 15.0
0 623.0 89.5 16.0 21.0
0 650.5 60.5 11.0 13.0
0 668.5 70.0 13.0 16.0
0 680.5 66.0 13.0 14.0
0 682.5 82.0 15.0 20.0
0 700.5 83.0 15.0 16.0
0 696.5 72.5 11.0 15.0
0 685.0 108.0 18.0 20.0
0 654.5 102.0 15.0 16.0
0 651.5 116.5 17.0 19.0
0 676.0 120.5 16.0 21.0
0 625.5 146.0 19.0 24.0
0 679.5 144.5 19.0 25.0
0 752.5 163.5 21.0 27.0
0 766.5 119.0 19.0 22.0
0 819.5 129.0 19.0 24.0
0 809.0 117.0 16.0 16.0
0 793.5 103.0 15.0 20.0
0 786.5 85.0 13.0 14.0
0 797.0 83.0 14.0 16.0
0 765.0 84.5 14.0 15.0
0 750.0 93.5 14.0 19.0
0 736.5 106.5 17.0 19.0
0 746.0 80.0 14.0 14.0
