0 184.5 296.5 45.0 49.0
0 269.0 159.0 22.0 26.0
0 289.0 163.5 20.0 25.0
0 308.5 157.0 19.0 28.0
0 329.0 137.0 22.0 22.0
0 352.0 131.0 20.0 22.0
0 376.5 154.0 21.0 22.0
0 377.5 185.0 25.0 24.0
0 361.0 153.0 18.0 22.0
0 380.5 135.5 19.0 23.0
0 415.0 129.5 20.0 21.0
0 421.5 157.5 25.0 27.0
0 405.0 114.0 14.0 18.0
0 430.5 107.0 15.0 20.0
0 449.5 108.5 15.0 23.0
0 474.0 109.0 18.0 20.0
0 480.0 91.5 18.0 17.0
0 505.5 99.0 17.0 18.0
0 513.5 80.0 13.0 12.0
0 541.0 109.5 20.0 21.0
0 514.5 117.0 19.0 18.0
0 490.5 137.0 21.0 26.0
0 509.5 151.0 23.0 24.0
0 589.0 95.0 18.0 20.0
0 618.5 98.0 19.0 20.0
0 607.5 71.0 15.0 16.0
0 652.0 72.5 18.0 17.0
0 675.0 80.5 20.0 23.0
0 728.0 74.0 14.0 18.0
0 677.0 114.5 22.0 23.0
0 615.5 134.0 25.0 28.0
0 617.5 174.5 29.0 33.0
0 561.5 169.5 35.0 31.0
0 652.0 155.5 26.0 29.0
0 664.5 179.5 29.0 39.0
0 724.0 152.0 26.0 34.0
0 710.0 133.5 24.0 27.0
0 703.5 106.0 19.0 22.0
0 742.5 90.0 17.0 18.0
0 744.0 106.5 22.0 23.0
0 743.0 125.5 24.0 27.0
0 763.0 165.0 28.0 34.0
0 770.5 96.0 21.0 20.0
0 778.0 72.0 14.0 18.0
0 792.0 82.5 16.0 21.0
0 808.5 74.0 17.0 20.0
0 821.0 94.0 18.0 22.0
0 833.0 86.5 18.0 25.0
0 782.0 121.0 24.0 26.0
0 828.5 116.5 21.0 29.0
0 859.0 107.5 20.0 25.0
0 800.5 154.0 23.0 34.0
0 823.0 169.0 30.0 36.0
0 897.0 178.0 30.0 36.0
0 913.5 162.5 21.0 31.0
0 982.0 151.5 24.0 35.0
0 977.5 136.0 19.0 24.0
0 941.0 120.5 20.0 27.0
0 943.5 97.0 17.0 22.0
0 952.5 94.0 17.0 20.0
0 918.0 101.5 24.0 21.0
0 888.0 90.5 20.0 17.0
0 892.5 110.5 21.0 23.0
0 879.5 144.5 23.0 21.0
