0 83.5 327.0 55.0 60.0
0 224.0 176.0 28.0 24.0
0 260.0 162.0 22.0 32.0
0 308.5 140.0 25.0 24.0
0 352.5 142.5 23.0 27.0
0 359.0 121.0 20.0 26.0
0 382.5 134.5 23.0 25.0
0 405.0 125.0 18.0 28.0
0 435.0 151.5 22.0 29.0
0 468.0 139.5 16.0 27.0
0 429.0 112.5 24.0 25.0
0 460.0 111.0 22.0 26.0
0 513.5 188.0 31.0 28.0
0 557.5 145.5 23.0 31.0
0 513.0 112.5 16.0 19.0
0 499.0 97.5 14.0 17.0
0 545.5 94.5 15.0 21.0
0 579.5 122.0 19.0 26.0
0 631.5 133.5 21.0 27.0
0 580.0 92.5 20.0 25.0
0 619.0 100.0 22.0 28.0
0 657.5 79.0 13.0 16.0
0 667.0 94.0 16.0 22.0
0 689.5 116.5 17.0 25.0
0 746.0 115.5 18.0 23.0
0 790.5 105.5 17.0 15.0
0 729.5 91.0 19.0 22.0
0 694.0 76.5 18.0 23.0
0 717.5 69.0 15.0 20.0
0 757.0 73.0 16.0 20.0
0 780.0 87.0 14.0 18.0
0 792.0 73.5 16.0 23.0
0 827.0 92.0 16.0 22.0
0 837.5 77.0 15.0 18.0
0 859.5 88.0 15.0 22.0
0 660.5 214.5 25.0 33.0
0 717.0 222.5 30.0 37.0
0 726.5 169.5 25.0 35.0
0 787.0 156.5 22.0 29.0
0 798.5 237.0 31.0 30.0
0 873.5 235.5 31.0 37.0
0 965.0 261.5 32.0 49.0
0 1067.5 293.5 33.0 41.0
0 1069.0 253.0 26.0 34.0
0 1165.0 273.5 30.0 39.0
0 870.5 153.5 21.0 27.0
0 858.0 123.5 16.0 21.0
0 893.5 135.0 23.0 30.0
0 910.0 112.5 12.0 19.0
0 904.0 172.0 18.0 26.0
0 985.5 177.0 19.0 30.0
0 962.0 152.0 22.0 20.0
0 942.5 124.0 19.0 20.0
0 935.0 106.0 18.0 18.0
0 979.0 108.0 14.0 22.0
0 1004.5 124.0 15.0 24.0
0 988.0 132.5 18.0 25.0
0 1052.0 134.0 14.0 20.0
0 1038.0 198.5 22.0 29.0
0 1055.0 182.5 22.0 31.0
0 1081.0 162.5 20.0 25.0
0 1093.0 151.0 16.0 20.0
0 1100.0 137.0 18.0 24.0
0 1153.0 141.0 18.0 24.0
0 1135.5 162.0 17.0 18.0
0 1131.5 199.0 21.0 28.0
0 1150.5 224.0 27.0 38.0
0 1186.5 219.5 19.0 33.0
0 1179.5 188.5 17.0 27.0
0 1187.0 178.0 14.0 20.0
0 1193.0 150.5 16.0 27.0
