0 197.0 274.5 50.0 59.0
0 208.0 224.5 50.0 63.0
0 301.0 121.0 26.0 26.0
0 391.5 163.0 23.0 26.0
0 371.5 156.0 23.0 30.0
0 426.0 119.0 18.0 20.0
0 447.5 139.0 19.0 20.0
0 469.0 146.5 24.0 21.0
0 454.0 170.5 26.0 27.0
0 479.5 116.0 19.0 24.0
0 503.5 124.5 19.0 21.0
0 508.0 101.5 14.0 17.0
0 500.5 94.0 13.0 14.0
0 488.0 89.0 16.0 18.0
0 514.0 81.5 16.0 15.0
0 564.0 87.0 16.0 22.0
0 539.5 108.0 19.0 22.0
0 571.5 123.0 23.0 20.0
0 590.5 94.0 17.0 18.0
0 610.0 71.5 16.0 15.0
0 612.5 97.0 15.0 18.0
0 510.0 195.0 30.0 36.0
0 653.0 149.0 34.0 36.0
0 705.5 152.0 27.0 30.0
0 725.0 96.0 22.0 26.0
0 753.5 84.5 17.0 25.0
0 732.5 59.0 17.0 18.0
0 779.5 99.0 19.0 26.0
0 787.0 92.0 16.0 20.0
0 798.5 108.0 17.0 24.0
0 797.5 65.0 13.0 18.0
0 846.5 115.5 21.0 27.0
0 858.0 80.5 16.0 21.0
0 899.0 110.5 16.0 21.0
0 920.0 144.0 20.0 30.0
0 808.0 181.5 32.0 33.0
0 761.0 171.0 28.0 36.0
