0 211.0 213.0 46.0 50.0
0 312.0 144.0 22.0 26.0
0 320.5 124.0 19.0 20.0
0 340.0 140.0 20.0 26.0
0 359.0 149.0 20.0 26.0
0 381.0 144.0 20.0 26.0
0 386.0 122.5 18.0 19.0
0 365.0 112.0 16.0 20.0
0 355.5 104.5 15.0 17.0
0 413.5 160.5 27.0 27.0
0 429.5 121.5 17.0 23.0
0 429.0 109.0 22.0 22.0
0 428.0 86.5 16.0 19.0
0 457.0 105.0 20.0 26.0
0 464.5 129.0 17.0 22.0
0 490.0 131.5 26.0 25.0
0 479.0 84.0 12.0 18.0
0 487.5 88.5 13.0 17.0
0 501.5 105.0 17.0 18.0
0 500.0 77.0 12.0 14.0
0 513.0 75.0 12.0 14.0
0 517.5 93.0 15.0 16.0
0 528.0 84.5 16.0 15.0
0 545.0 77.5 14.0 17.0
0 536.5 103.5 19.0 19.0
0 552.5 95.5 17.0 19.0
0 572.5 106.0 19.0 22.0
0 574.5 94.5 17.0 19.0
0 560.5 84.5 15.0 17.0
0 570.5 72.0 15.0 14.0
0 593.0 72.0 14.0 18.0
0 600.0 69.5 12.0 13.0
0 613.5 78.0 15.0 18.0
0 603.5 101.5 19.0 23.0
0 637.5 86.5 17.0 15.0
0 634.0 66.0 16.0 18.0
0 653.0 69.5 16.0 17.0
0 668.0 63.0 16.0 16.0
0 672.5 81.5 17.0 17.0
0 699.5 60.5 15.0 15.0
0 707.5 70.5 15.0 17.0
0 739.0 63.0 14.0 14.0
0 508.5 166.5 31.0 37.0
0 566.0 192.0 34.0 34.0
0 604.0 143.0 22.0 30.0
0 653.5 142.5 21.0 27.0
0 617.0 200.0 32.0 36.0
0 700.0 150.5 26.0 33.0
0 707.0 109.0 20.0 24.0
0 722.5 96.0 17.0 20.0
0 738.5 106.0 19.0 24.0
0 746.5 90.5 15.0 19.0
0 775.0 77.0 16.0 18.0
0 766.0 109.0 18.0 26.0
0 783.5 108.0 17.0 18.0
0 759.0 136.0 22.0 24.0
0 758.0 170.5 26.0 29.0
0 711.0 182.0 30.0 34.0
0 770.0 226.5 32.0 43.0
0 844.5 230.5 37.0 41.0
0 808.0 178.5 28.0 37.0
0 792.5 136.5 25.0 27.0
0 823.0 131.5 18.0 23.0
0 844.0 146.5 22.0 31.0
0 822.0 93.0 14.0 18.0
0 817.0 81.0 14.0 16.0
0 895.0 148.5 20.0 27.0
0 915.0 131.5 18.0 25.0
0 943.0 197.5 22.0 33.0
0 950.0 165.5 22.0 27.0
0 953.0 131.0 18.0 24.0
0 904.5 234.5 41.0 47.0
0 857.5 207.0 25.0 28.0
