0 226.5 214.5 51.0 61.0
0 282.5 129.0 21.0 22.0
0 312.0 111.0 18.0 22.0
0 378.0 112.5 18.0 23.0
0 394.5 94.5 17.0 17.0
0 378.0 87.5 14.0 17.0
0 416.5 113.0 19.0 24.0
0 443.0 124.0 24.0 26.0
0 461.5 153.0 27.0 30.0
0 529.0 151.5 28.0 35.0
0 518.0 135.0 22.0 20.0
0 516.0 99.0 18.0 20.0
0 413.5 79.0 13.0 14.0
0 425.5 76.5 11.0 13.0
0 420.5 94.0 11.0 16.0
0 452.0 91.5 14.0 15.0
0 434.5 97.0 15.0 14.0
0 449.0 80.0 12.0 12.0
0 476.5 90.0 17.0 20.0
0 475.5 75.5 11.0 15.0
0 498.0 76.5 14.0 15.0
0 506.5 67.5 11.0 13.0
0 492.5 67.0 11.0 12.0
0 521.5 80.0 13.0 16.0
0 549.5 81.0 15.0 18.0
0 580.5 66.5 13.0 13.0
0 606.5 76.0 15.0 16.0
0 628.5 49.0 15.0 18.0
0 590.5 109.5 21.0 27.0
0 575.0 131.0 24.0 24.0
0 582.5 157.0 27.0 34.0
0 610.0 150.5 22.0 27.0
0 619.0 114.5 16.0 23.0
0 616.0 99.5 18.0 19.0
0 663.5 127.5 21.0 29.0
0 646.5 96.5 21.0 21.0
0 679.5 98.5 17.0 19.0
0 684.0 71.0 14.0 18.0
0 699.0 83.5 16.0 21.0
0 712.0 98.5 16.0 21.0
0 731.0 75.5 14.0 19.0
0 728.5 118.5 21.0 25.0
0 747.0 106.5 16.0 19.0
0 754.0 95.0 14.0 18.0
0 772.0 92.5 18.0 21.0
0 789.5 106.5 17.0 21.0
0 804.5 102.0 13.0 18.0
0 765.5 118.5 19.0 23.0
0 757.5 137.5 21.0 25.0
0 748.5 157.0 25.0 30.0
0 790.0 173.5 24.0 31.0
0 806.5 156.0 21.0 26.0
0 820.5 123.0 19.0 28.0
0 828.5 106.5 13.0 21.0
0 837.5 105.0 13.0 20.0
0 861.5 129.0 17.0 28.0
0 854.5 157.5 25.0 33.0
0 842.0 196.0 22.0 32.0
0 865.5 231.0 33.0 40.0
