0 135.0 381.5 46.0 55.0
0 255.5 235.5 23.0 25.0
0 297.5 239.0 27.0 30.0
0 321.5 255.0 25.0 32.0
0 328.0 211.0 22.0 24.0
0 384.0 249.0 28.0 32.0
0 409.0 225.0 22.0 26.0
0 407.0 205.5 20.0 23.0
0 477.0 229.5 26.0 27.0
0 517.0 232.5 28.0 29.0
0 492.0 201.5 18.0 17.0
0 472.0 204.0 24.0 24.0
0 452.5 181.0 21.0 22.0
0 495.5 179.5 19.0 19.0
0 546.5 183.5 19.0 21.0
0 554.0 211.0 24.0 24.0
0 589.5 223.5 29.0 31.0
0 544.5 166.5 19.0 23.0
0 599.0 182.5 20.0 25.0
0 611.0 189.5 18.0 25.0
0 633.5 202.5 21.0 27.0
0 637.5 175.0 19.0 24.0
0 654.0 156.0 16.0 20.0
0 670.0 152.0 16.0 18.0
0 677.5 153.5 13.0 15.0
0 686.0 161.0 18.0 18.0
0 683.5 182.0 21.0 24.0
0 712.0 171.0 20.0 20.0
0 707.5 153.5 17.0 17.0
0 706.0 141.5 18.0 15.0
0 741.0 148.5 16.0 19.0
0 754.0 153.0 16.0 18.0
0 758.0 169.5 16.0 19.0
0 795.5 159.0 21.0 20.0
0 811.5 155.5 19.0 23.0
0 794.5 143.5 17.0 19.0
0 793.0 192.5 26.0 29.0
0 750.5 210.0 23.0 28.0
0 709.5 227.0 29.0 28.0
0 709.5 260.0 33.0 38.0
0 632.0 248.0 30.0 34.0
0 645.5 285.5 41.0 41.0
0 558.5 280.5 41.0 45.0
0 701.5 314.5 41.0 49.0
0 751.5 323.5 41.0 55.0
0 768.0 255.5 36.0 41.0
0 815.0 247.5 28.0 37.0
0 856.0 277.5 40.0 45.0
0 835.5 364.0 45.0 58.0
0 970.0 354.5 44.0 49.0
0 934.0 297.5 34.0 45.0
0 968.5 249.0 31.0 34.0
0 1022.5 270.0 39.0 42.0
0 1100.5 320.5 35.0 47.0
0 824.0 207.0 22.0 30.0
0 836.0 206.5 20.0 21.0
0 836.0 172.5 20.0 23.0
0 866.5 173.5 21.0 25.0
0 885.0 166.0 16.0 22.0
0 917.0 180.0 16.0 20.0
0 928.5 163.5 19.0 21.0
0 925.5 195.0 23.0 24.0
0 968.5 205.0 21.0 26.0
0 1006.0 222.5 22.0 27.0
0 1037.5 231.5 23.0 31.0
0 1057.5 220.5 19.0 25.0
0 1090.5 227.5 21.0 25.0
0 1114.0 247.5 26.0 35.0
0 1113.0 211.5 18.0 27.0
0 1119.5 190.5 15.0 21.0
0 1074.0 196.5 18.0 27.0
0 1087.5 209.5 19.0 21.0
0 1048.0 176.0 16.0 24.0
0 1022.5 188.5 21.0 23.0
0 1007.0 189.0 20.0 22.0
0 1002.0 174.0 18.0 20.0
0 962.0 167.5 22.0 25.0
