0 254.0 284.5 50.0 57.0
0 339.5 192.5 21.0 25.0
0 370.5 177.5 19.0 25.0
0 393.0 156.5 16.0 23.0
0 421.5 153.5 23.0 23.0
0 410.5 198.0 27.0 30.0
0 495.5 176.5 25.0 29.0
0 527.0 183.0 26.0 28.0
0 495.0 132.5 18.0 23.0
0 508.0 124.5 18.0 23.0
0 538.5 114.5 23.0 29.0
0 541.0 138.5 24.0 29.0
0 562.5 111.5 17.0 23.0
0 589.5 111.0 19.0 26.0
0 562.0 162.0 24.0 24.0
0 621.0 90.0 16.0 20.0
0 629.5 133.5 17.0 23.0
0 606.0 148.0 28.0 30.0
0 644.0 91.0 14.0 16.0
0 697.5 108.5 23.0 21.0
0 734.5 103.0 23.0 26.0
0 748.0 73.5 20.0 21.0
0 820.5 77.0 17.0 20.0
0 790.5 90.5 23.0 17.0
0 678.0 134.5 28.0 27.0
0 618.5 215.0 27.0 28.0
0 678.0 215.5 34.0 33.0
0 722.0 172.5 22.0 27.0
0 785.0 143.0 32.0 32.0
0 839.5 82.5 17.0 21.0
0 820.5 117.5 23.0 25.0
0 821.0 146.5 28.0 33.0
0 798.0 177.5 30.0 35.0
0 828.5 186.5 29.0 31.0
0 865.0 220.0 36.0 42.0
0 865.0 114.5 18.0 19.0
0 872.5 138.0 27.0 22.0
0 901.0 110.0 20.0 28.0
0 945.0 103.0 22.0 28.0
0 963.0 90.0 26.0 24.0
0 940.5 129.5 25.0 23.0
0 895.5 151.0 21.0 30.0
0 896.0 203.0 26.0 36.0
0 942.5 155.0 25.0 26.0
0 975.0 245.0 34.0 46.0
0 1000.5 100.0 17.0 22.0
0 986.5 120.0 15.0 26.0
0 982.5 152.0 31.0 32.0
0 1024.0 159.5 28.0 37.0
0 1005.5 189.5 27.0 35.0
0 1010.5 124.0 19.0 22.0
0 1048.0 96.0 16.0 24.0
0 1094.5 103.0 17.0 24.0
0 1115.5 136.0 17.0 24.0
0 1055.0 138.5 22.0 25.0
0 1082.5 180.5 27.0 41.0
0 1063.5 228.0 27.0 28.0
0 1151.0 185.0 26.0 38.0
0 1109.0 166.5 26.0 35.0
0 733.0 124.0 26.0 24.0
0 796.5 102.5 19.0 23.0
