0 187.0 295.5 36.0 37.0
0 267.0 158.0 14.0 16.0
0 290.5 167.0 17.0 18.0
0 345.0 168.0 16.0 18.0
0 385.0 153.0 18.0 20.0
0 410.0 156.0 16.0 20.0
0 422.0 180.5 20.0 27.0
0 331.0 140.5 12.0 11.0
0 339.5 146.5 11.0 13.0
0 355.5 137.5 15.0 17.0
0 370.0 141.5 14.0 19.0
0 420.5 132.5 13.0 19.0
0 464.0 140.0 20.0 22.0
0 412.0 120.0 12.0 16.0
0 507.5 151.0 17.0 18.0
0 473.5 117.0 13.0 14.0
0 452.5 117.5 15.0 17.0
0 432.0 113.5 12.0 17.0
0 477.0 99.0 12.0 12.0
0 469.5 105.5 11.0 13.0
0 525.0 129.0 14.0 14.0
0 504.0 119.0 12.0 16.0
0 522.0 114.5 12.0 13.0
0 518.5 100.0 11.0 14.0
0 519.0 81.5 14.0 15.0
0 556.5 130.0 19.0 18.0
0 567.0 105.0 16.0 20.0
0 606.5 103.0 19.0 20.0
0 596.0 92.0 12.0 14.0
0 597.5 77.5 13.0 17.0
0 634.0 90.0 10.0 14.0
0 636.5 75.0 9.0 14.0
0 647.0 85.5 8.0 13.0
0 655.0 74.5 8.0 15.0
0 673.5 87.0 15.0 16.0
0 678.0 74.5 14.0 15.0
0 718.5 73.5 11.0 15.0
0 658.5 93.0 13.0 14.0
0 642.5 124.5 17.0 21.0
0 614.0 135.0 22.0 26.0
0 585.5 187.0 23.0 26.0
0 560.5 177.5 21.0 27.0
0 664.5 149.5 21.0 29.0
0 641.5 208.5 31.0 31.0
0 703.0 134.5 16.0 23.0
0 690.0 115.5 14.0 17.0
0 723.0 149.0 20.0 26.0
0 747.5 144.0 19.0 26.0
0 735.0 117.0 18.0 20.0
0 741.0 92.0 10.0 14.0
0 765.5 174.0 23.0 24.0
0 811.5 138.5 17.0 27.0
0 781.0 124.0 18.0 20.0
0 752.5 88.0 13.0 18.0
0 785.0 101.0 14.0 20.0
0 788.5 87.5 15.0 17.0
0 815.0 84.0 12.0 16.0
0 803.0 79.0 12.0 18.0
0 809.0 102.5 14.0 19.0
0 836.5 98.5 13.0 17.0
0 851.0 97.0 14.0 18.0
0 821.0 126.0 16.0 22.0
0 821.0 188.5 28.0 33.0
0 898.0 193.5 30.0 37.0
0 912.5 144.0 23.0 26.0
0 899.5 117.5 15.0 15.0
0 909.0 104.5 12.0 17.0
0 888.5 96.5 15.0 15.0
0 946.5 109.0 15.0 20.0
0 951.0 95.0 10.0 14.0
0 975.0 164.5 20.0 29.0
0 971.0 142.0 16.0 20.0
0 936.0 124.5 14.0 15.0
