0 24.5 291.5 27.0 33.0
0 290.5 236.5 17.0 23.0
0 327.0 241.0 22.0 28.0
0 357.0 211.5 18.0 21.0
0 359.5 254.0 25.0 28.0
0 422.0 254.5 24.0 29.0
0 443.0 202.0 18.0 20.0
0 462.0 225.5 18.0 21.0
0 469.0 242.5 18.0 21.0
0 481.5 180.0 17.0 18.0
0 497.5 192.0 17.0 18.0
0 506.0 205.5 18.0 21.0
0 510.0 236.5 24.0 25.0
0 532.5 197.0 15.0 16.0
0 526.5 183.0 13.0 12.0
0 549.0 212.5 24.0 21.0
0 551.0 237.0 26.0 24.0
0 567.0 168.5 16.0 17.0
0 580.0 164.0 14.0 12.0
0 594.0 209.0 18.0 18.0
0 616.0 184.5 16.0 19.0
0 641.0 172.5 16.0 13.0
0 635.5 195.0 17.0 16.0
0 685.5 199.0 21.0 20.0
0 657.5 185.5 17.0 15.0
0 695.5 179.0 19.0 18.0
0 706.0 166.0 16.0 16.0
0 702.5 154.5 15.0 13.0
0 681.0 156.5 14.0 15.0
0 744.5 153.5 15.0 17.0
0 754.0 141.0 14.0 14.0
0 772.0 151.0 16.0 14.0
0 808.0 152.5 14.0 15.0
0 825.0 157.0 14.0 20.0
0 841.5 157.5 15.0 17.0
0 829.0 184.5 20.0 25.0
0 793.0 170.5 18.0 19.0
0 747.0 176.0 16.0 18.0
0 740.5 228.5 31.0 27.0
0 621.0 272.0 30.0 34.0
0 667.0 278.5 28.0 33.0
0 662.5 258.5 27.0 29.0
0 641.0 224.0 20.0 20.0
0 752.0 301.0 30.0 34.0
0 746.0 264.0 36.0 28.0
0 814.5 256.0 29.0 32.0
0 800.5 233.5 25.0 21.0
0 782.0 216.0 22.0 18.0
0 824.5 312.0 39.0 44.0
0 862.5 339.5 47.0 49.0
0 899.0 274.0 26.0 32.0
0 846.0 239.0 22.0 26.0
0 967.5 280.5 31.0 33.0
0 863.5 182.5 15.0 19.0
0 882.0 192.5 20.0 23.0
0 905.0 172.5 16.0 19.0
0 913.0 155.0 16.0 18.0
0 917.0 188.5 14.0 19.0
0 942.0 196.0 16.0 28.0
0 951.0 181.5 18.0 21.0
0 959.0 160.0 16.0 20.0
0 993.5 171.0 15.0 20.0
0 1002.0 211.0 18.0 24.0
0 992.5 237.0 19.0 22.0
0 993.0 261.5 22.0 25.0
0 1024.0 353.0 36.0 44.0
0 1034.5 319.0 29.0 34.0
0 1110.0 322.0 32.0 40.0
0 1052.0 289.0 22.0 24.0
0 1125.5 275.5 25.0 31.0
0 1059.0 242.0 24.0 28.0
0 1070.5 219.0 19.0 22.0
0 1136.0 248.0 22.0 22.0
0 1128.0 215.5 16.0 17.0
0 1143.0 209.0 12.0 18.0
0 1146.5 196.0 13.0 16.0
0 1091.5 200.0 17.0 22.0
0 1048.0 198.0 16.0 22.0
0 1055.0 182.5 14.0 17.0
0 1071.5 172.5 15.0 17.0
0 1032.0 179.0 14.0 18.0
