0 210.0 270.5 52.0 59.0
0 268.0 250.5 46.0 53.0
0 250.0 144.0 18.0 22.0
0 369.0 160.0 20.0 26.0
0 388.0 157.0 18.0 26.0
0 443.0 135.5 20.0 21.0
0 467.0 137.5 18.0 21.0
0 475.5 110.0 15.0 18.0
0 501.0 115.5 20.0 25.0
0 485.0 90.5 12.0 11.0
0 495.0 87.0 10.0 10.0
0 513.0 77.0 12.0 12.0
0 550.0 43.5 12.0 13.0
0 587.0 89.5 16.0 15.0
0 615.0 87.5 16.0 17.0
0 518.5 176.0 27.0 30.0
0 454.0 168.5 24.0 31.0
0 569.0 118.0 30.0 26.0
0 779.5 35.0 9.0 16.0
0 719.5 94.0 19.0 22.0
0 696.0 147.0 20.0 28.0
0 752.5 168.5 29.0 35.0
0 752.0 85.0 16.0 16.0
0 777.0 95.0 14.0 16.0
0 781.5 86.0 17.0 20.0
0 795.0 102.0 14.0 18.0
0 800.5 178.5 29.0 33.0
0 841.0 112.5 18.0 23.0
0 855.0 73.5 12.0 15.0
0 968.0 51.0 10.0 14.0
0 919.5 135.5 17.0 31.0
0 549.0 97.5 20.0 19.0
