0 71.0 195.5 16.0 21.0
0 112.0 184.0 22.0 24.0
0 166.5 165.5 31.0 31.0
0 255.0 139.0 32.0 32.0
0 208.0 285.5 50.0 59.0
0 365.0 154.0 18.0 24.0
0 385.0 155.0 24.0 26.0
0 444.5 128.0 23.0 24.0
0 471.5 142.5 21.0 25.0
0 452.0 162.0 32.0 28.0
0 505.0 189.5 36.0 33.0
0 593.0 174.5 36.0 37.0
0 564.0 116.0 22.0 20.0
0 522.5 110.0 25.0 22.0
0 483.0 86.5 16.0 19.0
0 482.5 112.0 19.0 20.0
0 468.0 106.5 20.0 17.0
0 658.0 75.0 20.0 22.0
0 732.0 80.0 20.0 26.0
0 759.5 97.0 21.0 26.0
0 760.5 80.0 15.0 20.0
0 785.5 58.5 21.0 25.0
0 847.0 98.0 22.0 26.0
0 859.0 52.0 18.0 22.0
0 927.5 125.0 23.0 28.0
0 1010.5 70.0 21.0 22.0
