0 297.0 152.5 16.0 21.0
0 316.0 163.5 24.0 27.0
0 321.5 144.5 19.0 21.0
0 389.0 155.0 24.0 26.0
0 414.0 162.5 18.0 25.0
0 390.5 119.0 17.0 20.0
0 427.0 118.5 18.0 19.0
0 437.0 104.0 14.0 16.0
0 471.5 134.0 19.0 22.0
0 500.0 120.0 28.0 30.0
0 476.0 112.0 18.0 20.0
0 481.5 91.5 13.0 19.0
0 495.0 95.0 16.0 18.0
0 499.0 86.0 10.0 12.0
0 521.0 99.5 14.0 17.0
0 519.5 118.5 19.0 23.0
0 544.0 75.5 12.0 15.0
0 551.0 91.0 14.0 20.0
0 562.0 97.5 14.0 17.0
0 556.5 116.5 21.0 25.0
0 575.5 109.5 13.0 17.0
0 591.0 112.5 16.0 19.0
0 573.0 80.5 16.0 17.0
0 603.0 79.0 14.0 16.0
0 595.5 67.5 13.0 17.0
0 624.5 82.5 15.0 19.0
0 633.0 77.5 16.0 17.0
0 636.5 61.5 11.0 19.0
0 653.5 62.5 11.0 15.0
0 658.5 80.0 13.0 20.0
0 645.5 93.0 17.0 18.0
0 686.5 81.0 15.0 14.0
0 676.5 72.5 13.0 13.0
0 684.0 60.0 14.0 16.0
0 718.0 64.0 14.0 16.0
0 745.0 59.5 14.0 17.0
0 524.5 191.5 27.0 33.0
0 599.5 191.0 31.0 36.0
0 609.0 150.0 28.0 28.0
0 649.5 158.0 25.0 32.0
0 675.0 123.0 24.0 24.0
0 663.0 201.0 36.0 36.0
0 715.0 200.0 34.0 40.0
0 721.0 122.5 26.0 27.0
0 703.5 102.0 23.0 24.0
0 729.0 96.0 20.0 20.0
0 741.0 115.5 22.0 23.0
0 770.0 104.0 18.0 22.0
0 781.5 115.5 21.0 27.0
0 776.0 151.5 28.0 33.0
0 802.5 131.5 27.0 29.0
0 834.5 121.0 21.0 28.0
0 810.5 86.0 15.0 22.0
0 818.0 77.5 16.0 19.0
0 789.5 68.0 17.0 22.0
0 833.5 93.5 19.0 25.0
0 857.0 92.5 20.0 25.0
0 889.0 124.5 22.0 25.0
0 866.0 144.0 28.0 30.0
0 850.5 164.0 31.0 36.0
0 814.5 205.0 39.0 46.0
0 856.5 240.0 43.0 46.0
0 894.0 195.0 28.0 38.0
0 890.0 84.0 14.0 18.0
0 894.0 75.5 16.0 19.0
0 915.0 85.5 16.0 17.0
0 912.5 104.5 17.0 21.0
0 931.0 128.0 22.0 26.0
0 926.0 155.0 20.0 26.0
0 960.5 228.5 39.0 51.0
0 966.5 180.0 31.0 42.0
0 977.5 159.0 21.0 26.0
0 988.0 143.0 18.0 22.0
0 986.0 126.5 12.0 17.0
0 948.0 103.5 18.0 23.0
0 954.5 85.5 19.0 19.0
0 943.0 80.5 14.0 17.0
0 990.5 96.0 13.0 20.0
