0 258.5 353.5 47.0 53.0
0 424.5 162.0 31.0 30.0
0 439.5 184.5 31.0 37.0
0 493.0 192.5 28.0 31.0
0 461.5 171.0 27.0 24.0
0 494.5 169.0 25.0 28.0
0 512.0 146.5 22.0 27.0
0 548.0 160.0 26.0 28.0
0 585.0 170.0 34.0 36.0
0 637.5 133.5 27.0 33.0
0 564.0 126.0 20.0 22.0
0 548.5 123.5 17.0 23.0
0 570.5 111.0 21.0 24.0
0 584.5 105.0 21.0 18.0
0 636.0 91.5 16.0 17.0
0 653.0 106.5 16.0 21.0
0 664.5 97.5 15.0 17.0
0 683.0 116.5 22.0 29.0
0 695.5 101.0 19.0 20.0
0 708.5 92.5 17.0 21.0
0 726.0 117.0 22.0 26.0
0 733.0 93.0 20.0 18.0
0 743.0 82.0 18.0 18.0
0 765.0 106.5 24.0 29.0
0 766.0 85.5 20.0 19.0
0 790.5 80.5 21.0 21.0
0 802.0 69.5 18.0 23.0
0 813.0 80.5 18.0 21.0
0 811.5 99.5 17.0 21.0
0 834.5 87.5 19.0 21.0
0 869.5 77.5 21.0 23.0
0 683.0 220.5 32.0 45.0
0 703.0 182.0 32.0 30.0
0 759.5 156.5 33.0 33.0
0 761.5 186.0 37.0 42.0
0 791.0 225.0 40.0 48.0
0 811.5 194.0 35.0 38.0
0 824.0 163.0 34.0 38.0
0 851.5 139.0 31.0 32.0
0 889.0 159.0 30.0 36.0
0 898.0 124.5 26.0 31.0
0 920.0 135.5 32.0 35.0
0 943.0 125.0 26.0 32.0
0 944.0 100.5 22.0 23.0
0 970.5 75.5 19.0 25.0
0 988.0 109.5 22.0 27.0
0 982.5 142.5 19.0 25.0
0 969.5 167.0 33.0 30.0
0 965.5 206.0 35.0 40.0
0 1004.0 285.5 48.0 59.0
0 1113.5 302.5 45.0 53.0
0 1087.0 229.5 40.0 51.0
0 1136.5 249.0 45.0 46.0
0 1134.5 199.5 33.0 39.0
0 1159.5 178.5 27.0 41.0
0 1089.5 183.5 31.0 31.0
0 1025.0 171.0 26.0 34.0
0 1035.5 157.0 29.0 32.0
0 1021.0 118.5 20.0 27.0
0 1002.5 136.5 23.0 29.0
0 1018.5 87.5 23.0 27.0
0 1059.0 93.0 20.0 22.0
0 1085.5 102.0 17.0 20.0
0 1073.0 124.0 20.0 22.0
0 1057.5 139.0 23.0 30.0
0 1093.0 159.0 20.0 22.0
0 1120.5 130.0 19.0 30.0
0 1129.0 102.5 26.0 27.0
