0 85.5 246.5 43.0 49.0
0 278.0 155.0 16.0 18.0
0 300.0 155.5 18.0 21.0
0 315.0 154.5 22.0 23.0
0 347.0 128.5 18.0 19.0
0 371.0 129.0 20.0 18.0
0 356.5 149.0 19.0 22.0
0 362.5 170.0 25.0 22.0
0 397.0 125.0 16.0 18.0
0 413.5 115.5 17.0 15.0
0 415.0 134.0 22.0 20.0
0 437.0 139.5 22.0 23.0
0 433.0 170.5 24.0 33.0
0 436.0 103.5 14.0 15.0
0 454.0 109.0 18.0 16.0
0 477.5 112.0 19.0 20.0
0 471.0 136.5 20.0 23.0
0 497.5 146.5 23.0 21.0
0 483.0 87.5 16.0 17.0
0 492.0 102.0 16.0 18.0
0 513.5 110.5 17.0 19.0
0 514.5 96.0 19.0 20.0
0 508.5 88.0 17.0 18.0
0 521.0 79.0 14.0 14.0
0 533.5 88.0 17.0 20.0
0 561.0 91.5 18.0 19.0
0 572.0 77.5 16.0 17.0
0 595.5 67.0 13.0 14.0
0 602.0 86.0 22.0 20.0
0 579.5 100.5 23.0 21.0
0 540.5 120.5 21.0 25.0
0 565.5 131.0 25.0 24.0
0 624.5 77.5 15.0 19.0
0 623.0 94.0 22.0 24.0
0 635.5 59.0 15.0 16.0
0 653.5 66.0 11.0 16.0
0 657.0 86.5 22.0 25.0
0 668.0 57.0 10.0 16.0
0 683.5 61.0 11.0 18.0
0 692.0 64.5 12.0 15.0
0 716.5 70.5 13.0 15.0
0 740.0 55.5 14.0 19.0
0 785.5 70.5 15.0 19.0
0 803.5 61.5 13.0 15.0
0 835.5 66.0 13.0 18.0
0 823.0 75.0 14.0 18.0
0 853.5 78.5 13.0 19.0
0 867.5 73.0 11.0 16.0
0 888.0 80.5 16.0 19.0
0 929.5 73.0 15.0 22.0
0 954.0 74.5 14.0 19.0
0 990.5 89.5 13.0 17.0
0 754.5 85.5 15.0 17.0
0 731.5 89.5 17.0 19.0
0 794.0 83.5 18.0 17.0
0 746.5 105.0 17.0 18.0
0 703.0 109.0 18.0 24.0
0 654.0 122.0 20.0 20.0
0 594.5 146.0 25.0 20.0
0 516.0 184.5 28.0 31.0
0 601.0 174.0 26.0 28.0
0 640.5 198.0 29.0 32.0
0 724.5 207.5 31.0 35.0
0 652.0 164.5 30.0 25.0
0 714.5 151.0 31.0 30.0
0 857.0 101.0 20.0 28.0
0 868.5 96.0 19.0 20.0
0 907.5 102.5 17.0 17.0
0 927.0 94.5 14.0 17.0
0 985.5 113.5 21.0 23.0
0 959.0 107.5 22.0 19.0
0 944.0 118.5 18.0 19.0
0 927.5 135.0 23.0 26.0
0 985.0 168.0 26.0 32.0
0 808.0 105.5 20.0 17.0
0 768.0 100.0 20.0 18.0
0 787.5 122.5 23.0 21.0
0 812.0 136.5 26.0 31.0
0 756.5 130.5 25.0 31.0
0 757.0 177.0 34.0 26.0
0 833.5 173.5 25.0 33.0
