0 195.5 195.0 39.0 44.0
0 283.0 116.5 16.0 19.0
0 319.5 119.5 19.0 19.0
0 331.0 109.5 18.0 17.0
0 335.0 98.0 16.0 14.0
0 344.5 122.0 17.0 18.0
0 367.5 132.5 21.0 21.0
0 366.0 121.0 18.0 18.0
0 377.5 103.0 17.0 18.0
0 396.0 110.0 16.0 20.0
0 401.0 103.0 16.0 20.0
0 400.0 87.5 16.0 19.0
0 427.5 90.0 17.0 20.0
0 423.0 124.5 20.0 25.0
0 428.5 116.0 19.0 22.0
0 466.5 117.5 21.0 21.0
0 465.5 93.0 13.0 16.0
0 454.5 81.5 13.0 15.0
0 439.0 78.0 14.0 16.0
0 451.5 71.0 11.0 14.0
0 474.5 72.5 9.0 11.0
0 475.0 84.5 16.0 17.0
0 503.0 93.5 14.0 21.0
0 515.5 102.0 15.0 20.0
0 484.5 64.0 13.0 16.0
0 505.5 68.5 11.0 15.0
0 521.5 77.5 15.0 17.0
0 534.5 86.5 15.0 21.0
0 527.0 69.0 12.0 14.0
0 564.0 93.5 20.0 19.0
0 560.0 64.0 12.0 16.0
0 571.5 59.0 9.0 16.0
0 582.0 64.5 12.0 15.0
0 592.5 59.5 11.0 13.0
0 603.5 60.5 11.0 15.0
0 594.5 80.5 15.0 17.0
0 551.0 132.0 24.0 28.0
0 561.0 149.5 26.0 31.0
0 474.5 154.0 27.0 34.0
0 588.5 174.0 31.0 34.0
0 609.0 118.5 20.0 25.0
0 621.5 122.5 21.0 29.0
0 624.0 69.5 14.0 17.0
0 641.0 54.5 12.0 15.0
0 642.0 75.5 16.0 17.0
0 658.5 69.5 15.0 15.0
0 666.0 54.5 10.0 15.0
0 689.0 61.0 16.0 16.0
0 672.0 81.5 16.0 17.0
0 649.0 97.5 16.0 21.0
0 657.0 132.0 24.0 30.0
0 667.5 162.5 29.0 33.0
0 698.5 161.0 23.0 30.0
0 722.0 203.0 34.0 40.0
0 712.5 123.5 23.0 25.0
0 693.0 95.0 20.0 22.0
0 721.0 90.0 20.0 20.0
0 729.5 97.0 19.0 24.0
0 726.0 68.0 14.0 14.0
0 750.5 75.5 15.0 19.0
0 772.0 92.5 14.0 19.0
0 770.0 120.5 20.0 23.0
0 743.0 133.0 20.0 26.0
0 769.5 155.5 25.0 29.0
0 789.0 136.0 24.0 28.0
0 803.0 168.5 24.0 41.0
0 786.5 211.0 33.0 38.0
0 866.5 236.5 39.0 47.0
0 885.5 181.5 31.0 35.0
0 888.0 157.5 22.0 25.0
0 893.5 121.5 17.0 23.0
0 851.5 122.5 23.0 25.0
0 838.5 150.0 21.0 28.0
