0 389.5 183.0 21.0 26.0
0 421.0 158.0 16.0 20.0
0 435.0 159.0 20.0 24.0
0 440.5 194.0 21.0 24.0
0 475.0 143.5 18.0 23.0
0 492.5 142.0 21.0 24.0
0 519.5 160.0 25.0 26.0
0 508.5 207.0 27.0 26.0
0 608.0 154.5 26.0 29.0
0 579.0 116.5 20.0 21.0
0 644.0 108.0 16.0 18.0
0 675.5 116.5 21.0 21.0
0 651.5 138.0 21.0 24.0
0 625.5 206.5 27.0 29.0
0 706.0 216.5 34.0 37.0
0 721.0 161.5 26.0 31.0
0 754.0 174.0 28.0 30.0
0 716.5 118.5 19.0 19.0
0 731.0 110.0 18.0 18.0
0 708.0 101.5 18.0 21.0
0 761.5 73.5 17.0 19.0
0 810.0 125.0 24.0 28.0
0 852.0 110.0 20.0 22.0
0 823.5 152.0 23.0 26.0
0 811.0 189.0 28.0 36.0
0 815.0 251.5 38.0 45.0
0 891.0 191.0 30.0 36.0
0 950.0 260.5 32.0 39.0
0 1063.0 204.5 30.0 33.0
0 971.5 212.5 27.0 33.0
0 1014.5 169.0 25.0 34.0
0 941.5 158.5 25.0 27.0
0 885.0 158.5 22.0 27.0
0 909.5 135.0 23.0 24.0
0 952.0 129.5 18.0 23.0
0 964.5 144.5 25.0 31.0
0 966.5 93.5 17.0 21.0
0 1007.0 94.0 18.0 22.0
0 1072.0 107.5 18.0 27.0
0 1055.0 135.0 22.0 28.0
0 1111.5 137.0 19.0 30.0
0 1142.5 185.0 27.0 38.0
0 1072.5 179.5 25.0 27.0
0 1091.5 173.5 19.0 19.0
0 1029.0 159.5 22.0 25.0
0 1025.0 134.0 22.0 22.0
0 57.0 215.5 10.0 13.0
