0 145.0 388.0 48.0 52.0
0 992.0 361.0 34.0 52.0
0 855.0 364.0 48.0 52.0
0 656.0 298.5 26.0 31.0
0 715.5 323.5 39.0 45.0
0 772.5 335.5 45.0 55.0
0 1136.0 198.0 18.0 22.0
0 1064.5 185.5 15.0 23.0
0 1018.5 183.0 19.0 18.0
0 979.5 176.0 15.0 22.0
0 945.5 171.5 19.0 21.0
0 901.5 169.5 17.0 21.0
0 815.5 152.5 13.0 17.0
0 725.0 150.0 12.0 18.0
0 670.5 163.5 13.0 23.0
0 687.0 161.0 16.0 18.0
0 760.5 154.0 15.0 18.0
0 771.5 163.0 21.0 20.0
0 852.5 181.0 23.0 22.0
0 885.0 182.0 16.0 24.0
0 775.0 185.5 20.0 21.0
0 704.5 171.0 17.0 18.0
0 947.5 206.5 19.0 29.0
0 985.0 217.5 26.0 27.0
0 1021.0 229.5 18.0 29.0
0 1053.5 242.0 15.0 28.0
0 1044.5 195.0 17.0 18.0
0 1081.5 200.5 21.0 27.0
0 1073.0 229.5 22.0 31.0
0 1106.0 237.5 20.0 21.0
0 1129.0 224.0 18.0 22.0
0 1105.0 216.5 24.0 25.0
0 1128.0 257.0 22.0 26.0
0 840.5 214.5 25.0 27.0
0 808.0 211.5 18.0 25.0
0 769.5 217.0 33.0 26.0
0 703.0 197.0 20.0 20.0
0 732.5 179.5 17.0 19.0
0 613.0 188.5 14.0 17.0
0 562.0 174.0 24.0 18.0
0 658.0 180.5 22.0 23.0
0 657.0 205.5 22.0 23.0
0 472.5 187.0 17.0 24.0
0 514.0 188.5 18.0 17.0
0 557.0 201.0 22.0 18.0
0 572.0 222.5 28.0 19.0
0 614.0 231.5 24.0 21.0
0 425.0 212.0 26.0 18.0
0 342.5 222.0 23.0 18.0
0 273.0 241.5 22.0 21.0
0 314.5 246.5 23.0 29.0
0 401.0 253.5 32.0 39.0
0 490.0 239.5 26.0 33.0
0 531.5 241.0 23.0 28.0
0 654.0 258.5 26.0 29.0
0 577.5 290.0 31.0 34.0
0 722.0 272.5 32.0 35.0
0 724.0 237.0 28.0 24.0
0 785.5 266.0 33.0 28.0
0 832.0 263.5 24.0 25.0
0 875.0 286.0 34.0 34.0
0 951.0 306.5 36.0 43.0
0 982.5 258.5 35.0 33.0
0 1038.5 280.5 33.0 45.0
0 1116.0 330.5 36.0 43.0
0 488.5 218.0 29.0 30.0
0 507.5 214.0 25.0 28.0
0 632.0 202.5 30.0 33.0
0 815.0 168.5 20.0 21.0
0 424.0 239.5 20.0 29.0
0 629.0 183.0 20.0 22.0
