0 154.0 355.5 58.0 69.0
0 271.0 242.0 26.0 28.0
0 351.5 209.0 23.0 20.0
0 329.5 234.0 31.0 26.0
0 443.0 203.5 22.0 23.0
0 479.0 177.0 24.0 24.0
0 503.0 182.0 24.0 24.0
0 357.0 250.0 26.0 32.0
0 413.0 261.0 30.0 28.0
0 437.5 231.0 25.0 30.0
0 469.0 233.0 24.0 22.0
0 498.5 204.0 29.0 28.0
0 500.0 238.0 32.0 28.0
0 535.5 213.5 27.0 29.0
0 547.0 178.0 24.0 26.0
0 579.0 163.0 18.0 26.0
0 570.5 188.0 29.0 24.0
0 566.5 228.0 27.0 30.0
0 623.0 225.5 28.0 31.0
0 616.0 182.5 14.0 29.0
0 636.5 169.0 17.0 20.0
0 653.0 187.5 26.0 37.0
0 673.5 172.0 27.0 26.0
0 683.0 149.5 16.0 15.0
0 750.5 138.0 19.0 24.0
0 708.5 198.0 33.0 28.0
0 719.5 175.0 31.0 24.0
0 768.0 149.5 16.0 25.0
0 788.0 172.5 30.0 25.0
0 811.0 148.5 22.0 23.0
0 825.5 158.0 17.0 22.0
0 841.0 158.5 26.0 31.0
0 827.0 186.5 30.0 29.0
0 861.0 170.5 22.0 23.0
0 614.0 264.0 34.0 38.0
0 655.5 245.0 35.0 40.0
0 738.5 226.5 31.0 33.0
0 779.5 203.0 29.0 36.0
0 666.5 283.0 37.0 34.0
0 722.5 307.0 39.0 50.0
0 797.0 237.0 26.0 26.0
0 832.5 228.0 29.0 26.0
0 813.0 261.0 32.0 30.0
0 787.5 327.0 51.0 54.0
0 854.5 245.0 23.0 30.0
0 885.0 202.5 26.0 25.0
0 902.5 181.0 21.0 30.0
0 922.5 155.0 19.0 22.0
0 954.0 165.5 20.0 19.0
0 948.5 198.5 21.0 23.0
0 933.0 181.0 20.0 20.0
0 905.0 271.5 30.0 37.0
0 866.5 346.0 49.0 56.0
0 938.5 296.0 35.0 40.0
0 999.0 211.5 22.0 25.0
0 1005.5 189.5 21.0 23.0
0 994.0 254.0 30.0 34.0
0 1009.5 354.0 37.0 44.0
0 1023.5 305.0 31.0 40.0
0 1065.5 177.5 19.0 25.0
0 1047.0 191.0 30.0 26.0
0 1029.5 217.5 21.0 33.0
0 1046.0 216.0 22.0 26.0
0 1077.5 225.0 25.0 26.0
0 1094.0 199.0 24.0 28.0
0 1053.5 257.5 25.0 33.0
0 1073.5 260.0 29.0 32.0
0 1103.0 271.5 26.0 25.0
0 1112.5 326.5 35.0 33.0
0 1144.5 186.0 19.0 26.0
0 1121.0 222.5 20.0 23.0
0 1144.0 256.0 30.0 38.0
0 1148.5 221.5 27.0 25.0
0 1025.0 187.0 20.0 24.0
0 1007.5 230.5 27.0 33.0
0 739.5 160.0 27.0 30.0
0 703.5 150.0 17.0 18.0
