0 90.5 132.5 13.0 17.0
0 115.5 145.0 17.0 16.0
0 148.5 132.5 17.0 17.0
0 163.5 198.5 31.0 41.0
0 191.0 185.0 28.0 38.0
0 284.0 125.5 14.0 15.0
0 347.0 119.0 16.0 14.0
0 351.0 137.5 18.0 19.0
0 386.5 102.0 29.0 32.0
0 400.0 110.0 16.0 18.0
0 416.0 153.0 20.0 24.0
0 430.5 80.5 13.0 13.0
0 435.0 102.5 14.0 17.0
0 447.5 122.0 19.0 24.0
0 477.5 106.0 21.0 18.0
0 505.5 127.5 23.0 23.0
0 479.0 74.0 12.0 14.0
0 501.0 70.0 12.0 12.0
0 531.5 70.0 11.0 12.0
0 535.0 36.0 12.0 14.0
0 551.5 72.5 13.0 11.0
0 519.0 103.5 16.0 19.0
0 552.0 113.5 18.0 21.0
0 596.5 97.0 17.0 18.0
0 603.5 81.5 13.0 15.0
0 587.0 70.0 12.0 14.0
0 604.5 66.5 11.0 13.0
0 613.0 62.0 12.0 14.0
0 643.0 61.5 12.0 13.0
0 646.5 77.5 15.0 17.0
0 691.5 67.0 13.0 14.0
0 697.0 57.0 12.0 12.0
0 654.5 108.5 19.0 23.0
0 640.5 145.5 19.0 23.0
0 667.0 149.0 24.0 26.0
0 619.0 150.5 22.0 21.0
0 591.5 155.0 23.0 24.0
0 714.0 95.0 16.0 18.0
0 746.0 78.5 14.0 17.0
0 765.5 75.5 11.0 13.0
0 751.0 103.0 16.0 18.0
0 712.5 119.5 19.0 19.0
0 729.5 126.0 17.0 20.0
0 741.5 148.0 23.0 28.0
0 773.5 151.5 21.0 23.0
0 804.0 160.5 24.0 29.0
0 846.5 132.0 15.0 20.0
0 858.5 120.0 15.0 18.0
0 864.5 107.0 15.0 18.0
0 843.0 96.5 14.0 17.0
0 877.0 157.0 18.0 28.0
0 860.5 181.0 23.0 28.0
0 926.0 198.0 20.0 36.0
0 942.0 177.0 20.0 28.0
0 934.0 146.5 16.0 23.0
0 902.0 130.5 16.0 21.0
0 949.0 126.0 14.0 16.0
0 959.0 118.5 14.0 17.0
0 954.0 107.5 14.0 17.0
0 196.5 247.5 41.0 45.0
