0 118.5 370.0 51.0 56.0
0 216.0 228.5 24.0 27.0
0 253.5 240.0 23.0 32.0
0 303.0 238.0 26.0 32.0
0 328.5 261.5 27.0 29.0
0 289.0 208.0 22.0 24.0
0 329.5 219.0 25.0 28.0
0 361.0 227.5 28.0 27.0
0 369.5 197.5 21.0 23.0
0 408.5 223.0 23.0 28.0
0 439.0 222.5 22.0 23.0
0 416.5 173.5 21.0 25.0
0 434.0 182.5 18.0 19.0
0 432.5 200.5 21.0 23.0
0 462.5 166.0 15.0 20.0
0 479.5 170.0 21.0 22.0
0 470.5 203.5 21.0 23.0
0 507.5 209.5 25.0 27.0
0 499.5 181.0 21.0 24.0
0 503.5 160.5 17.0 19.0
0 508.5 152.5 17.0 19.0
0 570.0 180.0 20.0 22.0
0 554.5 176.5 17.0 21.0
0 550.5 213.5 23.0 25.0
0 569.0 159.0 16.0 20.0
0 613.0 179.0 24.0 26.0
0 610.0 157.0 20.0 20.0
0 627.0 139.0 16.0 16.0
0 643.0 139.0 20.0 20.0
0 637.5 160.0 21.0 24.0
0 668.0 163.0 18.0 20.0
0 673.5 145.5 17.0 21.0
0 683.5 132.5 17.0 21.0
0 703.5 138.0 17.0 22.0
0 717.5 143.0 19.0 22.0
0 725.0 165.0 18.0 24.0
0 752.5 134.0 13.0 18.0
0 764.0 147.0 18.0 22.0
0 771.0 139.0 18.0 20.0
0 666.0 222.5 28.0 33.0
0 659.5 260.5 33.0 39.0
0 595.0 280.0 36.0 42.0
0 586.0 254.0 30.0 32.0
0 513.5 272.0 37.0 52.0
0 486.0 233.5 28.0 27.0
0 646.5 311.0 41.0 50.0
0 715.0 324.0 50.0 56.0
0 793.0 355.5 48.0 53.0
0 756.5 242.0 33.0 40.0
0 784.0 239.5 28.0 37.0
0 721.5 233.0 27.0 34.0
0 714.5 202.0 23.0 30.0
0 755.5 181.5 25.0 27.0
0 799.0 169.5 20.0 21.0
0 807.0 196.0 22.0 30.0
0 769.5 209.0 27.0 30.0
0 844.0 164.5 24.0 29.0
0 871.0 166.5 18.0 21.0
0 879.0 184.5 18.0 31.0
0 819.0 275.5 32.0 43.0
0 886.0 292.0 34.0 44.0
0 941.5 342.5 41.0 51.0
0 975.5 310.5 37.0 47.0
0 1056.0 326.5 40.0 51.0
0 965.5 262.5 35.0 41.0
0 929.5 239.5 29.0 33.0
0 945.0 227.0 26.0 32.0
0 921.0 190.0 26.0 26.0
0 890.5 174.0 17.0 20.0
0 894.0 150.5 18.0 23.0
0 928.0 157.0 20.0 24.0
0 940.5 175.0 21.0 28.0
0 966.0 165.0 18.0 22.0
0 974.5 182.5 19.0 23.0
0 987.5 173.0 19.0 22.0
0 1013.0 168.5 16.0 25.0
0 980.5 216.5 25.0 29.0
0 1002.5 222.5 21.0 31.0
0 1023.5 223.0 21.0 32.0
0 1033.0 181.0 18.0 32.0
0 1080.0 232.5 24.0 33.0
0 1082.5 202.5 19.0 23.0
0 1084.0 186.0 18.0 22.0
