0 285.5 133.0 15.0 20.0
0 343.5 119.5 15.0 21.0
0 355.0 138.0 20.0 24.0
0 400.5 149.0 19.0 26.0
0 388.0 115.0 18.0 20.0
0 399.5 107.0 17.0 22.0
0 416.0 115.0 18.0 20.0
0 426.5 100.0 17.0 18.0
0 442.5 127.5 21.0 25.0
0 436.5 158.5 23.0 29.0
0 448.0 106.5 18.0 19.0
0 448.5 87.5 15.0 19.0
0 496.5 95.0 17.0 22.0
0 484.5 118.5 21.0 23.0
0 524.5 127.5 25.0 23.0
0 507.0 108.5 20.0 25.0
0 529.5 108.0 21.0 24.0
0 500.0 81.0 12.0 16.0
0 527.0 79.0 16.0 20.0
0 546.5 75.5 15.0 19.0
0 563.5 76.5 15.0 17.0
0 562.0 96.5 18.0 19.0
0 568.0 118.5 22.0 23.0
0 615.0 99.5 18.0 23.0
0 600.0 81.5 16.0 15.0
0 587.0 74.0 14.0 18.0
0 610.0 73.0 16.0 18.0
0 624.5 81.0 13.0 16.0
0 634.0 63.0 10.0 14.0
0 640.0 72.5 14.0 17.0
0 659.0 78.5 16.0 17.0
0 661.0 67.5 12.0 13.0
0 660.5 58.5 9.0 13.0
0 693.0 63.5 14.0 21.0
0 713.5 63.5 17.0 15.0
0 721.0 79.0 14.0 18.0
0 748.0 67.5 14.0 15.0
0 692.5 83.0 15.0 20.0
0 650.0 98.5 16.0 17.0
0 589.5 166.0 35.0 52.0
0 610.5 162.0 25.0 38.0
0 679.5 142.5 25.0 31.0
0 670.5 117.5 23.0 27.0
0 694.5 108.5 23.0 29.0
0 706.5 128.0 23.0 26.0
0 727.5 153.0 23.0 30.0
0 745.0 137.5 20.0 27.0
0 742.5 104.0 19.0 24.0
0 735.5 96.5 15.0 19.0
0 767.0 85.0 14.0 20.0
0 775.5 108.0 17.0 20.0
0 802.0 119.5 22.0 25.0
0 823.5 131.0 25.0 26.0
0 784.0 158.5 32.0 37.0
0 804.5 150.5 21.0 29.0
0 837.0 173.5 26.0 39.0
0 800.5 92.0 19.0 18.0
0 791.0 81.5 14.0 17.0
0 796.5 74.0 15.0 18.0
0 818.5 94.0 13.0 18.0
0 842.0 97.5 16.0 19.0
0 834.0 82.0 16.0 18.0
0 854.5 92.0 15.0 18.0
0 861.5 82.5 15.0 17.0
0 883.5 98.5 17.0 19.0
0 896.5 88.5 15.0 19.0
0 906.5 102.0 15.0 20.0
0 888.0 115.5 18.0 19.0
0 888.5 139.5 21.0 27.0
0 923.5 158.5 25.0 37.0
0 888.0 186.5 34.0 35.0
0 952.5 210.5 33.0 47.0
0 971.0 180.0 20.0 30.0
0 979.5 148.5 19.0 23.0
0 958.5 122.5 19.0 23.0
0 930.0 93.5 18.0 21.0
0 960.5 90.5 17.0 21.0
0 999.0 127.0 14.0 20.0
0 989.5 116.5 15.0 15.0
0 993.0 102.5 14.0 17.0
