0 208.5 222.0 49.0 50.0
0 318.0 125.5 16.0 21.0
0 333.0 142.5 18.0 27.0
0 341.5 106.0 21.0 22.0
0 343.5 127.0 21.0 18.0
0 392.5 139.0 27.0 30.0
0 361.5 116.0 17.0 20.0
0 405.0 116.0 20.0 22.0
0 430.5 148.0 27.0 28.0
0 454.5 127.5 25.0 25.0
0 506.5 161.5 29.0 35.0
0 505.5 127.5 25.0 25.0
0 433.5 86.0 15.0 16.0
0 449.5 95.0 13.0 20.0
0 461.5 95.0 17.0 24.0
0 492.0 103.5 18.0 23.0
0 494.0 84.5 12.0 17.0
0 499.0 88.5 14.0 17.0
0 522.0 111.0 22.0 22.0
0 577.5 107.0 19.0 22.0
0 511.0 79.5 14.0 17.0
0 527.0 84.0 16.0 16.0
0 527.5 70.0 15.0 14.0
0 552.5 87.0 15.0 18.0
0 563.5 71.5 17.0 19.0
0 583.5 91.0 17.0 18.0
0 605.0 97.5 16.0 19.0
0 617.0 78.0 16.0 18.0
0 607.0 69.5 12.0 15.0
0 628.5 62.5 13.0 19.0
0 653.0 73.5 14.0 17.0
0 643.5 91.5 19.0 21.0
0 661.0 62.0 12.0 16.0
0 675.5 73.0 15.0 16.0
0 690.5 57.0 13.0 16.0
0 696.0 76.5 14.0 17.0
0 712.5 67.5 13.0 15.0
0 742.5 65.0 13.0 18.0
0 586.5 144.0 27.0 30.0
0 570.5 178.5 31.0 37.0
0 618.0 204.0 28.0 38.0
0 653.5 148.5 25.0 31.0
0 670.0 125.5 18.0 27.0
0 700.5 104.0 21.0 24.0
0 741.0 109.0 22.0 24.0
0 730.5 97.0 15.0 18.0
0 761.5 86.5 19.0 19.0
0 776.5 75.5 15.0 21.0
0 790.5 87.5 15.0 19.0
0 806.0 93.0 18.0 22.0
0 815.0 77.5 12.0 17.0
0 840.5 90.5 15.0 19.0
0 777.5 121.5 19.0 25.0
0 746.0 138.0 24.0 28.0
0 703.5 159.0 29.0 32.0
0 690.5 203.0 31.0 40.0
0 753.0 253.0 44.0 40.0
0 853.0 233.5 28.0 35.0
0 890.5 237.0 31.0 40.0
0 869.0 200.0 26.0 34.0
0 808.5 172.5 25.0 33.0
0 769.5 171.0 23.0 32.0
0 793.0 139.0 22.0 26.0
0 823.5 149.5 25.0 27.0
0 831.0 137.0 22.0 18.0
0 900.5 161.0 21.0 36.0
0 918.5 136.5 19.0 27.0
0 947.0 204.0 26.0 38.0
0 962.0 175.5 24.0 33.0
0 964.0 139.5 16.0 25.0
