0 106.0 198.0 46.0 48.0
0 246.5 114.5 21.0 19.0
0 269.0 111.0 16.0 14.0
0 277.0 114.0 12.0 16.0
0 296.0 99.5 16.0 19.0
0 311.0 111.0 18.0 20.0
0 316.5 123.0 19.0 22.0
0 318.5 97.0 15.0 18.0
0 338.0 108.0 14.0 16.0
0 334.0 84.5 12.0 13.0
0 361.5 120.0 17.0 20.0
0 354.5 86.5 13.0 15.0
0 370.0 79.0 10.0 12.0
0 383.5 80.0 11.0 12.0
0 367.0 100.0 14.0 16.0
0 381.5 100.0 11.0 18.0
0 391.5 94.0 11.0 14.0
0 392.0 120.5 18.0 21.0
0 415.0 99.0 18.0 18.0
0 418.5 95.5 19.0 15.0
0 419.0 77.5 12.0 15.0
0 427.5 73.5 11.0 11.0
0 435.0 80.0 10.0 18.0
0 439.0 63.0 8.0 12.0
0 445.5 75.5 13.0 15.0
0 466.0 64.0 12.0 12.0
0 478.5 67.5 11.0 13.0
0 490.5 65.5 11.0 13.0
0 501.0 68.0 12.0 16.0
0 473.5 82.5 15.0 15.0
0 461.5 90.0 17.0 18.0
0 489.0 93.5 16.0 19.0
0 502.5 83.5 13.0 17.0
0 515.0 88.0 14.0 18.0
0 523.0 83.5 12.0 13.0
0 530.5 58.5 9.0 13.0
0 536.5 69.5 13.0 13.0
0 555.5 77.0 13.0 16.0
0 552.0 68.0 12.0 12.0
0 558.0 57.5 10.0 11.0
0 579.0 57.0 10.0 14.0
0 577.0 74.5 14.0 15.0
0 578.5 110.5 17.0 25.0
0 576.5 93.5 15.0 21.0
0 522.5 116.0 17.0 24.0
0 561.0 122.0 20.0 24.0
0 595.5 56.0 7.0 10.0
0 616.0 63.0 10.0 14.0
0 597.5 68.0 13.0 14.0
0 604.5 113.5 15.0 21.0
0 599.5 130.5 17.0 25.0
0 628.0 161.5 24.0 31.0
0 670.5 176.5 21.0 33.0
0 628.5 120.0 17.0 22.0
0 643.5 73.5 13.0 15.0
0 617.5 89.5 17.0 23.0
0 656.5 93.0 15.0 16.0
0 666.0 66.0 10.0 14.0
0 677.5 64.5 9.0 13.0
0 693.0 71.5 12.0 13.0
0 708.0 68.0 10.0 14.0
0 701.0 85.0 12.0 16.0
0 705.5 103.0 15.0 20.0
0 676.0 117.5 18.0 23.0
0 699.0 148.5 24.0 31.0
0 723.0 68.0 10.0 12.0
0 742.0 76.5 10.0 13.0
0 756.5 75.5 9.0 15.0
0 730.0 88.0 12.0 20.0
0 725.0 99.5 14.0 17.0
0 746.5 114.0 15.0 22.0
0 730.0 125.0 20.0 24.0
0 800.0 79.0 12.0 14.0
0 764.0 92.0 14.0 18.0
0 797.5 92.0 13.0 14.0
0 829.5 91.0 13.0 14.0
0 823.5 97.5 15.0 13.0
0 826.0 106.5 12.0 17.0
0 816.5 120.5 13.0 19.0
0 819.5 135.5 15.0 23.0
0 796.5 112.5 13.0 21.0
0 797.0 100.0 12.0 18.0
0 787.5 118.5 17.0 21.0
0 800.0 166.0 22.0 32.0
