0 188.0 274.0 50.0 50.0
0 360.5 132.5 23.0 27.0
0 388.0 136.5 22.0 25.0
0 442.5 112.5 19.0 23.0
0 449.5 148.0 27.0 32.0
0 472.0 115.5 20.0 21.0
0 473.5 92.5 19.0 21.0
0 492.5 99.5 19.0 19.0
0 514.5 94.0 17.0 16.0
0 489.5 71.5 17.0 13.0
0 513.5 65.5 17.0 17.0
0 559.0 62.0 18.0 18.0
0 595.5 62.5 15.0 19.0
0 608.0 73.5 20.0 19.0
0 557.0 121.0 30.0 36.0
0 508.5 177.0 33.0 40.0
0 701.0 133.0 24.0 30.0
0 769.5 148.0 27.0 32.0
0 821.0 152.0 26.0 34.0
0 930.5 109.0 19.0 26.0
0 858.0 85.5 20.0 23.0
0 854.5 57.5 15.0 19.0
0 799.0 49.5 18.0 23.0
0 784.5 59.5 15.0 19.0
0 760.0 76.5 18.0 19.0
0 736.0 66.5 22.0 29.0
0 751.5 67.5 19.0 21.0
