0 176.5 284.5 53.0 55.0
0 375.0 136.5 16.0 21.0
0 379.5 112.5 15.0 21.0
0 530.0 135.5 20.0 21.0
0 491.5 134.0 19.0 20.0
0 460.5 128.5 15.0 17.0
0 457.0 110.5 16.0 15.0
0 467.5 93.5 13.0 13.0
0 492.5 93.5 13.0 13.0
0 498.0 110.5 16.0 19.0
0 516.5 114.5 17.0 19.0
0 510.5 79.5 11.0 15.0
0 527.5 92.0 11.0 14.0
0 558.0 91.5 14.0 15.0
0 551.5 74.5 13.0 11.0
0 575.0 76.0 12.0 16.0
0 590.0 114.5 16.0 19.0
0 618.0 99.0 16.0 16.0
0 588.0 94.0 14.0 14.0
0 598.0 78.0 12.0 12.0
0 643.5 103.5 17.0 17.0
0 660.5 87.5 15.0 17.0
0 645.0 68.5 12.0 13.0
0 666.0 74.0 10.0 14.0
0 682.0 89.0 14.0 22.0
0 714.0 86.5 14.0 19.0
0 677.5 71.5 9.0 15.0
0 671.0 63.5 14.0 13.0
0 693.5 62.0 11.0 12.0
0 723.0 64.0 10.0 16.0
0 745.0 76.0 12.0 12.0
0 768.0 75.5 12.0 13.0
0 789.5 87.0 15.0 16.0
0 778.0 99.0 16.0 16.0
0 731.5 115.0 19.0 20.0
0 685.0 126.5 18.0 25.0
0 698.5 153.0 17.0 26.0
0 629.0 155.0 22.0 24.0
0 664.5 188.0 31.0 40.0
0 607.5 178.5 29.0 29.0
0 568.0 173.5 32.0 29.0
0 743.5 209.5 33.0 41.0
0 731.0 157.5 22.0 29.0
0 736.0 134.5 18.0 21.0
0 768.0 128.5 16.0 19.0
0 786.5 139.5 21.0 25.0
0 815.5 107.5 15.0 21.0
0 828.5 96.0 15.0 18.0
0 826.5 77.0 11.0 14.0
0 837.0 78.0 14.0 16.0
0 858.5 83.0 13.0 20.0
0 846.5 112.0 17.0 22.0
0 837.0 208.0 28.0 36.0
0 851.5 163.5 23.0 31.0
0 887.0 167.5 22.0 25.0
0 932.0 187.0 22.0 28.0
0 914.5 224.0 29.0 34.0
0 1001.5 206.0 23.0 32.0
0 1013.0 173.0 20.0 26.0
0 956.0 167.0 22.0 28.0
0 965.5 142.0 15.0 22.0
0 977.5 129.0 17.0 22.0
0 991.5 119.0 13.0 18.0
0 994.0 105.5 12.0 17.0
0 1002.0 98.5 12.0 15.0
0 1028.5 107.5 15.0 21.0
0 1037.0 129.5 14.0 19.0
0 1016.5 146.5 11.0 19.0
0 1023.5 138.5 13.0 19.0
0 925.5 133.0 17.0 22.0
0 930.0 121.0 16.0 18.0
0 946.0 112.5 14.0 17.0
0 957.0 96.5 14.0 21.0
0 964.5 90.5 15.0 15.0
0 928.5 93.0 15.0 20.0
0 908.5 107.0 13.0 16.0
0 890.0 122.5 14.0 21.0
0 869.0 124.0 16.0 22.0
0 872.0 105.5 18.0 13.0
