0 48.0 221.5 24.0 25.0
0 50.0 213.5 16.0 17.0
0 232.0 211.5 52.0 55.0
0 279.0 169.0 22.0 24.0
0 321.5 153.5 23.0 25.0
0 342.5 166.0 23.0 26.0
0 375.5 171.5 25.0 25.0
0 357.5 144.5 21.0 23.0
0 350.0 128.0 16.0 16.0
0 375.0 125.5 18.0 21.0
0 406.0 131.0 18.0 24.0
0 417.5 118.0 21.0 24.0
0 455.5 158.0 27.0 32.0
0 457.5 133.0 27.0 22.0
0 442.0 102.0 18.0 22.0
0 476.5 115.0 15.0 22.0
0 493.0 126.0 18.0 26.0
0 487.5 101.0 23.0 20.0
0 512.5 145.0 31.0 28.0
0 511.0 50.5 14.0 19.0
0 515.5 99.5 17.0 19.0
0 540.0 88.5 16.0 17.0
0 557.0 89.0 16.0 22.0
0 575.5 77.0 17.0 20.0
0 577.0 100.5 18.0 21.0
0 579.5 121.0 25.0 22.0
0 611.5 106.0 19.0 24.0
0 598.5 85.5 17.0 21.0
0 622.5 83.5 17.0 19.0
0 641.5 71.5 25.0 19.0
0 643.0 90.5 20.0 23.0
0 660.0 61.5 14.0 17.0
0 689.0 64.0 14.0 18.0
0 721.0 71.5 14.0 19.0
0 729.0 55.5 14.0 15.0
0 697.5 99.5 25.0 27.0
0 657.0 126.5 30.0 33.0
0 611.0 147.5 26.0 33.0
0 532.0 186.0 34.0 40.0
0 654.5 197.5 33.0 43.0
0 652.0 161.0 32.0 36.0
0 710.0 176.0 32.0 38.0
0 726.5 203.5 31.0 37.0
0 711.5 127.0 27.0 34.0
0 750.5 124.0 27.0 28.0
0 760.5 109.0 21.0 26.0
0 746.0 94.5 18.0 23.0
0 761.5 84.0 17.0 26.0
0 784.0 97.0 22.0 22.0
0 797.5 115.0 19.0 22.0
0 809.0 97.5 20.0 27.0
0 815.0 78.0 16.0 20.0
0 793.0 72.5 14.0 19.0
0 796.0 59.0 12.0 16.0
0 831.0 76.0 14.0 18.0
0 840.0 67.5 12.0 17.0
0 861.5 77.0 17.0 22.0
0 852.0 108.5 22.0 27.0
0 806.0 151.0 32.0 30.0
0 801.5 168.5 27.0 31.0
0 840.0 182.0 34.0 38.0
0 933.0 141.5 26.0 29.0
0 993.5 164.0 23.0 30.0
0 997.0 118.5 22.0 29.0
0 996.5 90.0 17.0 22.0
0 967.0 114.5 20.0 27.0
0 959.0 77.0 12.0 18.0
0 928.0 87.0 16.0 22.0
0 906.0 118.5 20.0 21.0
0 881.5 97.5 17.0 19.0
0 893.0 79.0 18.0 26.0
