0 171.0 385.0 56.0 54.0
0 275.5 236.0 21.0 22.0
0 341.5 222.0 23.0 24.0
0 312.5 254.0 25.0 28.0
0 356.0 254.5 22.0 29.0
0 420.0 246.0 22.0 26.0
0 424.0 208.0 18.0 18.0
0 472.5 183.0 17.0 18.0
0 521.0 181.5 16.0 15.0
0 558.5 173.5 17.0 25.0
0 568.0 167.5 22.0 21.0
0 461.0 244.5 22.0 25.0
0 495.0 212.0 22.0 24.0
0 496.5 233.5 19.0 27.0
0 526.5 221.5 29.0 31.0
0 556.5 201.5 23.0 21.0
0 563.0 224.5 30.0 25.0
0 612.0 186.0 20.0 24.0
0 634.5 202.0 25.0 28.0
0 668.0 173.5 20.0 23.0
0 687.0 157.0 22.0 24.0
0 613.5 232.0 31.0 26.0
0 534.0 253.0 42.0 32.0
0 663.0 207.5 24.0 23.0
0 700.0 173.0 18.0 32.0
0 731.5 175.0 17.0 22.0
0 743.5 144.5 15.0 17.0
0 757.5 158.0 19.0 26.0
0 771.5 159.5 17.0 21.0
0 803.5 158.0 15.0 26.0
0 823.5 161.0 19.0 20.0
0 858.5 157.5 19.0 19.0
0 855.5 179.0 19.0 20.0
0 814.5 196.5 23.0 25.0
0 575.5 283.5 31.0 37.0
0 645.0 268.5 30.0 35.0
0 725.5 237.5 25.0 31.0
0 631.5 318.0 37.0 36.0
0 715.5 284.5 33.0 33.0
0 709.5 320.0 35.0 44.0
0 777.5 251.5 23.0 31.0
0 810.0 257.0 34.0 28.0
0 769.5 335.0 43.0 46.0
0 836.0 262.0 24.0 30.0
0 830.0 226.5 28.0 27.0
0 864.0 209.5 24.0 27.0
0 875.5 289.0 35.0 40.0
0 843.0 389.5 58.0 53.0
0 893.0 173.0 18.0 24.0
0 909.5 165.0 15.0 20.0
0 928.5 185.5 15.0 25.0
0 949.0 169.5 16.0 17.0
0 940.5 203.5 19.0 21.0
0 983.5 171.5 17.0 23.0
0 1022.0 180.5 24.0 25.0
0 994.0 213.0 18.0 28.0
0 940.0 305.0 32.0 40.0
0 987.5 363.0 39.0 46.0
0 1039.0 192.0 18.0 26.0
0 1066.0 184.5 18.0 23.0
0 1087.5 195.5 17.0 21.0
0 1122.5 221.0 17.0 20.0
0 1140.5 199.5 19.0 21.0
0 990.0 254.0 30.0 34.0
0 1006.0 239.5 16.0 35.0
0 1035.0 229.0 16.0 30.0
0 1060.0 242.0 30.0 30.0
0 1043.5 255.5 25.0 37.0
0 1090.5 244.0 19.0 28.0
0 1132.5 258.0 21.0 28.0
0 1028.5 323.0 33.0 40.0
0 1111.5 334.5 39.0 41.0
0 766.5 215.0 21.0 26.0
