0 176.5 265.0 41.0 46.0
0 271.5 159.5 21.0 23.0
0 298.0 160.5 18.0 23.0
0 319.5 158.5 19.0 23.0
0 335.0 142.5 20.0 21.0
0 354.5 134.5 19.0 21.0
0 366.5 161.5 19.0 23.0
0 387.0 158.5 26.0 25.0
0 374.5 137.0 19.0 22.0
0 388.5 123.5 17.0 19.0
0 416.0 114.5 22.0 21.0
0 426.0 154.0 24.0 24.0
0 424.5 133.0 21.0 20.0
0 441.5 116.5 17.0 19.0
0 467.5 118.5 19.0 19.0
0 462.5 146.5 19.0 25.0
0 500.5 147.0 21.0 28.0
0 416.5 178.0 31.0 30.0
0 509.5 125.5 19.0 19.0
0 488.5 99.5 17.0 23.0
0 531.0 95.0 16.0 18.0
0 538.5 116.0 21.0 26.0
0 565.5 123.0 25.0 28.0
0 523.0 82.5 18.0 19.0
0 580.5 97.5 19.0 23.0
0 600.5 78.0 17.0 20.0
0 625.5 101.0 15.0 18.0
0 633.5 84.5 15.0 17.0
0 636.0 73.5 14.0 15.0
0 657.0 80.5 12.0 15.0
0 663.0 88.5 14.0 15.0
0 682.0 74.5 14.0 17.0
0 726.0 71.5 14.0 15.0
0 662.5 121.0 23.0 24.0
0 599.0 148.5 24.0 33.0
0 612.5 173.5 31.0 35.0
0 532.5 191.0 33.0 38.0
0 651.5 198.0 33.0 42.0
0 651.0 153.5 30.0 33.0
0 698.0 132.0 26.0 30.0
0 711.0 114.5 22.0 25.0
0 730.5 103.0 19.0 20.0
0 741.5 119.0 21.0 26.0
0 723.0 155.5 28.0 35.0
0 771.0 129.0 22.0 28.0
0 769.5 107.5 19.0 23.0
0 760.0 90.0 18.0 20.0
0 779.5 49.5 15.0 17.0
0 794.5 68.0 17.0 22.0
0 820.0 85.0 20.0 22.0
0 811.0 90.0 16.0 18.0
0 816.0 106.5 22.0 23.0
0 788.0 124.0 20.0 28.0
0 788.5 174.0 29.0 34.0
0 826.5 188.0 31.0 30.0
0 840.5 135.0 23.0 34.0
0 840.5 93.5 17.0 19.0
0 865.5 105.5 21.0 29.0
0 880.0 123.5 22.0 27.0
0 897.5 82.5 17.0 21.0
0 907.5 110.5 19.0 27.0
0 952.5 123.0 19.0 24.0
0 954.0 105.0 14.0 16.0
0 957.0 95.0 14.0 14.0
0 920.0 157.0 28.0 38.0
0 987.5 167.0 25.0 30.0
0 988.5 142.0 19.0 26.0
0 900.5 208.5 35.0 35.0
