0 301.5 138.5 17.0 21.0
0 353.5 133.0 19.0 24.0
0 378.5 152.0 19.0 24.0
0 409.0 120.5 24.0 25.0
0 420.0 109.5 14.0 17.0
0 428.0 127.0 18.0 20.0
0 438.0 115.5 18.0 19.0
0 460.0 139.0 18.0 22.0
0 443.5 154.0 27.0 30.0
0 484.5 159.0 25.0 30.0
0 483.0 109.5 16.0 17.0
0 468.5 93.5 15.0 17.0
0 509.5 89.0 13.0 16.0
0 527.0 99.5 14.0 15.0
0 523.0 118.5 18.0 19.0
0 513.5 131.0 17.0 24.0
0 543.5 135.5 23.0 27.0
0 560.5 124.0 19.0 24.0
0 557.0 103.0 12.0 16.0
0 536.5 89.5 15.0 17.0
0 547.0 84.0 14.0 18.0
0 570.5 82.5 15.0 13.0
0 587.5 104.5 15.0 17.0
0 594.5 86.5 13.0 13.0
0 599.5 78.5 15.0 21.0
0 623.0 87.5 16.0 17.0
0 631.5 81.5 15.0 15.0
0 643.0 106.5 20.0 29.0
0 609.5 124.0 25.0 26.0
0 551.5 181.0 47.0 48.0
0 621.0 180.0 32.0 44.0
0 634.0 159.0 26.0 24.0
0 673.5 168.0 31.0 36.0
0 699.5 132.5 27.0 29.0
0 663.0 69.5 12.0 15.0
0 669.5 87.0 13.0 16.0
0 679.0 83.0 14.0 14.0
0 690.0 91.0 16.0 18.0
0 688.0 77.0 14.0 14.0
0 697.5 71.0 11.0 14.0
0 726.5 72.5 15.0 17.0
0 741.5 70.0 13.0 18.0
0 750.0 83.0 16.0 18.0
0 786.5 72.5 15.0 19.0
0 774.5 106.0 15.0 16.0
0 784.0 113.0 16.0 22.0
0 773.5 142.0 23.0 26.0
0 755.5 168.0 25.0 28.0
0 742.5 137.5 23.0 23.0
0 734.0 117.5 22.0 29.0
0 817.5 165.5 29.0 33.0
0 838.0 161.5 24.0 27.0
0 825.5 133.5 19.0 27.0
0 813.5 111.5 19.0 23.0
0 809.0 92.5 16.0 21.0
0 845.0 96.0 16.0 24.0
0 874.0 97.0 18.0 24.0
0 872.0 80.5 20.0 23.0
0 873.0 138.0 24.0 24.0
0 868.5 177.0 27.0 36.0
0 923.0 204.0 34.0 38.0
0 892.0 100.0 16.0 22.0
0 898.5 90.5 13.0 17.0
0 909.0 109.5 16.0 19.0
0 925.5 101.0 17.0 20.0
0 938.0 95.5 12.0 21.0
0 957.0 112.0 14.0 24.0
0 977.0 109.0 14.0 20.0
0 931.5 128.5 17.0 19.0
0 948.0 126.0 18.0 20.0
0 925.5 150.0 25.0 26.0
0 954.0 161.0 28.0 34.0
0 971.5 146.5 15.0 23.0
0 980.0 131.5 18.0 21.0
0 1003.5 101.0 15.0 22.0
0 1034.0 115.5 14.0 21.0
0 1043.5 133.0 17.0 28.0
0 1020.0 136.0 16.0 20.0
0 1023.0 155.0 20.0 22.0
0 1014.5 186.0 25.0 28.0
0 1017.0 219.5 30.0 37.0
