0 200.5 222.5 51.0 51.0
0 335.5 100.5 19.0 19.0
0 361.5 105.0 15.0 20.0
0 375.0 87.0 12.0 16.0
0 382.5 114.0 17.0 16.0
0 389.5 129.0 21.0 18.0
0 418.5 113.0 17.0 20.0
0 418.0 96.5 14.0 17.0
0 427.5 83.0 13.0 14.0
0 442.0 93.5 14.0 19.0
0 450.0 109.0 18.0 22.0
0 464.0 123.0 20.0 26.0
0 460.5 98.0 17.0 18.0
0 455.0 76.0 14.0 14.0
0 475.0 75.5 14.0 17.0
0 482.0 67.0 10.0 12.0
0 506.5 89.5 17.0 21.0
0 490.0 103.5 20.0 19.0
0 517.5 104.5 17.0 19.0
0 530.5 92.0 17.0 18.0
0 526.0 72.5 14.0 13.0
0 541.0 77.5 16.0 15.0
0 573.5 81.5 17.0 17.0
0 561.5 94.0 21.0 18.0
0 576.0 72.5 12.0 13.0
0 570.5 61.0 13.0 16.0
0 588.0 57.0 10.0 12.0
0 607.5 70.0 15.0 14.0
0 631.5 61.0 11.0 16.0
0 641.5 70.5 17.0 17.0
0 665.5 67.0 15.0 14.0
0 684.5 64.5 11.0 15.0
0 554.0 129.5 20.0 25.0
0 596.0 130.5 26.0 31.0
0 608.0 115.0 26.0 24.0
0 623.0 163.5 28.0 31.0
0 666.0 191.5 32.0 31.0
0 715.0 141.5 30.0 31.0
0 721.5 125.5 21.0 25.0
0 733.5 107.5 17.0 19.0
0 714.0 95.0 20.0 20.0
0 698.5 83.0 15.0 20.0
0 688.0 84.5 16.0 17.0
0 685.0 102.5 18.0 21.0
0 723.0 76.0 14.0 16.0
0 736.0 89.5 16.0 17.0
0 757.5 70.5 15.0 15.0
0 771.0 83.5 14.0 15.0
0 752.5 103.0 19.0 20.0
0 767.0 114.0 18.0 20.0
0 812.0 126.0 20.0 22.0
0 799.5 147.0 23.0 32.0
0 828.0 164.0 28.0 28.0
0 830.5 145.0 25.0 26.0
0 863.5 132.5 17.0 19.0
0 833.0 105.0 16.0 18.0
0 800.5 102.5 17.0 19.0
0 812.0 83.5 16.0 17.0
0 847.5 96.5 13.0 17.0
0 867.0 112.0 14.0 20.0
0 904.5 174.5 25.0 31.0
0 913.0 121.0 16.0 20.0
0 918.5 107.0 15.0 20.0
0 907.5 89.5 13.0 15.0
