0 133.5 324.5 57.0 59.0
0 262.5 158.5 13.0 15.0
0 278.5 180.0 31.0 26.0
0 335.0 144.0 20.0 28.0
0 375.0 146.0 20.0 22.0
0 400.0 139.5 22.0 29.0
0 421.0 130.5 20.0 23.0
0 445.5 158.5 23.0 29.0
0 482.0 151.0 18.0 20.0
0 472.0 118.5 20.0 19.0
0 539.5 185.0 25.0 34.0
0 524.5 123.0 17.0 28.0
0 540.5 99.0 15.0 20.0
0 576.5 150.5 23.0 31.0
0 602.5 93.0 15.0 20.0
0 611.5 128.0 19.0 28.0
0 635.0 105.0 22.0 22.0
0 671.5 137.5 21.0 23.0
0 688.5 99.0 19.0 22.0
0 679.0 83.0 16.0 20.0
0 706.5 84.0 15.0 22.0
0 733.0 77.0 16.0 20.0
0 751.5 108.0 19.0 22.0
0 766.0 120.0 18.0 24.0
0 773.0 79.5 16.0 19.0
0 803.5 88.5 15.0 21.0
0 819.0 79.0 16.0 20.0
0 807.0 112.5 18.0 21.0
0 879.0 93.0 18.0 20.0
0 702.5 198.0 23.0 26.0
0 726.0 237.5 22.0 43.0
0 747.5 182.5 23.0 31.0
0 810.5 243.5 31.0 33.0
0 887.0 250.0 34.0 38.0
0 967.0 272.0 34.0 48.0
0 1081.5 286.0 25.0 46.0
0 1097.0 237.0 26.0 36.0
0 1184.5 266.5 27.0 39.0
0 814.0 153.0 28.0 34.0
0 857.0 130.5 22.0 25.0
0 876.0 163.5 20.0 33.0
0 926.0 177.0 28.0 38.0
0 912.0 140.5 22.0 27.0
0 919.0 117.5 18.0 25.0
0 949.0 113.0 16.0 28.0
0 997.5 114.0 19.0 22.0
0 966.5 129.5 19.0 23.0
0 983.5 148.5 23.0 31.0
0 1013.5 138.5 21.0 29.0
0 1005.5 180.0 25.0 34.0
0 1040.0 131.5 20.0 27.0
0 1072.5 140.5 19.0 25.0
0 1087.5 132.0 13.0 16.0
0 1117.5 137.5 19.0 19.0
0 1112.5 156.5 23.0 25.0
0 1148.0 162.5 18.0 25.0
0 1177.0 150.5 16.0 21.0
0 1219.0 153.5 16.0 21.0
0 1070.0 191.0 26.0 36.0
0 1143.5 199.5 19.0 33.0
0 1203.0 221.0 22.0 32.0
0 1045.0 227.5 24.0 33.0
0 744.0 94.5 18.0 17.0
0 714.0 105.5 16.0 25.0
0 442.0 119.5 20.0 19.0
0 1203.0 199.5 18.0 25.0
0 1097.0 177.0 22.0 26.0
0 848.5 85.5 17.0 21.0
0 854.5 93.5 19.0 21.0
