0 98.0 215.5 40.0 41.0
0 172.0 116.5 14.0 15.0
0 195.5 113.0 17.0 16.0
0 226.5 99.0 13.0 14.0
0 266.0 102.0 20.0 20.0
0 256.5 88.5 17.0 13.0
0 289.0 87.0 12.0 16.0
0 299.5 82.0 15.0 12.0
0 305.0 104.5 14.0 19.0
0 321.0 98.0 12.0 14.0
0 320.0 79.5 14.0 15.0
0 356.0 124.0 18.0 20.0
0 347.0 83.5 16.0 17.0
0 352.5 71.5 11.0 13.0
0 369.0 71.0 14.0 10.0
0 397.5 67.5 15.0 17.0
0 399.0 85.0 16.0 18.0
0 381.0 100.0 18.0 18.0
0 421.5 72.0 15.0 16.0
0 445.5 61.0 13.0 14.0
0 443.0 90.5 14.0 15.0
0 462.5 83.0 13.0 12.0
0 447.5 70.5 13.0 13.0
0 462.0 60.0 12.0 12.0
0 465.5 71.5 15.0 15.0
0 481.5 80.5 13.0 13.0
0 496.0 84.0 12.0 16.0
0 477.5 57.0 13.0 14.0
0 484.5 67.5 13.0 15.0
0 503.5 57.5 11.0 13.0
0 522.5 62.0 11.0 14.0
0 532.5 58.0 11.0 14.0
0 524.5 76.0 11.0 12.0
0 492.5 115.0 19.0 20.0
0 459.5 134.0 19.0 22.0
0 484.0 145.5 18.0 21.0
0 531.0 154.0 18.0 24.0
0 535.5 93.5 15.0 17.0
0 547.0 60.0 10.0 10.0
0 564.0 69.5 12.0 15.0
0 547.0 73.0 14.0 12.0
0 552.5 89.0 15.0 16.0
0 578.5 106.5 19.0 17.0
0 577.5 156.0 23.0 28.0
0 593.5 81.5 13.0 15.0
0 611.0 79.5 14.0 15.0
0 589.5 94.5 13.0 17.0
0 618.0 98.0 12.0 14.0
0 631.0 92.0 12.0 14.0
0 639.5 80.0 13.0 16.0
0 665.0 89.5 14.0 13.0
0 650.5 93.5 13.0 13.0
0 625.5 109.0 13.0 16.0
0 594.0 116.5 16.0 19.0
0 643.0 119.0 16.0 20.0
0 679.5 134.5 15.0 17.0
0 685.0 95.0 14.0 14.0
0 692.0 93.5 12.0 13.0
0 710.0 94.0 12.0 16.0
0 708.0 106.5 10.0 15.0
0 699.5 116.5 13.0 19.0
0 689.0 126.5 14.0 17.0
0 699.0 158.0 16.0 26.0
0 627.5 171.0 25.0 30.0
0 745.0 101.0 12.0 16.0
0 771.0 103.5 8.0 15.0
0 732.5 110.0 11.0 14.0
0 726.5 134.0 13.0 20.0
0 766.5 123.5 9.0 13.0
0 766.0 132.5 10.0 17.0
0 765.5 144.0 11.0 20.0
0 743.5 149.5 15.0 27.0
0 747.5 186.0 15.0 24.0
0 683.0 189.5 20.0 31.0
