0 176.0 290.0 54.0 58.0
0 284.5 155.5 21.0 23.0
0 355.5 144.5 21.0 21.0
0 388.0 155.0 24.0 26.0
0 364.0 117.5 18.0 21.0
0 392.0 117.5 18.0 23.0
0 408.5 128.0 19.0 22.0
0 442.5 131.5 25.0 29.0
0 418.0 106.0 18.0 18.0
0 461.5 110.0 19.0 22.0
0 476.5 106.0 17.0 22.0
0 504.5 106.0 19.0 24.0
0 481.0 90.5 18.0 17.0
0 459.0 88.5 16.0 19.0
0 555.0 115.0 22.0 24.0
0 574.0 109.0 16.0 22.0
0 519.0 74.0 12.0 14.0
0 542.0 74.5 18.0 19.0
0 578.0 62.0 18.0 16.0
0 578.5 80.0 15.0 16.0
0 595.5 83.0 15.0 20.0
0 598.5 71.0 17.0 18.0
0 628.0 88.5 18.0 21.0
0 665.0 82.5 16.0 17.0
0 678.0 99.0 20.0 24.0
0 662.5 93.0 17.0 16.0
0 568.5 153.0 25.0 28.0
0 546.5 193.0 35.0 40.0
0 495.5 183.0 37.0 38.0
0 621.0 156.5 30.0 27.0
0 674.0 124.0 20.0 26.0
0 720.0 99.0 18.0 26.0
0 746.0 106.5 24.0 31.0
0 720.5 164.5 29.0 37.0
0 687.0 204.0 34.0 44.0
0 772.5 197.0 33.0 46.0
0 813.5 236.0 39.0 52.0
0 763.5 133.5 23.0 31.0
0 797.0 119.5 24.0 25.0
0 812.0 160.0 26.0 32.0
0 829.0 142.0 22.0 28.0
0 857.0 183.5 30.0 41.0
0 885.5 153.0 23.0 30.0
0 916.5 239.0 43.0 52.0
0 930.5 187.5 29.0 35.0
0 938.5 162.5 21.0 31.0
0 815.0 78.0 14.0 20.0
0 851.5 83.0 15.0 20.0
0 862.5 76.0 13.0 18.0
0 881.0 90.0 16.0 20.0
0 889.5 76.0 11.0 16.0
0 925.0 84.5 16.0 17.0
0 952.5 91.5 15.0 17.0
