0 258.5 298.5 49.0 51.0
0 361.5 187.0 17.0 16.0
0 376.0 179.5 18.0 19.0
0 394.5 160.5 17.0 17.0
0 417.5 163.0 19.0 20.0
0 421.0 196.5 22.0 23.0
0 402.5 194.5 17.0 17.0
0 472.5 190.5 21.0 27.0
0 528.0 191.5 24.0 25.0
0 485.0 149.5 18.0 19.0
0 516.5 126.0 13.0 20.0
0 528.0 132.0 16.0 18.0
0 539.0 117.0 16.0 20.0
0 554.0 170.0 22.0 26.0
0 521.0 168.5 28.0 21.0
0 541.0 150.5 22.0 19.0
0 609.5 160.0 25.0 28.0
0 609.0 134.5 24.0 23.0
0 584.5 120.5 13.0 17.0
0 569.0 114.0 18.0 18.0
0 592.5 109.0 15.0 16.0
0 643.5 134.5 19.0 23.0
0 673.5 142.5 21.0 25.0
0 686.0 114.0 20.0 24.0
0 665.5 106.0 15.0 16.0
0 627.5 98.5 17.0 19.0
0 650.5 102.5 15.0 19.0
0 716.5 123.5 19.0 21.0
0 705.5 103.0 15.0 20.0
0 750.5 108.0 17.0 20.0
0 737.5 84.0 17.0 18.0
0 757.0 74.5 12.0 15.0
0 769.5 92.5 15.0 17.0
0 790.0 107.5 20.0 21.0
0 787.0 95.5 16.0 17.0
0 815.0 85.5 16.0 17.0
0 841.0 88.0 18.0 20.0
0 628.0 214.0 30.0 32.0
0 686.5 216.0 31.0 32.0
0 703.5 185.0 25.0 28.0
0 766.5 157.0 21.0 28.0
0 791.0 170.5 24.0 33.0
0 830.0 186.0 26.0 30.0
0 832.5 227.5 37.0 43.0
0 819.0 125.5 22.0 25.0
0 843.5 148.0 27.0 26.0
0 875.0 137.5 20.0 23.0
0 869.5 109.0 19.0 22.0
0 911.0 111.0 18.0 20.0
0 924.0 151.5 20.0 21.0
0 886.5 164.5 21.0 23.0
0 908.5 187.5 29.0 35.0
0 961.5 267.5 37.0 41.0
0 1003.0 220.5 30.0 37.0
0 955.0 162.0 22.0 20.0
0 961.0 130.0 18.0 20.0
0 955.0 107.0 16.0 20.0
0 994.0 142.5 22.0 23.0
0 1001.5 113.5 15.0 19.0
0 1008.5 97.0 15.0 18.0
0 1035.5 114.5 19.0 21.0
0 1014.5 130.5 17.0 19.0
0 1045.5 170.0 21.0 32.0
0 1093.5 215.0 31.0 36.0
0 1141.5 200.0 29.0 32.0
0 1087.5 167.5 21.0 25.0
0 1112.0 167.5 20.0 23.0
0 1106.0 141.5 18.0 23.0
0 1063.0 153.5 22.0 29.0
0 1096.0 109.5 22.0 23.0
0 1063.5 130.0 15.0 22.0
