0 189.5 207.5 45.0 53.0
0 316.0 102.5 12.0 13.0
0 321.0 127.0 16.0 22.0
0 345.5 125.0 17.0 24.0
0 365.0 99.0 18.0 18.0
0 381.0 105.0 18.0 18.0
0 395.0 86.5 14.0 13.0
0 419.5 93.0 13.0 14.0
0 429.0 82.5 12.0 19.0
0 432.0 124.0 20.0 18.0
0 459.5 98.0 15.0 18.0
0 458.0 72.0 12.0 14.0
0 475.5 71.0 13.0 16.0
0 488.5 77.5 13.0 15.0
0 485.5 120.5 17.0 23.0
0 513.0 100.0 16.0 16.0
0 529.5 88.0 17.0 18.0
0 533.0 102.0 16.0 20.0
0 552.0 95.5 16.0 13.0
0 552.0 67.0 14.0 16.0
0 560.5 56.5 13.0 13.0
0 591.5 60.5 13.0 15.0
0 609.0 69.0 14.0 20.0
0 629.0 68.0 10.0 18.0
0 640.0 52.0 10.0 14.0
0 662.5 57.0 11.0 14.0
0 681.0 55.0 10.0 14.0
0 693.0 28.5 12.0 15.0
0 561.0 122.5 22.0 23.0
0 572.0 147.0 24.0 30.0
0 601.5 119.0 17.0 18.0
0 594.5 138.0 19.0 16.0
0 636.5 192.0 23.0 34.0
0 649.0 152.0 22.0 28.0
0 643.5 91.0 15.0 20.0
0 680.5 85.5 13.0 17.0
0 702.5 77.5 13.0 15.0
0 715.0 92.5 14.0 21.0
0 733.0 68.5 14.0 17.0
0 765.0 72.0 10.0 16.0
0 778.0 78.5 14.0 15.0
0 725.0 111.0 14.0 18.0
0 687.5 126.5 21.0 21.0
0 741.5 130.5 19.0 27.0
0 771.5 117.0 17.0 18.0
0 720.0 165.0 26.0 28.0
0 736.0 205.0 30.0 38.0
0 755.5 174.5 25.0 33.0
0 794.0 211.0 24.0 38.0
0 812.0 171.0 26.0 30.0
0 843.0 230.0 38.0 38.0
0 872.5 176.5 21.0 35.0
0 782.0 144.0 22.0 22.0
0 834.5 150.0 17.0 26.0
0 850.5 130.0 15.0 22.0
0 887.5 152.5 21.0 23.0
0 899.0 119.5 14.0 25.0
0 488.0 44.0 10.0 14.0
0 503.0 73.0 10.0 14.0
