0 54.0 333.5 56.0 65.0
0 270.0 173.0 24.0 26.0
0 348.0 149.0 20.0 28.0
0 412.0 142.0 22.0 22.0
0 420.0 124.5 30.0 27.0
0 439.0 138.5 20.0 27.0
0 466.0 125.0 16.0 18.0
0 466.0 115.5 16.0 19.0
0 486.5 163.5 27.0 29.0
0 516.0 114.0 20.0 24.0
0 524.0 143.5 24.0 27.0
0 569.5 181.0 27.0 34.0
0 570.0 113.5 20.0 23.0
0 614.0 152.5 30.0 35.0
0 621.5 102.5 21.0 29.0
0 646.5 92.0 23.0 20.0
0 645.5 122.5 25.0 29.0
0 595.5 100.0 21.0 26.0
0 692.0 97.0 22.0 20.0
0 716.0 135.5 26.0 25.0
0 721.0 86.0 30.0 26.0
0 711.0 96.0 18.0 22.0
0 748.0 81.0 20.0 24.0
0 744.5 121.0 23.0 22.0
0 757.5 96.5 15.0 29.0
0 768.5 78.5 19.0 23.0
0 816.5 75.0 19.0 22.0
0 810.5 122.0 27.0 24.0
0 860.0 77.0 22.0 26.0
0 849.0 108.0 20.0 24.0
0 892.5 80.5 27.0 23.0
0 883.5 93.0 21.0 22.0
0 919.0 91.5 22.0 27.0
0 792.5 173.0 27.0 36.0
0 720.0 207.5 32.0 29.0
0 788.0 217.5 30.0 33.0
0 847.0 241.0 34.0 32.0
0 849.0 152.5 32.0 31.0
0 916.0 130.0 26.0 26.0
0 914.0 173.5 24.0 27.0
0 952.5 121.5 19.0 31.0
0 1001.0 103.0 20.0 26.0
0 1037.0 114.0 20.0 22.0
0 1000.0 127.5 24.0 21.0
0 984.0 169.0 26.0 30.0
0 937.5 231.5 35.0 31.0
0 1026.5 265.5 35.0 47.0
0 1044.0 178.0 22.0 34.0
0 1057.5 131.0 21.0 28.0
0 1115.5 141.0 21.0 28.0
0 1103.0 203.5 30.0 37.0
0 1140.5 249.5 21.0 35.0
0 1099.5 307.5 47.0 59.0
0 1157.5 143.0 17.0 24.0
0 1139.0 165.5 20.0 29.0
0 1176.0 195.0 18.0 26.0
0 1194.0 160.0 18.0 24.0
0 1213.0 154.0 22.0 24.0
0 1255.5 155.5 25.0 27.0
0 1243.5 181.5 17.0 23.0
0 1229.5 225.0 29.0 34.0
0 1220.5 261.5 31.0 31.0
0 966.5 139.5 35.0 33.0
0 1010.5 151.5 23.0 21.0
0 785.0 107.5 18.0 27.0
0 799.0 94.0 26.0 22.0
0 543.5 106.5 19.0 19.0
