0 225.0 135.0 22.0 26.0
0 293.5 105.0 19.0 20.0
0 332.0 99.0 14.0 16.0
0 359.0 88.5 14.0 15.0
0 373.5 89.5 15.0 17.0
0 387.0 87.5 14.0 17.0
0 396.0 80.0 12.0 14.0
0 399.0 73.0 10.0 12.0
0 415.5 85.5 13.0 17.0
0 427.5 83.5 11.0 17.0
0 425.0 107.0 18.0 22.0
0 449.5 98.5 15.0 17.0
0 450.5 83.0 15.0 16.0
0 434.5 73.5 9.0 11.0
0 418.0 72.5 12.0 13.0
0 447.5 67.5 11.0 13.0
0 468.5 87.5 13.0 17.0
0 483.0 75.5 12.0 15.0
0 474.0 67.0 10.0 14.0
0 491.5 96.0 15.0 16.0
0 481.0 111.5 18.0 21.0
0 520.0 95.0 18.0 18.0
0 503.5 81.0 15.0 16.0
0 513.0 69.0 12.0 16.0
0 522.0 64.0 12.0 16.0
0 540.0 74.0 14.0 14.0
0 557.0 90.5 14.0 15.0
0 559.0 79.5 10.0 11.0
0 558.5 57.0 11.0 12.0
0 589.5 70.0 13.0 14.0
0 595.5 59.5 9.0 11.0
0 609.5 61.0 11.0 12.0
0 634.0 63.5 8.0 11.0
0 527.5 123.0 21.0 24.0
0 569.0 103.0 16.0 26.0
0 592.0 99.0 18.0 18.0
0 599.0 115.0 22.0 26.0
0 638.0 118.5 20.0 27.0
0 626.5 89.5 15.0 19.0
0 645.0 92.5 16.0 19.0
0 650.0 76.0 14.0 16.0
0 665.0 78.0 12.0 12.0
0 667.5 91.0 15.0 18.0
0 684.0 72.5 10.0 15.0
0 692.0 90.5 14.0 17.0
0 699.5 80.0 11.0 14.0
0 708.5 91.5 13.0 17.0
0 719.0 105.5 14.0 19.0
0 718.0 73.5 10.0 15.0
0 727.0 83.0 14.0 14.0
0 741.0 70.5 12.0 15.0
0 746.5 88.5 11.0 15.0
0 741.5 102.0 13.0 18.0
0 769.5 107.0 15.0 18.0
0 769.0 78.5 12.0 17.0
0 797.0 80.0 14.0 16.0
0 817.0 90.5 10.0 15.0
0 807.5 123.5 17.0 25.0
0 792.0 140.0 20.0 20.0
0 833.0 134.0 16.0 26.0
0 843.5 118.5 15.0 19.0
0 843.5 104.0 11.0 12.0
0 845.5 88.0 13.0 14.0
