0 89.5 181.5 41.0 39.0
0 265.5 117.5 19.0 21.0
0 296.0 118.5 18.0 21.0
0 315.0 116.5 16.0 21.0
0 329.5 118.5 19.0 23.0
0 357.0 125.5 22.0 23.0
0 382.0 124.5 18.0 21.0
0 406.0 131.0 20.0 22.0
0 396.5 107.0 19.0 22.0
0 351.5 108.0 15.0 12.0
0 369.5 101.5 17.0 17.0
0 351.0 98.5 16.0 15.0
0 329.0 92.5 14.0 17.0
0 356.5 90.0 17.0 14.0
0 390.0 85.0 14.0 16.0
0 405.0 83.0 14.0 16.0
0 417.0 86.0 12.0 14.0
0 430.0 110.5 18.0 21.0
0 429.0 100.0 16.0 14.0
0 468.0 88.0 16.0 20.0
0 487.5 97.0 17.0 18.0
0 524.5 97.0 15.0 20.0
0 456.5 78.5 15.0 15.0
0 471.5 63.5 11.0 13.0
0 475.0 74.0 14.0 14.0
0 503.5 84.0 13.0 16.0
0 500.5 64.5 13.0 15.0
0 520.0 67.0 12.0 14.0
0 516.5 83.5 13.0 15.0
0 534.5 76.0 13.0 18.0
0 547.5 93.5 19.0 21.0
0 563.0 86.5 14.0 15.0
0 566.0 63.0 12.0 14.0
0 576.5 63.0 11.0 14.0
0 574.5 73.5 11.0 15.0
0 591.0 71.5 12.0 17.0
0 609.0 82.0 14.0 18.0
0 613.0 61.5 12.0 15.0
0 652.0 66.0 14.0 14.0
0 673.0 60.5 14.0 21.0
0 652.0 57.5 10.0 11.0
0 546.5 125.0 25.0 26.0
0 585.0 134.0 28.0 28.0
0 582.0 112.0 22.0 24.0
0 625.5 105.5 17.0 23.0
0 641.5 122.0 19.0 28.0
0 660.5 137.5 21.0 27.0
0 671.0 171.5 30.0 45.0
0 727.5 192.0 27.0 38.0
0 692.5 124.0 23.0 28.0
0 679.0 98.0 20.0 24.0
0 693.0 96.5 14.0 21.0
0 694.0 76.5 16.0 19.0
0 712.0 71.5 12.0 17.0
0 730.0 72.0 14.0 20.0
0 720.5 129.5 21.0 27.0
0 718.5 105.0 15.0 18.0
0 751.0 88.0 14.0 18.0
0 742.5 149.0 31.0 30.0
0 771.5 141.0 23.0 30.0
0 750.5 110.0 21.0 22.0
0 770.0 116.0 16.0 20.0
0 780.0 95.0 16.0 18.0
0 787.0 73.5 12.0 13.0
0 746.5 72.5 11.0 15.0
0 800.5 82.5 15.0 17.0
0 810.0 78.5 12.0 13.0
0 819.0 96.5 14.0 21.0
0 794.0 117.0 20.0 20.0
0 866.0 166.5 26.0 33.0
0 840.5 123.5 17.0 23.0
0 852.5 116.0 15.0 22.0
0 850.0 101.5 14.0 17.0
0 858.5 94.5 11.0 13.0
0 860.5 81.0 11.0 14.0
0 870.0 119.0 18.0 26.0
0 883.0 132.0 18.0 24.0
0 881.5 109.0 15.0 18.0
0 894.0 98.0 14.0 22.0
