0 62.0 138.0 14.0 20.0
0 107.0 138.0 14.0 18.0
0 286.5 125.5 15.0 19.0
0 324.5 104.5 15.0 15.0
0 386.0 108.5 18.0 21.0
0 415.5 98.0 15.0 18.0
0 433.0 78.0 18.0 16.0
0 507.5 93.0 13.0 18.0
0 586.5 69.5 15.0 15.0
0 467.0 110.5 16.0 21.0
0 406.5 140.5 17.0 21.0
0 413.5 124.0 13.0 18.0
0 519.5 100.5 13.0 19.0
0 585.0 116.0 20.0 22.0
0 619.5 101.5 17.0 21.0
0 575.5 136.5 21.0 27.0
0 586.5 164.0 25.0 36.0
0 619.5 185.0 33.0 34.0
0 623.0 153.5 20.0 23.0
0 621.0 120.0 18.0 18.0
0 677.5 123.5 21.0 21.0
0 746.0 132.0 20.0 28.0
0 747.0 158.5 18.0 31.0
0 787.0 164.5 18.0 31.0
0 808.0 155.5 18.0 27.0
0 860.5 128.0 17.0 24.0
0 842.0 178.5 22.0 35.0
0 841.0 229.0 28.0 36.0
0 453.0 96.0 14.0 22.0
