0 285.5 242.5 21.0 25.0
0 181.0 389.5 48.0 59.0
0 321.5 259.5 25.0 33.0
0 367.5 261.0 25.0 30.0
0 360.0 213.5 22.0 27.0
0 393.5 274.5 27.0 29.0
0 429.5 242.5 29.0 31.0
0 434.0 215.0 26.0 22.0
0 470.0 241.0 26.0 28.0
0 503.5 237.0 27.0 28.0
0 501.5 218.0 21.0 24.0
0 482.5 190.0 21.0 24.0
0 516.5 200.0 25.0 24.0
0 537.5 224.0 23.0 28.0
0 578.0 229.5 28.0 25.0
0 570.5 196.0 23.0 24.0
0 566.0 175.5 22.0 23.0
0 528.0 184.0 20.0 22.0
0 577.0 169.0 16.0 18.0
0 622.0 189.5 20.0 21.0
0 642.5 196.5 19.0 23.0
0 640.0 182.5 18.0 19.0
0 678.0 176.5 18.0 19.0
0 683.5 208.5 25.0 27.0
0 619.0 240.0 26.0 26.0
0 586.0 284.5 38.0 47.0
0 550.0 257.5 28.0 27.0
0 709.0 178.0 18.0 20.0
0 697.0 156.5 12.0 17.0
0 709.0 157.5 14.0 15.0
0 736.5 180.0 21.0 24.0
0 744.0 161.5 16.0 17.0
0 751.5 143.5 19.0 21.0
0 768.5 157.0 13.0 22.0
0 787.0 159.5 18.0 23.0
0 791.5 182.0 19.0 22.0
0 814.0 157.0 16.0 22.0
0 834.0 164.5 20.0 19.0
0 864.0 161.0 24.0 20.0
0 865.5 185.5 15.0 19.0
0 824.0 201.0 20.0 26.0
0 654.0 271.0 36.0 34.0
0 660.5 305.0 37.0 42.0
0 720.0 325.0 40.0 46.0
0 727.5 289.5 39.0 43.0
0 735.0 243.0 32.0 34.0
0 791.0 255.5 28.0 35.0
0 776.0 217.5 28.0 33.0
0 818.0 263.0 34.0 34.0
0 845.0 262.0 32.0 32.0
0 838.0 227.5 28.0 33.0
0 874.5 213.5 29.0 29.0
0 900.5 180.5 23.0 29.0
0 919.0 185.0 20.0 24.0
0 920.5 167.0 21.0 20.0
0 938.5 187.0 21.0 22.0
0 950.0 201.5 22.0 29.0
0 960.5 172.0 21.0 24.0
0 994.5 175.0 27.0 20.0
0 998.5 199.5 21.0 25.0
0 1007.0 215.5 22.0 23.0
0 1016.5 239.0 23.0 34.0
0 997.0 260.5 30.0 31.0
0 952.5 310.5 35.0 41.0
0 886.0 292.0 34.0 38.0
0 855.5 389.5 55.0 59.0
0 782.0 343.0 48.0 50.0
0 1000.0 368.0 44.0 54.0
0 1043.5 317.5 33.0 41.0
0 1052.5 255.0 23.0 34.0
0 1070.0 247.0 24.0 34.0
0 1082.0 232.0 18.0 24.0
0 1040.5 199.0 19.0 24.0
0 1030.0 182.5 16.0 21.0
0 1050.0 189.0 16.0 18.0
0 1080.0 187.0 16.0 18.0
0 1099.0 199.5 20.0 23.0
0 1099.0 249.0 20.0 32.0
0 1115.0 351.0 38.0 44.0
0 1115.5 318.0 23.0 30.0
0 1144.0 260.5 26.0 39.0
0 1126.5 220.5 19.0 25.0
0 1147.5 216.5 21.0 25.0
0 1150.5 201.0 17.0 20.0
