0 347.0 183.0 22.0 24.0
0 359.5 143.0 13.0 24.0
0 372.5 138.5 21.0 23.0
0 433.5 182.0 23.0 24.0
0 410.5 136.5 13.0 21.0
0 425.5 130.0 17.0 24.0
0 446.5 148.0 19.0 20.0
0 477.0 128.0 20.0 22.0
0 497.0 107.0 22.0 20.0
0 490.0 164.0 22.0 20.0
0 514.5 137.0 23.0 22.0
0 545.0 99.5 24.0 21.0
0 564.5 106.5 15.0 23.0
0 581.0 98.5 24.0 19.0
0 553.0 124.5 22.0 23.0
0 600.5 110.5 21.0 21.0
0 620.5 102.5 21.0 21.0
0 587.5 161.0 27.0 26.0
0 627.0 162.0 28.0 30.0
0 595.0 195.0 26.0 30.0
0 680.5 189.5 27.0 39.0
0 681.5 126.0 17.0 26.0
0 695.5 133.5 25.0 29.0
0 723.5 104.0 17.0 20.0
0 804.5 88.0 19.0 18.0
0 766.0 105.0 18.0 22.0
0 771.0 121.5 18.0 29.0
0 741.0 146.5 22.0 27.0
0 768.5 161.5 29.0 33.0
0 805.0 145.5 20.0 29.0
0 814.0 124.5 22.0 25.0
0 832.5 92.0 15.0 20.0
0 862.0 104.5 20.0 21.0
0 798.5 221.0 37.0 44.0
0 816.5 184.0 25.0 32.0
0 849.0 156.5 26.0 37.0
0 866.0 139.0 24.0 30.0
0 899.0 96.0 18.0 20.0
0 925.0 127.5 20.0 23.0
0 888.5 126.0 21.0 22.0
0 908.0 165.5 26.0 33.0
0 882.5 194.0 25.0 30.0
0 958.5 165.0 33.0 32.0
0 801.5 115.0 23.0 24.0
0 640.5 70.0 17.0 16.0
0 631.0 144.0 30.0 26.0
