0 286.0 213.5 54.0 55.0
0 302.5 132.5 19.0 21.0
0 331.0 131.0 18.0 20.0
0 339.0 146.5 24.0 27.0
0 360.5 106.5 19.0 21.0
0 381.5 145.5 23.0 27.0
0 396.5 109.5 21.0 21.0
0 404.0 123.5 20.0 23.0
0 420.0 117.5 20.0 23.0
0 404.5 102.0 17.0 16.0
0 430.5 95.0 13.0 20.0
0 449.0 117.5 22.0 21.0
0 434.0 138.0 20.0 24.0
0 449.5 143.0 23.0 26.0
0 488.0 119.0 22.0 26.0
0 475.0 111.0 14.0 18.0
0 451.0 87.5 10.0 13.0
0 473.0 93.5 14.0 19.0
0 455.5 100.5 21.0 19.0
0 500.5 91.0 15.0 20.0
0 512.0 108.0 20.0 24.0
0 507.5 76.5 15.0 15.0
0 529.5 89.5 19.0 21.0
0 533.0 69.0 12.0 16.0
0 546.0 78.0 16.0 20.0
0 553.5 70.0 13.0 16.0
0 555.0 101.5 22.0 25.0
0 573.5 82.0 15.0 20.0
0 585.5 75.0 17.0 20.0
0 564.5 89.0 15.0 20.0
0 588.5 103.0 19.0 22.0
0 599.0 105.0 24.0 28.0
0 621.5 101.5 21.0 27.0
0 603.5 84.0 17.0 20.0
0 618.5 62.5 15.0 17.0
0 632.5 73.5 13.0 17.0
0 639.5 86.5 13.0 21.0
0 648.0 56.5 14.0 17.0
0 642.0 62.5 14.0 15.0
0 667.5 72.5 15.0 17.0
0 673.5 61.0 11.0 16.0
0 685.0 86.5 18.0 25.0
0 690.5 80.0 15.0 16.0
0 685.0 69.0 12.0 14.0
0 687.0 60.5 14.0 17.0
0 719.0 64.0 12.0 14.0
0 726.0 70.5 16.0 21.0
0 736.0 63.0 14.0 16.0
0 601.0 143.0 24.0 30.0
0 655.5 152.5 25.0 33.0
0 650.0 132.0 24.0 24.0
0 705.0 161.5 32.0 35.0
0 701.5 139.5 25.0 21.0
0 710.0 106.0 22.0 26.0
0 713.5 202.5 35.0 45.0
0 792.0 228.5 32.0 43.0
0 836.0 178.0 30.0 44.0
0 812.0 144.0 26.0 36.0
0 790.5 133.0 25.0 28.0
0 767.5 142.5 25.0 31.0
0 754.0 112.0 20.0 26.0
0 745.5 101.5 17.0 21.0
0 783.5 95.5 19.0 23.0
0 780.5 82.0 15.0 16.0
0 793.5 75.0 15.0 20.0
0 831.0 81.0 14.0 20.0
0 829.5 68.5 13.0 13.0
0 841.5 101.0 17.0 20.0
0 851.5 120.0 19.0 24.0
0 868.0 114.5 18.0 23.0
0 881.5 100.0 17.0 22.0
0 894.5 94.5 15.0 23.0
0 878.0 81.0 16.0 20.0
0 860.5 81.0 11.0 18.0
0 901.0 128.5 20.0 27.0
0 894.0 155.0 26.0 28.0
0 970.5 216.0 31.0 36.0
0 951.5 132.0 25.0 28.0
0 992.0 151.5 24.0 31.0
0 1001.0 121.5 18.0 23.0
0 1015.5 109.5 15.0 21.0
0 964.5 113.5 15.0 23.0
0 968.5 95.0 17.0 24.0
0 925.0 107.0 22.0 24.0
0 932.0 92.0 18.0 22.0
