0 184.0 212.0 40.0 42.0
0 292.5 121.0 15.0 20.0
0 301.5 133.5 17.0 21.0
0 318.0 136.5 18.0 23.0
0 340.5 139.0 17.0 20.0
0 348.5 113.5 17.0 19.0
0 337.0 102.5 12.0 13.0
0 372.5 112.0 17.0 18.0
0 374.0 136.0 18.0 20.0
0 406.5 135.0 19.0 20.0
0 407.0 107.0 12.0 16.0
0 407.5 89.5 11.0 13.0
0 433.5 93.5 15.0 19.0
0 459.5 95.5 15.0 19.0
0 461.5 83.0 15.0 14.0
0 480.0 81.5 14.0 15.0
0 478.5 95.5 15.0 19.0
0 477.0 120.0 14.0 22.0
0 444.5 124.0 17.0 16.0
0 489.5 74.5 13.0 13.0
0 517.0 75.5 14.0 17.0
0 497.5 96.5 13.0 15.0
0 515.5 95.5 15.0 17.0
0 522.5 100.5 15.0 17.0
0 486.0 157.5 22.0 27.0
0 539.0 157.0 24.0 30.0
0 556.0 138.5 22.0 27.0
0 585.5 184.0 27.0 30.0
0 612.5 136.5 23.0 27.0
0 622.5 120.5 19.0 19.0
0 613.5 84.0 11.0 14.0
0 581.0 98.0 14.0 16.0
0 547.0 102.5 14.0 17.0
0 545.0 90.5 14.0 15.0
0 561.0 85.5 12.0 13.0
0 541.0 81.5 12.0 11.0
0 547.5 73.0 15.0 14.0
0 578.0 68.5 14.0 19.0
0 597.0 70.5 14.0 17.0
0 614.5 69.5 11.0 15.0
0 623.0 62.0 12.0 14.0
0 656.5 60.0 11.0 14.0
0 648.5 76.5 13.0 13.0
0 681.0 68.5 12.0 13.0
0 684.5 59.5 9.0 11.0
0 708.0 59.5 10.0 11.0
0 657.0 101.0 14.0 16.0
0 683.0 112.0 20.0 16.0
0 693.0 97.5 12.0 13.0
0 739.5 77.0 13.0 18.0
0 665.0 151.0 22.0 28.0
0 688.5 173.0 27.0 30.0
0 719.0 167.0 22.0 26.0
0 737.0 217.5 28.0 39.0
0 770.5 172.0 21.0 30.0
0 756.5 129.5 19.0 21.0
0 725.5 123.5 19.0 19.0
0 746.5 110.0 15.0 18.0
0 724.0 108.5 16.0 15.0
0 781.0 80.0 12.0 16.0
0 788.0 92.0 14.0 20.0
0 793.5 120.0 15.0 18.0
0 795.5 142.5 19.0 27.0
0 842.5 163.5 21.0 29.0
0 809.0 231.0 26.0 38.0
0 860.0 145.5 18.0 23.0
0 868.5 129.0 17.0 22.0
0 917.0 122.0 16.0 24.0
0 913.5 161.5 19.0 23.0
0 913.0 186.5 22.0 31.0
0 891.0 230.5 32.0 41.0
