0 198.0 288.5 48.0 61.0
0 273.0 144.5 26.0 31.0
0 291.5 140.5 27.0 33.0
0 326.5 135.5 19.0 25.0
0 348.0 141.5 20.0 25.0
0 387.0 106.5 26.0 23.0
0 419.0 120.0 18.0 24.0
0 455.5 130.0 25.0 26.0
0 491.5 86.5 27.0 25.0
0 597.0 85.0 20.0 24.0
0 561.5 40.5 11.0 13.0
0 584.0 32.0 14.0 18.0
0 697.5 83.0 15.0 16.0
0 674.5 35.0 15.0 18.0
0 722.0 71.0 16.0 18.0
0 726.5 82.5 13.0 17.0
0 762.0 41.0 18.0 18.0
0 795.0 41.0 16.0 20.0
0 825.5 80.0 17.0 22.0
0 844.5 84.0 15.0 22.0
0 908.5 157.0 23.0 34.0
0 951.0 116.0 20.0 24.0
0 977.0 156.0 20.0 28.0
0 1009.0 152.5 22.0 29.0
0 1028.5 113.5 19.0 21.0
