0 365.0 123.0 20.0 24.0
0 418.5 144.0 23.0 26.0
0 448.0 126.0 14.0 20.0
0 470.0 129.0 20.0 24.0
0 531.0 127.5 20.0 21.0
0 535.0 106.5 18.0 17.0
0 572.0 112.0 16.0 22.0
0 619.5 99.0 21.0 18.0
0 660.0 79.5 14.0 19.0
0 744.0 36.5 14.0 17.0
0 758.0 106.0 20.0 24.0
0 704.5 112.5 19.0 19.0
0 678.5 149.0 23.0 26.0
0 769.5 161.0 23.0 32.0
0 820.5 151.0 21.0 24.0
0 895.5 199.5 23.0 29.0
0 917.5 171.5 19.0 29.0
0 884.0 135.0 16.0 22.0
0 895.5 116.0 15.0 22.0
0 944.5 130.0 17.0 20.0
0 980.0 122.0 16.0 22.0
0 984.0 164.0 18.0 24.0
