0 48.0 261.0 30.0 36.0
0 277.0 162.0 20.0 18.0
0 292.5 160.5 19.0 23.0
0 336.0 147.0 20.0 26.0
0 353.0 132.0 20.0 22.0
0 359.0 151.0 22.0 22.0
0 387.0 172.5 22.0 25.0
0 414.0 175.0 24.0 28.0
0 377.0 154.5 18.0 19.0
0 382.5 134.5 23.0 25.0
0 408.5 111.5 19.0 21.0
0 422.5 129.0 19.0 20.0
0 434.5 107.0 17.0 20.0
0 446.5 119.5 17.0 25.0
0 469.5 117.5 19.0 23.0
0 484.0 133.5 24.0 23.0
0 502.5 139.5 27.0 27.0
0 506.5 117.5 23.0 23.0
0 490.0 89.5 20.0 13.0
0 506.0 100.0 20.0 18.0
0 549.0 112.5 20.0 21.0
0 566.0 129.5 22.0 27.0
0 535.5 79.5 13.0 15.0
0 586.5 92.5 17.0 19.0
0 615.5 131.5 21.0 27.0
0 533.0 177.0 28.0 34.0
0 614.0 177.5 32.0 39.0
0 605.5 75.0 15.0 16.0
0 625.0 75.0 14.0 20.0
0 622.0 98.5 18.0 19.0
0 638.5 86.0 17.0 16.0
0 658.0 87.0 14.0 16.0
0 656.0 70.0 12.0 16.0
0 691.0 73.0 14.0 14.0
0 686.0 86.5 16.0 15.0
0 652.5 119.5 19.0 19.0
0 699.0 108.0 18.0 20.0
0 713.0 119.0 22.0 22.0
0 717.0 92.0 16.0 18.0
0 725.0 76.0 16.0 20.0
0 736.0 88.5 18.0 19.0
0 767.0 100.0 18.0 22.0
0 755.0 92.0 12.0 16.0
0 744.5 109.5 19.0 23.0
0 666.5 146.0 31.0 32.0
0 652.0 181.0 34.0 38.0
0 704.0 169.0 26.0 32.0
0 750.0 173.5 28.0 35.0
0 771.5 136.0 23.0 26.0
0 782.5 119.5 19.0 21.0
0 790.5 69.5 17.0 19.0
0 804.0 81.5 18.0 21.0
0 819.0 77.5 14.0 19.0
0 831.5 86.0 17.0 16.0
0 830.0 103.0 20.0 22.0
0 815.5 100.5 15.0 19.0
0 817.0 123.0 22.0 26.0
0 806.5 144.5 25.0 31.0
0 819.5 168.5 29.0 35.0
0 881.0 125.5 24.0 29.0
0 900.5 193.0 35.0 34.0
0 916.0 142.5 24.0 29.0
0 897.0 117.5 20.0 25.0
0 893.0 92.0 18.0 20.0
0 913.5 96.0 15.0 26.0
0 943.5 97.5 15.0 19.0
0 953.5 95.5 11.0 13.0
0 959.0 109.5 16.0 19.0
0 950.5 125.0 19.0 22.0
0 966.5 140.0 19.0 26.0
0 979.0 154.0 24.0 30.0
