0 203.5 254.5 51.0 47.0
0 300.5 149.5 15.0 15.0
0 316.5 152.5 17.0 17.0
0 313.0 167.5 20.0 17.0
0 397.0 171.5 20.0 21.0
0 426.0 133.0 16.0 14.0
0 414.5 117.0 15.0 12.0
0 412.5 108.5 13.0 11.0
0 451.5 109.0 17.0 22.0
0 489.0 93.0 12.0 16.0
0 506.0 96.0 16.0 18.0
0 478.0 115.5 16.0 19.0
0 495.5 124.0 17.0 22.0
0 468.0 145.0 24.0 26.0
0 502.5 143.5 29.0 27.0
0 526.0 123.0 20.0 22.0
0 536.5 95.5 13.0 15.0
0 550.5 78.0 13.0 12.0
0 569.0 106.0 12.0 14.0
0 588.0 109.5 14.0 15.0
0 591.0 79.5 14.0 15.0
0 604.5 82.0 15.0 14.0
0 631.0 73.5 12.0 11.0
0 640.0 66.5 14.0 13.0
0 671.5 68.5 19.0 15.0
0 660.0 89.5 16.0 15.0
0 637.5 107.0 17.0 20.0
0 702.5 83.0 13.0 14.0
0 722.0 67.5 16.0 11.0
0 752.5 65.0 17.0 16.0
0 799.5 71.0 15.0 14.0
0 820.0 80.0 12.0 14.0
0 811.5 86.5 15.0 15.0
0 802.0 93.0 12.0 14.0
0 837.0 86.0 14.0 22.0
0 860.0 91.5 16.0 21.0
0 891.5 91.5 15.0 19.0
0 898.0 83.0 14.0 14.0
0 926.5 84.0 15.0 16.0
0 921.5 95.5 15.0 15.0
0 909.0 106.0 18.0 22.0
0 964.0 96.5 14.0 13.0
0 957.5 107.5 19.0 21.0
0 945.0 126.0 20.0 24.0
0 986.5 92.5 11.0 11.0
0 994.0 129.0 14.0 14.0
0 995.0 152.0 22.0 22.0
0 980.0 179.5 24.0 31.0
0 927.5 151.5 21.0 25.0
0 888.5 127.5 17.0 21.0
0 871.0 145.0 18.0 24.0
0 827.0 130.0 20.0 26.0
0 783.5 121.0 21.0 24.0
0 786.0 107.0 14.0 18.0
0 744.0 98.5 16.0 15.0
0 736.5 113.0 19.0 24.0
0 700.5 112.5 17.0 21.0
0 711.0 130.0 22.0 24.0
0 661.0 127.5 20.0 21.0
0 628.0 147.5 22.0 23.0
0 673.0 152.0 18.0 22.0
0 750.0 139.0 20.0 22.0
0 687.0 180.5 26.0 27.0
0 571.0 200.0 28.0 26.0
0 533.0 218.5 28.0 27.0
0 547.5 135.0 19.0 18.0
0 785.5 152.5 25.0 33.0
0 748.5 197.5 27.0 33.0
0 801.5 198.0 31.0 38.0
0 834.0 161.0 28.0 30.0
0 882.0 215.5 32.0 35.0
0 980.0 260.5 40.0 39.0
