0 193.0 278.0 52.0 52.0
0 277.5 157.5 15.0 15.0
0 291.0 160.0 14.0 18.0
0 345.5 147.5 17.0 21.0
0 359.5 150.0 15.0 16.0
0 377.0 155.0 18.0 18.0
0 389.5 174.5 19.0 23.0
0 422.5 176.0 19.0 26.0
0 352.5 127.0 13.0 14.0
0 367.0 127.0 14.0 18.0
0 382.0 136.0 16.0 16.0
0 428.0 131.0 18.0 20.0
0 410.5 115.5 13.0 15.0
0 390.5 114.5 13.0 17.0
0 443.0 114.5 14.0 17.0
0 479.5 114.0 15.0 16.0
0 504.0 138.0 20.0 24.0
0 485.5 132.0 17.0 18.0
0 493.5 90.0 13.0 12.0
0 521.0 78.0 10.0 14.0
0 512.0 103.5 18.0 15.0
0 548.5 109.0 15.0 18.0
0 567.5 124.0 19.0 24.0
0 555.0 96.0 12.0 14.0
0 591.5 98.5 13.0 15.0
0 608.0 87.5 12.0 11.0
0 624.0 98.5 16.0 17.0
0 653.5 89.0 15.0 16.0
0 641.5 83.0 11.0 16.0
0 609.0 70.0 14.0 14.0
0 654.5 69.0 11.0 12.0
0 641.0 70.0 12.0 10.0
0 685.0 83.0 12.0 16.0
0 695.0 71.0 12.0 14.0
0 727.0 74.5 16.0 19.0
0 543.5 180.5 25.0 27.0
0 591.0 178.5 26.0 29.0
0 592.5 149.5 23.0 25.0
0 650.0 210.0 32.0 30.0
0 670.0 147.5 20.0 25.0
0 727.5 153.0 23.0 26.0
0 771.0 177.5 22.0 25.0
0 822.0 166.5 22.0 29.0
0 911.0 183.5 20.0 29.0
0 702.5 119.0 17.0 18.0
0 707.5 107.0 15.0 14.0
0 741.0 87.5 12.0 13.0
0 761.5 90.5 11.0 13.0
0 769.5 103.0 17.0 20.0
0 749.0 117.5 18.0 17.0
0 764.5 132.5 19.0 21.0
0 785.0 120.5 16.0 21.0
0 816.0 137.5 18.0 21.0
0 825.5 123.0 15.0 24.0
0 825.5 97.0 13.0 16.0
0 806.5 84.0 17.0 20.0
0 778.5 70.0 13.0 14.0
0 820.5 71.0 15.0 16.0
0 837.0 81.5 12.0 15.0
0 856.0 102.0 14.0 18.0
0 897.0 125.5 14.0 23.0
0 898.5 91.5 13.0 15.0
0 918.0 91.0 14.0 22.0
0 949.5 103.0 15.0 22.0
0 983.5 153.0 17.0 28.0
0 969.0 132.5 16.0 19.0
0 989.5 135.5 19.0 21.0
0 905.5 118.5 23.0 23.0
0 906.0 161.0 24.0 28.0
0 956.0 93.5 16.0 19.0
0 668.0 123.0 22.0 26.0
