0 134.5 381.5 45.0 55.0
0 254.5 238.0 23.0 24.0
0 298.0 241.5 22.0 27.0
0 320.0 261.5 24.0 31.0
0 323.0 215.0 22.0 24.0
0 382.5 250.0 27.0 36.0
0 406.5 229.5 23.0 25.0
0 404.0 206.0 20.0 22.0
0 439.5 240.5 27.0 31.0
0 478.0 230.5 28.0 29.0
0 515.0 232.5 26.0 27.0
0 468.0 205.0 22.0 22.0
0 451.0 181.5 20.0 21.0
0 493.5 178.5 17.0 21.0
0 518.0 181.0 20.0 24.0
0 543.5 185.5 19.0 21.0
0 554.5 216.5 25.0 25.0
0 588.5 225.0 25.0 28.0
0 534.5 170.5 15.0 21.0
0 544.5 164.0 17.0 16.0
0 592.5 183.0 21.0 20.0
0 609.5 190.5 21.0 23.0
0 647.5 198.5 27.0 31.0
0 623.0 171.5 24.0 23.0
0 651.5 159.5 19.0 23.0
0 669.5 155.0 15.0 18.0
0 676.0 157.5 14.0 19.0
0 687.5 164.0 17.0 18.0
0 682.5 184.5 21.0 23.0
0 709.0 177.5 20.0 23.0
0 705.5 154.0 19.0 20.0
0 712.5 144.5 15.0 21.0
0 739.0 149.0 16.0 20.0
0 753.0 155.0 18.0 22.0
0 760.0 170.5 18.0 19.0
0 795.0 158.5 18.0 21.0
0 793.0 145.5 16.0 17.0
0 808.0 157.5 16.0 21.0
0 792.0 193.5 22.0 25.0
0 750.0 208.5 22.0 29.0
0 707.5 227.0 31.0 36.0
0 629.5 248.5 31.0 37.0
0 559.0 283.5 38.0 47.0
0 641.0 281.0 42.0 38.0
0 711.0 265.0 30.0 38.0
0 701.0 315.5 38.0 47.0
0 749.5 328.5 45.0 51.0
0 772.5 254.0 31.0 42.0
0 814.5 253.0 27.0 36.0
0 807.0 220.5 22.0 27.0
0 831.0 207.5 20.0 27.0
0 833.5 176.0 17.0 20.0
0 867.0 175.5 22.0 23.0
0 880.5 166.0 17.0 20.0
0 916.5 182.0 17.0 18.0
0 926.5 164.5 19.0 23.0
0 927.0 198.5 20.0 23.0
0 962.5 171.0 19.0 26.0
0 959.5 205.5 21.0 27.0
0 967.0 251.5 30.0 33.0
0 931.5 299.0 31.0 42.0
0 851.5 282.0 37.0 40.0
0 831.0 371.5 46.0 53.0
0 971.0 356.5 38.0 51.0
0 999.5 329.5 35.0 45.0
0 1021.5 276.0 29.0 40.0
0 1036.5 234.0 23.0 30.0
0 1003.5 226.5 25.0 27.0
0 1005.5 189.0 17.0 22.0
0 999.5 177.5 17.0 19.0
0 1022.0 192.0 16.0 22.0
0 1046.0 178.5 16.0 21.0
0 1067.5 202.0 17.0 24.0
0 1055.0 223.5 18.0 27.0
0 1087.5 228.0 19.0 24.0
0 1086.5 212.0 15.0 22.0
0 1113.0 213.5 16.0 23.0
0 1118.0 193.0 18.0 22.0
0 1108.0 246.5 22.0 31.0
0 1097.5 324.5 37.0 51.0
