0 301.0 315.5 60.0 69.0
0 345.0 179.0 20.0 20.0
0 377.0 174.0 20.0 24.0
0 403.0 180.0 22.0 26.0
0 426.5 181.0 25.0 32.0
0 412.5 158.0 23.0 22.0
0 405.0 150.5 20.0 15.0
0 397.0 177.0 16.0 18.0
0 471.5 185.5 25.0 29.0
0 503.0 194.5 28.0 31.0
0 499.0 163.0 24.0 26.0
0 473.5 137.5 23.0 27.0
0 498.5 122.0 21.0 20.0
0 528.0 130.5 18.0 21.0
0 538.5 121.0 19.0 26.0
0 569.0 158.0 26.0 26.0
0 597.5 161.5 23.0 29.0
0 564.0 111.0 20.0 22.0
0 586.0 112.5 18.0 25.0
0 649.0 141.5 26.0 23.0
0 676.0 120.5 22.0 25.0
0 642.5 106.0 17.0 20.0
0 622.5 89.0 15.0 18.0
0 685.0 102.0 20.0 20.0
0 714.5 122.0 19.0 24.0
0 726.0 106.0 20.0 22.0
0 762.5 101.5 17.0 21.0
0 777.0 93.0 18.0 20.0
0 761.0 70.5 20.0 25.0
0 805.5 84.0 19.0 20.0
0 842.5 80.0 17.0 22.0
0 618.0 205.0 36.0 36.0
0 673.0 229.0 40.0 44.0
0 690.5 183.0 31.0 34.0
0 764.0 152.5 24.0 31.0
0 779.5 180.0 33.0 34.0
0 837.5 174.5 33.0 33.0
0 853.5 216.5 41.0 43.0
0 927.5 239.5 45.0 51.0
0 905.0 209.0 34.0 44.0
0 984.0 193.5 34.0 37.0
0 942.0 155.5 26.0 29.0
0 877.0 159.5 32.0 31.0
0 818.0 126.0 22.0 26.0
0 860.0 111.0 22.0 26.0
0 906.5 109.5 21.0 27.0
0 947.0 105.5 20.0 19.0
0 960.5 123.5 19.0 25.0
0 979.0 109.5 16.0 21.0
0 1007.5 124.5 17.0 25.0
0 975.0 152.0 26.0 28.0
0 1011.0 163.5 28.0 37.0
0 1042.5 109.5 15.0 21.0
0 1021.5 121.0 19.0 22.0
0 1081.5 215.5 35.0 37.0
0 1066.5 142.0 19.0 28.0
0 1054.5 128.5 21.0 31.0
0 1083.5 101.5 21.0 25.0
0 1085.0 160.0 26.0 34.0
0 1101.0 155.5 20.0 29.0
0 1101.5 137.5 19.0 21.0
0 1142.5 181.0 27.0 36.0
