0 354.5 124.0 19.0 20.0
0 399.0 121.5 16.0 17.0
0 408.5 111.5 13.0 13.0
0 757.0 190.0 44.0 48.0
0 453.5 109.5 21.0 15.0
0 467.5 111.0 13.0 18.0
0 476.0 92.0 10.0 12.0
0 490.5 96.5 19.0 21.0
0 509.0 126.5 24.0 25.0
0 522.0 105.5 18.0 25.0
0 515.5 89.0 11.0 8.0
0 534.5 88.5 17.0 17.0
0 542.5 98.5 19.0 21.0
0 548.0 114.0 10.0 20.0
0 562.0 106.5 14.0 17.0
0 557.0 84.5 14.0 19.0
0 586.5 84.5 11.0 13.0
0 599.5 116.5 21.0 21.0
0 623.5 82.5 19.0 19.0
0 640.0 85.5 16.0 19.0
0 643.0 100.5 12.0 13.0
0 666.5 70.0 9.0 14.0
0 678.0 91.0 16.0 16.0
0 709.5 80.5 19.0 27.0
0 728.0 73.5 18.0 23.0
0 740.5 85.0 23.0 28.0
0 763.5 79.0 11.0 12.0
0 637.0 146.5 24.0 25.0
0 670.0 129.0 20.0 24.0
0 712.0 123.0 12.0 16.0
0 716.0 146.0 22.0 22.0
0 748.5 151.5 31.0 31.0
0 750.0 110.0 14.0 16.0
0 765.0 122.5 18.0 21.0
0 789.5 94.0 21.0 18.0
0 792.5 112.5 17.0 19.0
0 812.5 89.5 19.0 19.0
0 821.5 88.5 9.0 17.0
0 855.0 108.5 20.0 21.0
0 838.0 111.5 16.0 21.0
0 854.0 134.0 16.0 20.0
0 871.0 98.5 16.0 17.0
0 885.5 89.5 15.0 17.0
0 878.5 121.0 13.0 18.0
0 903.5 114.5 19.0 19.0
0 923.0 90.0 14.0 18.0
0 924.5 127.0 15.0 26.0
0 955.0 96.5 14.0 15.0
0 952.0 143.5 24.0 23.0
0 941.0 168.0 18.0 26.0
0 976.0 114.0 18.0 22.0
0 1007.5 109.0 13.0 14.0
0 1004.5 139.0 19.0 20.0
0 504.0 106.0 22.0 18.0
0 691.0 98.0 16.0 20.0
