0 225.0 292.5 52.0 59.0
0 325.0 292.5 56.0 61.0
0 220.0 153.5 38.0 43.0
0 291.5 131.5 25.0 29.0
0 345.5 111.0 19.0 24.0
0 360.5 126.0 23.0 30.0
0 365.5 116.0 21.0 26.0
0 468.0 138.5 26.0 37.0
0 521.5 148.5 37.0 41.0
0 465.0 91.0 16.0 22.0
0 488.0 107.0 20.0 22.0
0 486.0 60.0 20.0 26.0
0 529.5 92.5 19.0 19.0
0 522.5 114.0 23.0 30.0
0 576.0 103.5 24.0 25.0
0 596.5 95.5 19.0 21.0
0 601.5 69.0 19.0 22.0
0 626.0 46.0 18.0 20.0
0 633.0 98.0 20.0 22.0
0 623.5 94.0 17.0 22.0
0 676.5 56.0 23.0 24.0
0 756.0 65.0 26.0 28.0
0 643.5 135.5 41.0 41.0
0 794.5 77.0 25.0 26.0
0 816.5 39.0 15.0 20.0
0 835.0 75.5 26.0 25.0
