0 269.5 220.0 39.0 44.0
0 275.5 170.5 21.0 21.0
0 304.5 162.0 21.0 20.0
0 324.0 154.5 22.0 23.0
0 332.5 179.5 29.0 25.0
0 333.0 139.5 18.0 17.0
0 357.0 136.0 18.0 20.0
0 370.0 163.0 22.0 28.0
0 387.0 135.0 20.0 24.0
0 404.5 127.5 19.0 23.0
0 432.5 138.0 21.0 26.0
0 458.5 165.5 23.0 27.0
0 459.5 146.0 19.0 22.0
0 441.0 103.5 14.0 21.0
0 495.0 142.0 22.0 28.0
0 500.5 118.0 17.0 20.0
0 511.0 99.0 12.0 16.0
0 502.5 93.5 13.0 15.0
0 485.0 83.5 12.0 13.0
0 461.5 116.0 19.0 18.0
0 543.0 114.5 20.0 19.0
0 518.5 80.0 13.0 16.0
0 557.0 97.0 18.0 18.0
0 561.0 81.0 16.0 18.0
0 575.5 96.5 21.0 21.0
0 599.5 99.0 21.0 22.0
0 576.0 121.0 22.0 18.0
0 587.0 80.0 12.0 14.0
0 599.0 68.0 18.0 14.0
0 628.5 59.0 15.0 16.0
0 634.0 72.0 16.0 16.0
0 634.5 89.0 17.0 20.0
0 652.0 84.0 20.0 20.0
0 669.5 71.5 13.0 17.0
0 670.0 60.5 14.0 17.0
0 695.5 60.0 13.0 18.0
0 698.0 71.5 16.0 19.0
0 734.0 65.0 18.0 20.0
0 728.0 92.0 20.0 28.0
0 684.5 119.0 21.0 22.0
0 644.0 134.0 24.0 30.0
0 603.5 145.0 25.0 28.0
0 576.0 193.5 32.0 37.0
0 518.5 181.5 31.0 31.0
0 624.0 220.0 36.0 38.0
0 726.5 203.5 33.0 37.0
0 707.0 157.0 24.0 28.0
0 703.5 127.0 25.0 28.0
0 745.5 133.5 27.0 29.0
0 757.5 108.0 23.0 24.0
0 760.0 88.0 20.0 20.0
0 777.5 103.0 17.0 24.0
0 796.0 116.5 24.0 29.0
0 801.5 132.0 23.0 24.0
0 835.0 175.5 30.0 37.0
0 764.5 177.0 27.0 34.0
0 784.0 80.0 18.0 22.0
0 809.0 65.5 14.0 19.0
0 826.5 76.0 15.0 14.0
0 829.5 97.5 23.0 21.0
0 859.5 110.5 19.0 23.0
0 877.5 153.0 27.0 30.0
0 906.0 119.5 16.0 23.0
0 894.0 101.0 16.0 22.0
0 883.5 86.0 17.0 20.0
0 853.5 88.0 13.0 16.0
0 863.0 80.0 12.0 18.0
0 920.0 95.5 16.0 21.0
0 927.5 76.5 17.0 17.0
0 954.5 78.5 15.0 19.0
0 961.0 98.5 18.0 21.0
0 944.5 103.0 21.0 20.0
0 931.5 122.5 19.0 25.0
0 928.5 138.0 19.0 20.0
0 995.0 166.5 24.0 27.0
0 958.5 127.5 19.0 25.0
0 990.5 125.0 19.0 20.0
0 987.5 107.0 13.0 16.0
0 989.5 92.5 13.0 13.0
