0 54.0 244.0 32.0 40.0
0 273.0 172.0 18.0 18.0
0 308.5 157.5 15.0 17.0
0 315.5 156.0 21.0 20.0
0 334.0 134.5 16.0 15.0
0 372.5 131.0 15.0 18.0
0 368.0 161.0 18.0 20.0
0 396.5 129.0 15.0 18.0
0 408.0 121.5 16.0 15.0
0 438.0 105.0 14.0 16.0
0 457.0 104.0 14.0 16.0
0 467.5 122.5 21.0 23.0
0 432.5 175.5 21.0 31.0
0 455.0 131.5 16.0 15.0
0 483.5 86.0 11.0 12.0
0 487.5 101.0 17.0 20.0
0 502.5 115.0 15.0 18.0
0 490.0 132.0 18.0 24.0
0 517.0 136.5 20.0 21.0
0 506.0 94.0 14.0 18.0
0 520.0 80.5 10.0 15.0
0 533.0 88.0 12.0 12.0
0 571.0 84.0 18.0 20.0
0 576.5 99.5 21.0 19.0
0 587.0 117.0 20.0 24.0
0 525.5 118.5 19.0 23.0
0 510.5 183.0 25.0 30.0
0 608.5 67.0 13.0 14.0
0 623.0 93.0 16.0 18.0
0 625.5 78.5 13.0 11.0
0 634.5 64.0 13.0 14.0
0 651.5 69.0 13.0 14.0
0 671.0 59.0 10.0 12.0
0 682.5 62.5 11.0 13.0
0 694.5 66.0 11.0 14.0
0 667.5 84.5 13.0 19.0
0 657.0 118.5 18.0 25.0
0 651.5 151.5 21.0 27.0
0 606.5 150.0 21.0 24.0
0 599.5 175.0 23.0 30.0
0 652.0 196.5 32.0 31.0
0 722.5 195.0 33.0 34.0
0 708.5 126.0 21.0 28.0
0 698.0 109.0 18.0 18.0
0 716.0 74.0 14.0 14.0
0 724.5 89.0 15.0 18.0
0 749.5 58.5 15.0 19.0
0 757.0 86.0 14.0 18.0
0 752.0 106.5 16.0 21.0
0 754.5 137.0 19.0 20.0
0 767.5 178.0 25.0 30.0
0 834.5 172.5 27.0 29.0
0 828.5 131.5 21.0 25.0
0 798.5 110.5 17.0 19.0
0 785.5 93.5 15.0 19.0
0 787.5 73.0 13.0 16.0
0 798.0 80.5 14.0 17.0
0 797.0 71.5 12.0 11.0
0 813.5 95.5 17.0 17.0
0 822.5 76.5 15.0 15.0
0 840.5 72.5 11.0 15.0
0 849.5 79.5 11.0 17.0
0 852.5 106.0 17.0 20.0
0 865.5 98.5 13.0 19.0
0 866.5 79.5 13.0 19.0
0 885.0 84.0 14.0 20.0
0 900.5 105.5 15.0 21.0
0 911.0 92.0 14.0 22.0
0 922.0 87.0 14.0 16.0
0 929.5 75.5 11.0 13.0
0 959.5 79.0 13.0 16.0
0 947.5 97.5 13.0 17.0
0 945.0 118.0 18.0 20.0
0 929.5 134.5 19.0 23.0
0 994.0 93.5 12.0 17.0
0 988.5 115.5 13.0 19.0
0 983.5 168.5 21.0 33.0
0 737.5 151.5 23.0 31.0
0 416.5 135.5 19.0 19.0
0 546.5 101.5 17.0 19.0
