0 95.0 284.0 44.0 58.0
0 294.5 122.0 15.0 20.0
0 313.5 127.0 15.0 24.0
0 333.5 125.5 15.0 21.0
0 349.0 136.0 14.0 26.0
0 380.0 136.0 20.0 22.0
0 423.5 131.0 21.0 22.0
0 491.0 158.5 22.0 27.0
0 538.5 162.0 25.0 34.0
0 599.0 187.0 24.0 34.0
0 698.5 174.0 23.0 30.0
0 750.0 210.0 24.0 28.0
0 810.0 216.0 24.0 34.0
0 888.5 228.0 27.0 30.0
0 912.5 186.0 17.0 32.0
0 847.0 162.5 22.0 31.0
0 806.5 142.5 21.0 25.0
0 775.5 170.0 19.0 30.0
0 724.5 157.5 19.0 25.0
0 680.0 135.0 22.0 28.0
0 629.0 132.5 24.0 25.0
0 575.0 127.5 22.0 25.0
0 488.5 121.0 19.0 16.0
0 451.0 118.5 20.0 15.0
0 342.5 100.5 17.0 15.0
0 381.5 110.5 11.0 21.0
0 423.0 79.5 16.0 17.0
0 415.0 101.0 16.0 14.0
0 442.0 93.5 16.0 23.0
0 472.0 75.5 16.0 11.0
0 485.0 97.5 14.0 17.0
0 522.5 98.5 15.0 21.0
0 516.5 76.5 11.0 13.0
0 527.5 69.5 15.0 15.0
0 547.0 69.0 18.0 14.0
0 582.5 65.5 9.0 11.0
0 598.5 71.5 13.0 15.0
0 622.5 71.5 19.0 13.0
0 617.5 87.5 15.0 17.0
0 583.5 95.5 17.0 15.0
0 562.5 103.0 17.0 14.0
0 554.5 87.0 15.0 16.0
0 667.5 108.0 15.0 18.0
0 713.5 102.5 17.0 19.0
0 697.5 90.0 15.0 18.0
0 666.5 75.0 15.0 16.0
0 663.5 58.5 11.0 11.0
0 686.0 67.5 16.0 13.0
0 684.5 57.0 15.0 8.0
0 711.5 65.0 13.0 12.0
0 746.5 73.5 15.0 19.0
0 780.5 77.0 11.0 18.0
0 795.0 86.0 14.0 16.0
0 748.5 92.0 13.0 18.0
0 761.0 137.0 20.0 24.0
0 801.5 120.0 19.0 14.0
0 703.5 126.5 21.0 21.0
0 864.5 149.5 19.0 25.0
0 877.5 127.0 19.0 24.0
0 921.5 124.5 19.0 27.0
0 919.5 159.0 19.0 22.0
0 754.5 112.0 23.0 18.0
0 648.0 72.0 12.0 14.0
