0 244.0 294.0 62.0 60.0
0 325.5 191.5 21.0 25.0
0 352.0 187.0 22.0 26.0
0 382.5 190.0 23.0 26.0
0 408.5 189.0 25.0 24.0
0 433.5 192.0 21.0 28.0
0 386.0 164.5 22.0 23.0
0 418.5 161.0 21.0 26.0
0 481.0 199.5 30.0 29.0
0 546.5 172.0 25.0 26.0
0 516.0 170.0 26.0 28.0
0 525.5 134.5 17.0 23.0
0 495.0 139.5 28.0 21.0
0 502.0 125.5 20.0 21.0
0 549.0 125.5 18.0 25.0
0 565.0 109.5 16.0 15.0
0 576.0 120.5 16.0 21.0
0 587.0 111.5 20.0 21.0
0 625.5 92.0 17.0 18.0
0 594.0 163.0 26.0 30.0
0 603.5 137.5 19.0 23.0
0 618.0 147.0 22.0 26.0
0 663.0 148.5 24.0 23.0
0 662.5 129.5 23.0 21.0
0 646.5 118.5 23.0 17.0
0 644.5 104.0 19.0 18.0
0 711.0 106.5 20.0 21.0
0 731.0 107.0 18.0 24.0
0 731.0 84.5 16.0 17.0
0 763.5 71.5 19.0 17.0
0 776.5 86.0 17.0 18.0
0 768.5 107.0 23.0 24.0
0 709.5 129.5 21.0 23.0
0 808.5 84.0 15.0 22.0
0 844.0 82.5 18.0 23.0
0 638.0 211.5 36.0 35.0
0 676.5 220.5 39.0 45.0
0 712.0 170.5 26.0 33.0
0 755.0 154.5 24.0 29.0
0 771.5 168.5 31.0 39.0
0 822.0 191.5 36.0 41.0
0 832.0 160.5 30.0 33.0
0 820.5 126.0 25.0 30.0
0 861.0 119.0 22.0 26.0
0 845.0 219.5 36.0 47.0
0 888.5 196.5 31.0 43.0
0 896.5 161.0 25.0 28.0
0 906.0 114.5 24.0 27.0
0 933.0 135.5 24.0 27.0
0 946.5 125.0 23.0 22.0
0 945.0 96.5 20.0 27.0
0 984.0 109.5 22.0 27.0
0 1013.0 90.0 20.0 24.0
0 1045.5 104.0 21.0 26.0
0 1016.0 127.5 22.0 29.0
0 981.0 145.0 28.0 32.0
0 944.5 167.0 27.0 30.0
0 977.0 196.5 34.0 45.0
0 935.0 270.0 42.0 52.0
0 1076.5 239.5 31.0 49.0
0 1030.0 184.5 26.0 33.0
0 1042.5 153.0 23.0 30.0
0 1070.5 138.0 21.0 30.0
0 1081.5 178.5 25.0 39.0
0 1107.5 162.0 23.0 32.0
0 1138.5 187.5 31.0 39.0
0 1105.5 141.0 25.0 30.0
0 1084.5 109.5 23.0 25.0
