0 201.5 282.5 45.0 45.0
0 128.5 137.5 23.0 17.0
0 278.0 135.0 22.0 20.0
0 359.0 142.5 20.0 23.0
0 353.0 117.0 16.0 20.0
0 370.5 123.5 11.0 17.0
0 385.0 123.0 14.0 16.0
0 425.0 135.5 20.0 21.0
0 485.0 127.0 20.0 20.0
0 457.0 107.5 20.0 15.0
0 406.0 100.5 12.0 11.0
0 410.0 115.0 16.0 10.0
0 455.5 88.0 17.0 16.0
0 526.5 113.0 21.0 20.0
0 784.5 205.5 35.0 27.0
0 705.0 162.5 24.0 25.0
0 653.0 150.0 28.0 22.0
0 652.0 118.5 22.0 23.0
0 691.0 135.0 22.0 22.0
0 616.0 147.5 22.0 25.0
0 555.0 129.0 12.0 16.0
0 815.0 197.0 24.0 30.0
0 783.0 172.0 24.0 20.0
0 746.0 145.0 22.0 20.0
0 855.0 212.5 20.0 31.0
0 945.0 232.5 30.0 25.0
0 914.5 152.5 19.0 25.0
0 961.5 175.0 29.0 24.0
0 879.0 137.0 16.0 14.0
0 515.5 80.5 13.0 11.0
0 556.5 85.5 13.0 17.0
0 622.0 71.5 10.0 13.0
0 635.5 65.0 11.0 16.0
0 701.0 67.5 12.0 15.0
0 714.5 74.0 11.0 18.0
0 693.0 82.0 14.0 14.0
0 677.0 75.5 10.0 11.0
0 679.5 63.5 13.0 11.0
0 640.5 99.5 15.0 13.0
0 710.0 113.0 16.0 16.0
0 738.0 72.5 14.0 15.0
0 792.5 78.0 13.0 12.0
0 839.5 90.0 13.0 20.0
0 859.0 112.0 12.0 16.0
0 890.0 116.0 14.0 16.0
0 904.5 99.5 15.0 19.0
0 940.5 99.0 13.0 20.0
0 881.5 91.5 15.0 13.0
0 864.0 98.0 16.0 12.0
0 931.5 127.0 15.0 16.0
0 983.0 123.0 12.0 16.0
0 791.0 108.5 16.0 13.0
0 977.5 104.0 13.0 12.0
0 587.0 81.5 12.0 15.0
0 603.0 76.0 12.0 12.0
0 539.0 80.0 12.0 10.0
0 489.5 106.5 15.0 9.0
0 644.0 84.0 14.0 16.0
0 812.0 99.0 12.0 12.0
0 734.5 112.5 17.0 23.0
0 752.0 118.5 24.0 25.0
0 603.5 117.0 17.0 16.0
0 877.0 124.5 16.0 21.0
0 960.0 147.0 24.0 26.0
0 974.0 116.0 12.0 18.0
0 527.0 94.0 12.0 14.0
0 503.0 95.0 12.0 10.0
0 534.5 105.5 17.0 17.0
0 571.0 84.0 14.0 16.0
