0 39.0 227.5 26.0 33.0
0 275.5 169.5 15.0 15.0
0 303.0 163.5 16.0 19.0
0 320.0 161.5 16.0 23.0
0 354.5 133.0 17.0 20.0
0 372.0 171.0 20.0 28.0
0 341.5 167.5 17.0 21.0
0 402.0 130.0 16.0 20.0
0 455.0 166.5 22.0 27.0
0 495.0 143.0 20.0 26.0
0 482.0 85.5 14.0 15.0
0 441.0 104.5 14.0 13.0
0 508.5 88.0 15.0 16.0
0 510.0 102.0 16.0 18.0
0 522.5 82.5 13.0 17.0
0 543.5 115.0 15.0 22.0
0 547.5 92.0 15.0 18.0
0 569.5 119.5 17.0 19.0
0 591.0 84.5 16.0 17.0
0 598.5 66.0 11.0 10.0
0 630.0 60.5 12.0 19.0
0 642.5 84.0 13.0 18.0
0 695.5 59.0 11.0 10.0
0 701.5 74.0 19.0 16.0
0 521.0 181.5 24.0 31.0
0 575.5 190.0 23.0 34.0
0 597.0 142.5 22.0 27.0
0 651.5 150.5 27.0 25.0
0 645.0 206.5 30.0 41.0
0 725.5 202.0 27.0 38.0
0 673.5 122.0 19.0 22.0
0 693.0 108.5 18.0 23.0
0 706.5 125.0 15.0 22.0
0 707.0 160.0 24.0 34.0
0 766.5 168.5 23.0 31.0
0 836.5 177.0 21.0 32.0
0 727.0 92.0 16.0 22.0
0 799.5 127.5 19.0 33.0
0 917.5 76.0 13.0 18.0
0 876.0 154.0 18.0 28.0
0 931.5 129.5 21.0 27.0
0 902.5 116.0 17.0 26.0
0 961.5 77.5 13.0 17.0
0 954.5 119.0 15.0 24.0
0 990.0 125.5 18.0 23.0
0 990.5 94.5 11.0 15.0
0 984.5 175.5 23.0 31.0
0 990.0 109.5 14.0 17.0
0 887.0 100.0 12.0 20.0
0 864.0 77.0 10.0 16.0
0 883.5 86.5 15.0 17.0
0 851.5 81.0 11.0 18.0
0 831.0 97.5 16.0 21.0
0 854.0 101.5 16.0 21.0
0 808.0 66.0 10.0 16.0
0 819.0 75.0 10.0 16.0
0 830.5 74.5 11.0 19.0
0 788.5 85.0 19.0 18.0
0 749.5 112.5 15.0 25.0
0 756.0 128.0 22.0 30.0
0 785.0 118.0 18.0 26.0
0 735.5 65.0 13.0 18.0
0 330.5 140.0 11.0 14.0
0 433.5 138.0 19.0 22.0
0 491.0 123.0 16.0 18.0
0 557.5 98.0 11.0 16.0
0 573.5 99.5 15.0 19.0
0 604.5 101.0 19.0 22.0
0 672.5 59.0 9.0 16.0
0 664.0 69.0 12.0 14.0
