0 171.5 243.5 33.0 41.0
0 306.0 109.5 16.0 13.0
0 334.5 114.5 15.0 15.0
0 343.0 106.5 14.0 13.0
0 386.5 92.5 11.0 13.0
0 398.0 84.5 12.0 11.0
0 409.5 95.5 11.0 13.0
0 437.0 113.5 16.0 11.0
0 417.5 131.5 15.0 15.0
0 466.5 110.0 15.0 14.0
0 437.0 95.0 12.0 14.0
0 421.5 88.0 13.0 16.0
0 434.5 79.0 11.0 16.0
0 443.0 86.0 10.0 12.0
0 449.0 79.5 10.0 11.0
0 465.5 72.0 11.0 10.0
0 462.0 86.0 10.0 8.0
0 484.5 90.0 11.0 14.0
0 501.5 82.5 11.0 11.0
0 492.5 73.5 9.0 11.0
0 532.0 77.0 12.0 14.0
0 500.0 119.5 14.0 13.0
0 549.0 106.0 14.0 16.0
0 511.0 105.5 14.0 9.0
0 549.0 90.5 14.0 13.0
0 525.0 91.0 12.0 10.0
0 540.5 72.5 13.0 11.0
0 556.0 77.5 12.0 13.0
0 572.0 61.5 10.0 13.0
0 612.0 61.5 8.0 11.0
0 647.0 65.5 8.0 9.0
0 668.0 67.5 10.0 11.0
0 638.5 82.0 11.0 12.0
0 609.5 81.5 11.0 15.0
0 580.0 92.5 14.0 13.0
0 530.5 135.0 21.0 22.0
0 591.0 114.5 18.0 21.0
0 618.5 122.0 19.0 18.0
0 616.0 104.0 14.0 18.0
0 669.5 103.0 13.0 16.0
0 665.5 129.5 17.0 21.0
0 738.5 127.5 13.0 19.0
0 683.0 102.5 12.0 17.0
0 649.0 101.0 12.0 14.0
0 688.5 89.0 11.0 16.0
0 702.0 79.5 12.0 17.0
0 712.0 75.0 10.0 10.0
0 735.0 83.0 10.0 10.0
0 748.0 94.5 10.0 15.0
0 762.0 102.0 12.0 16.0
0 777.5 97.0 11.0 16.0
0 765.0 79.5 10.0 15.0
0 797.0 82.5 10.0 15.0
0 802.0 110.5 12.0 19.0
0 816.0 133.5 14.0 19.0
0 812.5 160.0 17.0 22.0
0 855.0 135.0 14.0 22.0
0 868.5 123.5 11.0 13.0
0 829.5 106.5 13.0 15.0
0 824.0 91.5 10.0 13.0
0 877.0 112.5 12.0 13.0
0 879.5 96.0 9.0 12.0
0 716.5 101.0 15.0 18.0
