0 298.5 131.0 17.0 18.0
0 356.0 122.5 14.0 19.0
0 353.5 146.5 21.0 19.0
0 399.5 119.5 19.0 15.0
0 426.0 120.5 14.0 13.0
0 452.5 142.5 27.0 25.0
0 482.0 155.5 22.0 21.0
0 527.5 137.0 21.0 22.0
0 500.5 124.5 17.0 21.0
0 512.5 115.0 15.0 18.0
0 475.0 105.0 14.0 16.0
0 464.5 89.0 11.0 12.0
0 412.0 108.5 14.0 11.0
0 429.5 108.0 17.0 16.0
0 433.0 145.5 22.0 27.0
0 561.5 105.5 17.0 21.0
0 578.0 97.5 12.0 17.0
0 596.0 113.0 18.0 22.0
0 545.5 91.0 13.0 14.0
0 511.5 97.0 15.0 16.0
0 503.5 84.0 13.0 14.0
0 539.0 82.5 12.0 13.0
0 542.5 73.0 13.0 12.0
0 565.0 75.5 10.0 11.0
0 577.0 82.0 12.0 12.0
0 610.0 83.0 14.0 16.0
0 631.0 73.5 10.0 13.0
0 651.0 68.0 10.0 12.0
0 671.0 84.0 12.0 14.0
0 658.0 80.5 14.0 17.0
0 676.5 70.0 9.0 14.0
0 709.0 81.0 12.0 14.0
0 737.0 75.0 10.0 16.0
0 705.0 66.5 8.0 13.0
0 719.5 71.5 9.0 11.0
0 670.0 99.0 16.0 16.0
0 647.0 99.5 20.0 21.0
0 620.5 137.0 21.0 20.0
0 624.5 164.5 25.0 29.0
0 674.5 153.0 25.0 30.0
0 685.0 120.5 18.0 21.0
0 707.5 111.0 19.0 20.0
0 750.5 104.5 15.0 19.0
0 758.0 115.5 14.0 17.0
0 718.5 135.0 23.0 26.0
0 734.0 167.0 26.0 24.0
0 783.5 174.0 25.0 30.0
0 780.5 146.5 21.0 27.0
0 788.5 85.0 15.0 16.0
0 804.0 80.0 12.0 16.0
0 817.0 96.5 14.0 21.0
0 836.5 86.5 13.0 19.0
0 807.0 124.0 18.0 20.0
0 792.5 113.5 15.0 19.0
0 841.0 138.0 18.0 22.0
0 825.5 152.5 19.0 23.0
0 857.0 174.5 24.0 29.0
0 907.0 188.0 26.0 30.0
0 904.5 143.0 17.0 24.0
0 909.5 118.5 15.0 21.0
0 905.5 102.5 15.0 13.0
0 917.0 92.0 12.0 14.0
0 906.5 88.0 11.0 14.0
0 893.5 84.0 13.0 16.0
0 870.5 90.0 13.0 16.0
0 858.0 97.0 12.0 14.0
0 855.0 82.0 12.0 12.0
0 940.5 110.0 15.0 18.0
0 948.5 99.0 13.0 16.0
0 983.0 94.5 14.0 17.0
0 973.0 106.5 12.0 15.0
0 969.0 122.5 14.0 17.0
0 947.5 155.5 19.0 29.0
0 953.5 137.5 15.0 19.0
0 990.0 140.0 18.0 24.0
0 1001.0 166.5 18.0 29.0
0 984.5 224.0 25.0 38.0
0 1016.0 128.0 10.0 18.0
0 1005.5 115.5 13.0 17.0
0 1013.0 102.0 12.0 18.0
0 1001.0 135.0 16.0 20.0
