0 198.0 197.5 44.0 43.0
0 419.0 138.5 20.0 21.0
0 383.0 142.0 18.0 18.0
0 339.5 134.5 15.0 17.0
0 335.5 122.0 17.0 12.0
0 309.0 120.0 14.0 18.0
0 350.5 101.0 9.0 10.0
0 358.0 110.5 14.0 17.0
0 379.5 113.0 13.0 18.0
0 393.5 112.5 15.0 21.0
0 419.5 111.0 17.0 22.0
0 449.0 125.0 20.0 20.0
0 504.5 161.5 23.0 31.0
0 484.5 131.0 15.0 24.0
0 415.5 82.0 9.0 10.0
0 421.0 92.0 14.0 16.0
0 440.5 101.0 13.0 14.0
0 448.5 92.0 13.0 16.0
0 476.5 104.5 13.0 15.0
0 467.0 81.0 10.0 12.0
0 481.0 80.5 10.0 15.0
0 495.0 76.0 10.0 12.0
0 497.0 90.0 10.0 12.0
0 502.5 109.5 13.0 19.0
0 527.5 91.5 11.0 19.0
0 514.0 81.0 10.0 14.0
0 512.0 69.0 10.0 10.0
0 533.5 71.5 11.0 15.0
0 561.5 101.5 13.0 21.0
0 562.0 88.5 12.0 11.0
0 564.0 71.0 12.0 14.0
0 593.5 97.0 15.0 20.0
0 592.0 68.0 10.0 14.0
0 583.5 63.0 9.0 14.0
0 609.0 65.5 8.0 15.0
0 615.5 68.5 11.0 15.0
0 626.5 93.0 11.0 16.0
0 637.0 70.0 10.0 14.0
0 673.0 59.0 10.0 14.0
0 686.5 74.5 11.0 17.0
0 690.5 67.5 9.0 13.0
0 700.0 58.5 10.0 13.0
0 734.5 62.0 11.0 14.0
0 661.0 74.5 12.0 11.0
0 559.0 176.0 26.0 30.0
0 608.5 177.5 23.0 35.0
0 595.0 139.0 22.0 26.0
0 634.5 132.5 21.0 27.0
0 686.5 149.5 21.0 31.0
0 685.5 195.0 29.0 36.0
0 756.0 221.5 32.0 43.0
0 744.0 164.0 16.0 26.0
0 781.0 167.0 24.0 36.0
0 778.5 137.0 21.0 26.0
0 731.5 127.0 21.0 24.0
0 696.0 105.0 14.0 16.0
0 715.0 104.5 16.0 19.0
0 768.5 109.5 17.0 21.0
0 768.0 89.0 14.0 16.0
0 760.0 74.5 14.0 17.0
0 795.0 80.0 12.0 16.0
0 808.0 89.5 12.0 19.0
0 812.0 123.5 16.0 15.0
0 821.0 144.5 18.0 27.0
0 830.0 226.5 30.0 37.0
0 839.5 199.5 21.0 23.0
0 884.0 156.5 18.0 27.0
0 889.0 128.0 16.0 26.0
0 950.0 123.5 14.0 23.0
0 947.5 166.0 17.0 30.0
0 928.0 200.0 20.0 36.0
0 915.0 247.0 28.0 36.0
