0 152.5 384.5 51.0 55.0
0 258.5 245.5 25.0 27.0
0 292.5 265.0 29.0 32.0
0 327.5 269.5 27.0 33.0
0 328.0 223.5 24.0 25.0
0 396.0 251.5 34.0 33.0
0 413.5 237.0 23.0 26.0
0 368.5 237.5 27.0 29.0
0 407.5 212.0 19.0 22.0
0 447.5 240.5 27.0 29.0
0 480.0 237.0 30.0 32.0
0 474.0 212.0 22.0 24.0
0 472.5 199.5 19.0 17.0
0 460.5 184.0 21.0 24.0
0 504.0 182.0 22.0 26.0
0 529.0 185.5 20.0 25.0
0 510.0 219.5 24.0 27.0
0 532.0 248.0 32.0 30.0
0 547.5 226.0 27.0 28.0
0 587.0 227.5 30.0 39.0
0 544.0 192.0 20.0 22.0
0 545.5 173.0 15.0 20.0
0 554.5 166.5 21.0 17.0
0 612.5 192.5 23.0 29.0
0 611.0 170.5 20.0 21.0
0 636.5 177.0 23.0 24.0
0 653.5 197.5 23.0 29.0
0 678.5 181.0 23.0 28.0
0 668.5 155.0 21.0 20.0
0 677.5 146.0 19.0 18.0
0 714.0 180.5 22.0 25.0
0 713.0 161.5 18.0 19.0
0 724.5 147.5 21.0 21.0
0 748.5 153.0 19.0 26.0
0 759.5 162.0 19.0 20.0
0 758.5 182.0 19.0 28.0
0 791.5 150.5 17.0 19.0
0 804.5 167.0 19.0 24.0
0 811.0 154.5 20.0 21.0
0 556.0 292.5 44.0 47.0
0 638.5 297.5 41.0 49.0
0 631.5 259.5 39.0 39.0
0 712.5 237.5 29.0 33.0
0 729.5 271.0 29.0 32.0
0 699.0 322.5 42.0 53.0
0 754.0 342.0 50.0 50.0
0 784.5 269.0 35.0 42.0
0 770.0 245.5 28.0 31.0
0 754.5 220.5 27.0 29.0
0 797.0 197.5 26.0 29.0
0 805.0 222.5 30.0 31.0
0 821.5 260.5 29.0 33.0
0 855.5 289.5 37.0 41.0
0 836.5 384.5 47.0 55.0
0 923.5 302.0 43.0 42.0
0 984.0 369.0 52.0 58.0
0 1016.5 331.0 45.0 48.0
0 1087.5 333.0 45.0 54.0
0 1024.5 284.0 35.0 44.0
0 971.0 256.0 28.0 32.0
0 988.5 241.5 27.0 33.0
0 955.5 222.5 23.0 27.0
0 925.5 202.0 25.0 30.0
0 887.0 190.0 22.0 24.0
0 849.5 212.5 25.0 29.0
0 839.0 183.5 22.0 29.0
0 874.5 173.5 17.0 25.0
0 891.0 174.0 18.0 18.0
0 931.0 171.5 24.0 25.0
0 966.5 171.5 21.0 25.0
0 985.0 191.5 24.0 21.0
0 1007.5 183.5 19.0 25.0
0 1022.0 194.5 22.0 29.0
0 1043.5 186.0 17.0 26.0
0 1016.5 231.0 27.0 34.0
0 1042.0 238.0 26.0 32.0
0 1072.5 228.5 27.0 33.0
0 1075.0 208.5 20.0 21.0
0 1095.5 229.5 25.0 29.0
0 1123.0 260.0 32.0 38.0
0 1108.5 216.5 25.0 27.0
0 1120.0 200.0 22.0 22.0
