0 167.5 391.0 55.0 60.0
0 282.5 236.5 21.0 23.0
0 318.0 240.5 26.0 29.0
0 347.5 259.0 27.0 32.0
0 352.5 214.0 23.0 26.0
0 404.5 258.5 29.0 33.0
0 430.0 227.0 22.0 26.0
0 434.0 205.0 20.0 22.0
0 472.5 235.0 27.0 30.0
0 501.5 233.0 27.0 28.0
0 497.0 207.5 22.0 23.0
0 487.5 183.0 19.0 26.0
0 532.0 213.5 20.0 25.0
0 547.0 234.0 20.0 28.0
0 575.0 214.5 26.0 29.0
0 528.5 191.5 19.0 21.0
0 517.5 182.0 21.0 26.0
0 561.5 175.0 21.0 22.0
0 571.5 165.5 17.0 17.0
0 578.0 185.5 18.0 21.0
0 599.0 183.5 18.0 21.0
0 618.5 181.5 19.0 23.0
0 636.0 192.5 22.0 23.0
0 636.0 170.5 16.0 21.0
0 660.0 174.0 18.0 24.0
0 676.5 200.0 21.0 24.0
0 701.0 181.5 18.0 23.0
0 692.5 154.5 15.0 15.0
0 712.5 167.0 15.0 16.0
0 729.0 174.5 20.0 23.0
0 736.0 154.0 16.0 18.0
0 746.0 142.0 14.0 16.0
0 759.5 151.5 15.0 17.0
0 779.0 157.0 16.0 16.0
0 783.0 173.5 18.0 21.0
0 822.5 162.0 17.0 20.0
0 835.5 157.0 19.0 22.0
0 812.5 145.0 17.0 20.0
0 597.5 268.5 37.0 41.0
0 615.5 226.5 31.0 29.0
0 648.5 249.5 35.0 41.0
0 670.0 284.0 38.0 38.0
0 719.5 264.0 35.0 44.0
0 733.0 231.0 32.0 34.0
0 780.0 211.5 24.0 27.0
0 789.5 239.0 33.0 32.0
0 773.5 326.5 45.0 51.0
0 719.0 315.5 38.0 53.0
0 855.5 384.0 55.0 52.0
0 810.0 267.0 34.0 42.0
0 842.0 257.5 28.0 37.0
0 887.0 284.5 42.0 39.0
0 846.5 210.0 25.0 28.0
0 812.5 193.0 23.0 26.0
0 861.5 176.5 19.0 25.0
0 861.5 208.5 21.0 27.0
0 889.0 179.5 18.0 27.0
0 898.0 167.0 14.0 20.0
0 911.5 161.5 17.0 23.0
0 940.0 191.5 22.0 23.0
0 953.0 168.0 22.0 24.0
0 987.5 172.0 17.0 22.0
0 992.5 190.0 15.0 20.0
0 990.5 214.5 23.0 27.0
0 985.0 249.5 30.0 37.0
0 960.5 299.0 37.0 44.0
0 1013.5 356.5 45.0 55.0
0 1030.5 316.0 41.0 52.0
0 1127.5 330.0 47.0 52.0
0 1112.5 277.0 27.0 34.0
0 1047.5 263.0 29.0 40.0
0 1059.0 238.5 24.0 37.0
0 1030.5 218.5 27.0 33.0
0 1033.0 190.5 16.0 23.0
0 1029.0 178.0 18.0 20.0
0 1066.5 179.5 19.0 23.0
0 1044.0 191.5 16.0 25.0
0 1089.0 192.0 18.0 24.0
0 1083.0 223.5 24.0 31.0
0 1108.0 212.5 20.0 23.0
0 1133.0 248.5 22.0 29.0
0 1136.0 215.0 20.0 22.0
0 1145.5 192.5 19.0 23.0
