0 20.0 290.0 26.0 30.0
0 283.5 237.5 19.0 21.0
0 313.0 259.5 22.0 29.0
0 351.0 213.0 18.0 20.0
0 352.5 266.0 21.0 20.0
0 408.0 253.5 24.0 25.0
0 433.0 208.5 18.0 19.0
0 437.5 232.5 17.0 21.0
0 466.0 229.0 18.0 20.0
0 482.0 187.0 14.0 18.0
0 496.5 191.0 17.0 20.0
0 495.5 213.5 17.0 17.0
0 528.0 252.5 24.0 25.0
0 496.5 238.0 21.0 24.0
0 517.5 224.0 15.0 14.0
0 550.0 184.5 16.0 19.0
0 526.5 172.0 13.0 16.0
0 571.0 167.5 12.0 11.0
0 576.5 170.0 17.0 16.0
0 578.5 189.5 17.0 15.0
0 577.0 215.5 18.0 17.0
0 611.0 225.5 20.0 21.0
0 618.5 183.5 17.0 21.0
0 635.0 174.5 16.0 17.0
0 636.5 194.0 23.0 24.0
0 669.5 173.5 17.0 21.0
0 682.0 160.0 16.0 16.0
0 700.5 156.5 15.0 15.0
0 686.5 197.0 21.0 24.0
0 711.0 183.0 18.0 22.0
0 705.0 175.0 16.0 16.0
0 735.0 156.5 16.0 19.0
0 744.0 146.0 16.0 18.0
0 766.0 156.5 16.0 21.0
0 780.5 159.5 17.0 21.0
0 776.0 174.0 18.0 18.0
0 742.0 179.0 18.0 20.0
0 805.5 148.5 15.0 17.0
0 854.5 157.0 15.0 18.0
0 828.0 166.5 16.0 19.0
0 828.5 187.0 21.0 24.0
0 860.0 173.0 18.0 20.0
0 776.5 210.5 21.0 25.0
0 729.5 236.0 23.0 28.0
0 749.0 251.5 28.0 29.0
0 790.5 242.5 23.0 25.0
0 802.0 257.0 32.0 32.0
0 840.5 249.5 25.0 27.0
0 776.5 337.0 39.0 40.0
0 720.0 323.5 34.0 43.0
0 868.0 339.0 40.0 44.0
0 905.0 289.0 28.0 30.0
0 957.5 298.5 33.0 35.0
0 1010.0 368.0 34.0 38.0
0 1031.5 335.0 35.0 36.0
0 991.5 254.5 25.0 33.0
0 1023.0 244.0 22.0 26.0
0 1053.5 262.5 27.0 31.0
0 1064.5 237.0 19.0 20.0
0 1026.5 221.5 17.0 19.0
0 999.0 215.5 18.0 19.0
0 1141.5 245.5 21.0 25.0
0 1119.0 227.5 20.0 21.0
0 1083.0 223.5 16.0 17.0
0 1094.0 201.5 16.0 23.0
0 1139.5 214.0 17.0 22.0
0 1144.0 200.0 16.0 18.0
0 1063.5 176.5 13.0 21.0
0 1042.5 196.5 15.0 19.0
0 1051.0 192.5 14.0 21.0
0 1022.0 181.5 14.0 17.0
0 994.0 186.5 18.0 21.0
0 887.0 202.0 18.0 20.0
0 894.5 174.5 17.0 19.0
0 914.0 176.0 18.0 24.0
0 931.0 167.0 16.0 22.0
0 943.5 196.0 19.0 26.0
0 952.0 176.0 18.0 18.0
0 961.5 174.5 15.0 19.0
0 656.5 250.5 29.0 29.0
0 648.5 300.0 35.0 36.0
0 566.5 289.0 35.0 34.0
0 1114.0 322.0 34.0 36.0
