0 127.0 188.5 34.0 35.0
0 249.5 123.5 17.0 17.0
0 281.0 132.5 18.0 17.0
0 359.5 135.0 19.0 22.0
0 355.5 104.5 17.0 17.0
0 322.5 100.5 17.0 17.0
0 379.0 105.5 14.0 17.0
0 376.5 93.5 13.0 13.0
0 362.5 83.5 15.0 15.0
0 375.0 78.0 14.0 16.0
0 396.5 97.5 17.0 21.0
0 407.0 65.0 14.0 16.0
0 417.0 85.0 18.0 18.0
0 435.0 104.0 16.0 20.0
0 439.5 75.0 13.0 14.0
0 450.0 64.5 12.0 13.0
0 465.0 63.5 12.0 17.0
0 487.0 77.0 12.0 16.0
0 478.5 53.5 11.0 13.0
0 495.5 66.0 11.0 14.0
0 508.0 70.0 12.0 16.0
0 503.5 47.5 9.0 9.0
0 519.0 58.5 14.0 15.0
0 581.0 53.0 12.0 16.0
0 402.0 157.5 26.0 25.0
0 456.0 144.0 24.0 34.0
0 475.0 114.5 22.0 21.0
0 509.0 146.5 24.0 31.0
0 518.0 97.0 18.0 24.0
0 555.0 127.5 22.0 27.0
0 600.5 139.0 21.0 26.0
0 649.5 151.5 21.0 27.0
0 555.5 98.0 21.0 20.0
0 576.0 96.0 14.0 18.0
0 585.5 87.5 19.0 21.0
0 577.0 77.5 18.0 15.0
0 603.0 68.0 16.0 18.0
0 628.0 73.5 14.0 15.0
0 636.0 86.0 18.0 20.0
0 626.0 57.0 14.0 14.0
0 679.5 65.0 13.0 14.0
0 668.0 93.5 18.0 23.0
0 715.0 88.5 14.0 19.0
0 729.5 113.5 19.0 21.0
0 748.0 91.5 16.0 21.0
0 774.0 91.0 16.0 18.0
0 812.0 62.5 14.0 19.0
