0 202.5 197.5 39.0 41.0
0 308.0 123.5 14.0 17.0
0 318.5 106.0 17.0 16.0
0 344.0 107.5 14.0 17.0
0 398.5 115.0 17.0 16.0
0 414.0 97.0 16.0 16.0
0 417.0 80.0 12.0 14.0
0 438.0 97.0 16.0 16.0
0 437.0 115.0 16.0 18.0
0 444.5 81.5 13.0 13.0
0 455.5 77.5 13.0 13.0
0 478.5 77.0 13.0 16.0
0 478.0 92.0 14.0 14.0
0 480.5 113.0 17.0 20.0
0 492.0 67.0 10.0 12.0
0 499.5 73.0 13.0 12.0
0 522.0 82.5 14.0 11.0
0 523.0 99.5 18.0 17.0
0 538.5 91.5 15.0 17.0
0 549.0 82.0 16.0 16.0
0 534.5 69.5 11.0 11.0
0 514.5 74.5 11.0 9.0
0 572.5 61.5 13.0 13.0
0 580.0 79.0 14.0 18.0
0 566.0 100.0 14.0 16.0
0 608.5 56.5 9.0 11.0
0 631.0 56.5 10.0 13.0
0 653.0 61.0 12.0 12.0
0 641.5 67.0 11.0 12.0
0 659.5 68.5 11.0 9.0
0 684.5 70.5 13.0 13.0
0 620.0 68.0 12.0 10.0
0 613.5 76.0 13.0 10.0
0 628.0 79.5 14.0 15.0
0 576.5 98.0 13.0 14.0
0 619.0 105.5 20.0 21.0
0 656.5 93.5 17.0 19.0
0 687.5 85.0 15.0 14.0
0 604.0 134.5 18.0 21.0
0 577.5 148.5 23.0 29.0
0 556.0 133.5 20.0 23.0
0 517.0 152.0 26.0 28.0
0 621.5 163.0 27.0 30.0
0 662.0 145.5 22.0 23.0
0 672.5 169.0 27.0 34.0
0 658.0 113.5 18.0 19.0
0 696.5 104.0 17.0 18.0
0 707.0 125.5 20.0 21.0
0 723.5 92.5 15.0 19.0
0 738.0 68.5 12.0 15.0
0 748.0 78.0 14.0 16.0
0 763.5 73.0 13.0 16.0
0 782.5 88.5 13.0 17.0
0 762.0 99.0 14.0 22.0
0 776.0 109.0 16.0 24.0
0 808.5 89.0 13.0 20.0
0 818.0 85.0 12.0 16.0
0 857.0 77.0 12.0 14.0
0 853.0 87.5 14.0 17.0
0 844.5 100.0 11.0 16.0
0 830.5 104.0 13.0 20.0
0 826.0 116.5 16.0 19.0
0 786.0 106.5 14.0 21.0
0 892.5 96.0 13.0 16.0
0 921.0 94.0 14.0 16.0
0 910.5 106.0 15.0 18.0
0 873.0 102.5 14.0 21.0
0 871.0 124.0 12.0 14.0
0 908.0 125.0 18.0 22.0
0 859.5 127.0 13.0 24.0
0 902.0 148.5 20.0 23.0
0 853.0 152.0 18.0 28.0
0 821.0 160.0 22.0 24.0
0 786.5 146.0 19.0 24.0
0 759.0 153.5 24.0 29.0
0 725.5 181.5 29.0 33.0
0 800.0 192.0 28.0 36.0
0 889.0 209.0 26.0 36.0
0 875.0 209.5 28.0 25.0
