0 109.5 292.5 49.0 53.0
0 292.0 150.5 16.0 23.0
0 301.5 154.5 17.0 21.0
0 320.5 160.0 25.0 26.0
0 384.5 160.5 23.0 29.0
0 413.5 174.0 27.0 32.0
0 403.5 151.0 23.0 22.0
0 414.0 123.0 20.0 20.0
0 412.5 106.5 21.0 17.0
0 448.5 104.5 19.0 21.0
0 459.0 97.0 18.0 20.0
0 476.5 135.5 21.0 23.0
0 485.5 113.0 23.0 26.0
0 500.5 97.0 17.0 20.0
0 518.0 102.5 18.0 19.0
0 527.5 114.0 23.0 22.0
0 530.0 137.0 24.0 26.0
0 543.0 84.5 14.0 15.0
0 557.0 90.5 16.0 17.0
0 547.0 101.5 18.0 17.0
0 594.5 118.0 23.0 26.0
0 623.5 101.0 19.0 24.0
0 597.5 73.0 17.0 18.0
0 630.0 83.5 18.0 17.0
0 650.0 83.0 18.0 20.0
0 645.5 68.5 13.0 17.0
0 643.0 59.0 12.0 16.0
0 663.5 63.5 13.0 15.0
0 691.5 79.5 15.0 15.0
0 691.5 58.5 15.0 15.0
0 715.0 63.5 16.0 19.0
0 738.5 66.0 15.0 18.0
0 595.0 102.0 18.0 14.0
0 570.0 169.0 28.0 32.0
0 585.0 191.0 26.0 32.0
0 612.5 152.5 29.0 33.0
0 670.5 149.0 25.0 34.0
0 680.5 126.0 25.0 26.0
0 699.0 108.0 24.0 26.0
0 721.0 125.0 24.0 30.0
0 742.0 136.0 22.0 28.0
0 747.5 102.5 23.0 27.0
0 735.5 106.0 19.0 26.0
0 794.0 71.0 14.0 24.0
0 801.0 89.0 18.0 22.0
0 795.5 104.0 17.0 20.0
0 785.0 125.5 22.0 27.0
0 811.5 128.0 23.0 30.0
0 839.5 109.0 21.0 28.0
0 822.5 78.5 17.0 19.0
0 843.5 84.0 17.0 22.0
0 866.5 87.0 17.0 24.0
0 780.5 153.0 33.0 40.0
0 738.5 189.5 39.0 41.0
0 664.5 188.0 33.0 38.0
0 810.0 200.5 38.0 45.0
0 843.5 163.0 25.0 34.0
0 868.5 158.0 23.0 36.0
0 889.0 123.0 22.0 32.0
0 895.0 88.5 14.0 19.0
0 895.0 75.0 14.0 16.0
0 914.5 105.5 19.0 27.0
0 926.5 79.5 11.0 13.0
0 927.5 92.5 13.0 17.0
0 939.5 123.5 23.0 29.0
0 952.5 96.5 15.0 21.0
0 961.0 105.5 20.0 27.0
0 962.5 83.0 15.0 20.0
0 857.0 239.5 42.0 49.0
0 901.5 190.5 31.0 39.0
0 924.5 155.0 29.0 36.0
0 961.0 213.0 42.0 50.0
0 988.5 183.5 35.0 41.0
0 979.0 153.5 22.0 29.0
0 987.5 139.5 17.0 25.0
0 989.0 122.5 16.0 19.0
0 1004.0 92.5 10.0 11.0
