0 162.5 144.0 19.0 24.0
0 185.5 129.0 19.0 18.0
0 289.5 123.0 13.0 18.0
0 303.5 122.0 17.0 20.0
0 354.0 109.0 14.0 20.0
0 365.0 116.5 12.0 19.0
0 376.0 113.0 16.0 16.0
0 390.5 126.5 19.0 25.0
0 427.5 128.0 17.0 26.0
0 464.5 124.5 23.0 31.0
0 441.0 89.0 18.0 16.0
0 472.5 113.5 23.0 27.0
0 448.0 73.0 14.0 18.0
0 479.5 65.5 15.0 19.0
0 459.5 69.0 11.0 12.0
0 498.0 77.0 10.0 14.0
0 511.0 75.0 10.0 14.0
0 511.5 92.0 15.0 14.0
0 538.0 98.5 16.0 19.0
0 534.5 76.5 11.0 13.0
0 534.5 51.0 13.0 14.0
0 557.0 70.0 14.0 18.0
0 570.0 62.0 10.0 16.0
0 595.5 68.5 13.0 13.0
0 574.0 89.5 12.0 15.0
0 594.0 59.0 12.0 12.0
0 613.0 70.0 12.0 18.0
0 612.0 56.5 10.0 13.0
0 626.5 55.5 17.0 21.0
0 643.0 67.5 12.0 17.0
0 676.5 56.0 15.0 20.0
0 496.5 116.5 19.0 19.0
0 610.5 117.0 21.0 24.0
0 600.5 151.5 23.0 27.0
0 659.5 194.5 27.0 37.0
0 683.5 111.0 17.0 22.0
0 698.0 129.5 24.0 27.0
0 710.5 165.0 23.0 28.0
0 754.0 125.5 20.0 21.0
0 731.5 114.5 19.0 21.0
0 716.5 81.5 15.0 17.0
0 745.0 82.0 12.0 18.0
0 767.0 76.0 12.0 16.0
0 788.5 86.5 15.0 19.0
0 781.0 122.0 14.0 20.0
0 793.5 145.5 19.0 23.0
0 759.0 222.0 28.0 30.0
0 794.0 213.0 26.0 32.0
0 811.5 234.0 25.0 38.0
0 811.5 181.0 21.0 30.0
0 845.0 153.0 18.0 26.0
0 859.0 130.5 16.0 23.0
0 895.5 166.5 19.0 25.0
0 916.5 125.0 15.0 20.0
0 408.0 89.0 14.0 14.0
