0 935.0 261.0 32.0 44.0
0 951.0 208.0 20.0 34.0
0 960.5 168.5 19.0 29.0
0 961.5 135.5 15.0 23.0
0 920.5 137.5 17.0 25.0
0 906.0 153.0 20.0 24.0
0 871.0 185.5 24.0 35.0
0 852.5 239.5 29.0 39.0
0 806.0 185.0 20.0 30.0
0 786.5 229.0 29.0 34.0
0 782.5 170.5 21.0 29.0
0 802.5 141.0 19.0 26.0
0 834.5 135.5 17.0 23.0
0 849.5 150.5 21.0 27.0
0 816.5 88.0 9.0 12.0
0 824.0 96.5 14.0 19.0
0 851.0 97.5 12.0 19.0
0 791.5 114.0 17.0 20.0
0 773.0 105.5 16.0 19.0
0 777.0 82.5 12.0 15.0
0 785.0 95.5 14.0 15.0
0 745.5 70.0 9.0 14.0
0 749.0 94.0 12.0 18.0
0 729.0 97.5 14.0 19.0
0 746.5 112.0 17.0 22.0
0 757.5 136.0 21.0 26.0
0 696.0 161.0 20.0 26.0
0 690.0 66.5 8.0 15.0
0 683.5 79.0 13.0 18.0
0 693.5 111.0 17.0 22.0
0 711.0 70.0 10.0 14.0
0 707.5 77.5 11.0 15.0
0 662.0 72.0 10.0 14.0
0 617.0 71.5 8.0 13.0
0 598.5 78.0 11.0 18.0
0 623.0 80.0 10.0 16.0
0 637.0 72.5 10.0 15.0
0 651.5 81.5 11.0 17.0
0 645.0 96.5 14.0 21.0
0 651.0 131.5 16.0 25.0
0 642.5 148.0 23.0 28.0
0 569.0 81.0 12.0 16.0
0 590.0 96.0 12.0 18.0
0 575.0 90.5 10.0 17.0
0 572.5 100.5 15.0 19.0
0 574.0 113.0 14.0 20.0
0 609.0 108.5 14.0 23.0
0 585.5 152.0 19.0 30.0
0 519.5 78.5 9.0 13.0
0 533.0 90.0 14.0 18.0
0 544.0 82.0 12.0 16.0
0 549.5 99.0 13.0 20.0
0 523.5 96.5 13.0 17.0
0 508.0 89.5 14.0 17.0
0 477.5 97.5 11.0 15.0
0 481.5 91.5 11.0 13.0
0 487.5 86.5 11.0 15.0
0 485.0 116.0 16.0 20.0
0 463.0 105.5 14.0 21.0
0 482.5 138.0 15.0 22.0
0 498.5 136.5 15.0 25.0
0 529.5 118.5 17.0 23.0
0 515.0 167.5 24.0 33.0
0 562.0 186.5 26.0 35.0
0 441.5 144.0 21.0 24.0
0 430.0 129.5 18.0 23.0
0 437.0 105.0 12.0 18.0
0 441.5 91.5 11.0 17.0
0 407.0 111.5 14.0 15.0
0 404.0 124.0 16.0 24.0
0 396.0 151.5 22.0 27.0
0 364.0 112.5 14.0 15.0
0 361.5 125.0 17.0 24.0
0 362.5 149.5 15.0 23.0
0 339.5 150.5 15.0 23.0
0 325.0 130.0 14.0 22.0
0 314.0 145.5 16.0 21.0
0 629.5 194.5 23.0 35.0
0 699.0 214.0 28.0 38.0
0 216.5 217.0 41.0 50.0
