0 58.0 153.0 24.0 26.0
0 283.0 111.0 12.0 16.0
0 296.5 114.0 13.0 12.0
0 312.0 124.5 18.0 21.0
0 316.0 100.0 16.0 16.0
0 339.0 100.5 14.0 17.0
0 358.5 106.5 13.0 15.0
0 357.0 122.5 16.0 17.0
0 390.0 124.0 14.0 16.0
0 399.0 131.0 16.0 24.0
0 396.5 102.5 15.0 15.0
0 364.5 86.5 11.0 13.0
0 396.0 82.5 12.0 17.0
0 407.5 79.5 9.0 13.0
0 423.5 82.0 15.0 14.0
0 418.0 98.5 14.0 21.0
0 433.0 94.0 14.0 18.0
0 440.5 106.0 15.0 22.0
0 457.5 98.5 15.0 15.0
0 472.5 83.0 15.0 16.0
0 462.5 74.5 11.0 13.0
0 461.0 65.5 12.0 11.0
0 477.0 63.5 10.0 13.0
0 487.5 76.0 11.0 12.0
0 502.5 90.5 15.0 19.0
0 526.0 79.5 16.0 17.0
0 518.5 68.0 11.0 12.0
0 508.0 76.5 12.0 13.0
0 541.5 96.0 17.0 20.0
0 561.5 81.0 15.0 18.0
0 555.5 72.0 13.0 16.0
0 539.5 62.5 11.0 15.0
0 580.0 76.0 12.0 14.0
0 570.0 66.5 10.0 13.0
0 600.5 70.5 13.0 15.0
0 612.5 63.5 9.0 13.0
0 601.5 56.5 9.0 11.0
0 618.0 56.0 10.0 12.0
0 580.0 61.5 12.0 11.0
0 570.5 116.5 19.0 21.0
0 609.0 136.5 20.0 29.0
0 626.0 124.5 16.0 19.0
0 613.5 109.0 15.0 20.0
0 615.0 80.0 12.0 12.0
0 626.5 72.0 13.0 14.0
0 651.0 64.0 12.0 14.0
0 660.5 55.0 11.0 12.0
0 681.5 56.5 11.0 15.0
0 666.0 168.0 26.0 30.0
0 662.0 135.5 18.0 23.0
0 639.0 94.0 16.0 16.0
0 689.5 97.0 17.0 20.0
0 671.5 91.5 13.0 15.0
0 711.5 84.5 13.0 17.0
0 706.0 74.0 14.0 16.0
0 731.5 102.0 13.0 20.0
0 706.5 123.0 17.0 18.0
0 730.5 186.5 27.0 33.0
0 761.5 151.5 21.0 27.0
0 737.0 129.5 20.0 25.0
0 761.5 104.5 15.0 17.0
0 762.0 86.5 10.0 15.0
0 742.5 59.5 13.0 15.0
0 768.5 68.0 11.0 14.0
0 791.0 69.0 10.0 14.0
0 798.0 90.5 12.0 17.0
0 785.5 105.5 13.0 17.0
0 796.5 131.5 17.0 21.0
0 807.0 112.5 14.0 21.0
0 824.0 109.5 12.0 21.0
0 830.5 90.0 15.0 18.0
0 807.0 78.5 12.0 17.0
0 820.5 68.0 11.0 14.0
0 889.0 179.5 20.0 29.0
0 856.5 119.0 17.0 24.0
0 864.5 111.5 15.0 19.0
0 842.0 86.0 12.0 16.0
0 858.5 90.5 13.0 17.0
0 871.0 86.5 10.0 13.0
0 871.0 73.5 10.0 13.0
0 913.5 100.5 9.0 15.0
0 904.5 92.5 9.0 15.0
0 894.5 107.5 11.0 17.0
0 899.5 131.5 15.0 21.0
0 903.0 104.5 12.0 15.0
