0 53.5 147.5 25.0 25.0
0 257.5 111.5 15.0 17.0
0 295.5 115.0 15.0 20.0
0 327.5 86.5 13.0 19.0
0 332.0 112.0 14.0 18.0
0 339.5 96.5 13.0 19.0
0 353.0 118.0 16.0 18.0
0 380.0 118.0 16.0 24.0
0 400.5 127.0 19.0 24.0
0 393.5 101.0 15.0 20.0
0 374.0 78.5 10.0 13.0
0 359.5 103.0 15.0 18.0
0 388.0 80.5 10.0 19.0
0 401.0 85.5 12.0 13.0
0 409.0 99.5 16.0 15.0
0 437.0 101.0 18.0 20.0
0 410.5 79.5 11.0 11.0
0 453.5 99.0 13.0 18.0
0 450.0 65.5 10.0 11.0
0 462.0 79.5 16.0 15.0
0 482.0 77.0 16.0 16.0
0 470.5 59.5 11.0 11.0
0 489.5 64.0 11.0 12.0
0 525.5 61.0 15.0 12.0
0 499.5 87.0 17.0 16.0
0 519.5 93.5 17.0 21.0
0 529.0 77.0 16.0 16.0
0 549.5 83.0 15.0 22.0
0 544.0 65.5 12.0 11.0
0 561.5 55.5 13.0 15.0
0 575.0 63.0 12.0 18.0
0 586.0 55.5 12.0 15.0
0 608.0 56.5 14.0 15.0
0 601.5 78.0 15.0 16.0
0 590.0 101.0 18.0 18.0
0 560.5 115.0 19.0 20.0
0 600.5 120.5 23.0 17.0
0 622.0 90.5 14.0 17.0
0 636.5 64.5 13.0 13.0
0 665.0 54.0 12.0 14.0
0 665.0 82.5 14.0 17.0
0 637.5 112.5 15.0 13.0
0 647.5 130.5 19.0 23.0
0 684.5 116.0 19.0 24.0
0 680.0 89.5 14.0 19.0
0 693.0 84.0 0.0 0.0
0 699.5 95.5 13.0 21.0
0 692.0 68.5 14.0 13.0
0 726.0 62.5 14.0 13.0
0 738.5 83.5 13.0 15.0
0 743.5 101.5 19.0 17.0
0 713.0 128.0 20.0 24.0
0 713.0 179.0 22.0 30.0
0 654.5 161.0 27.0 36.0
0 773.5 70.5 15.0 15.0
0 792.5 76.0 13.0 16.0
0 805.5 75.0 11.0 18.0
0 819.5 88.5 15.0 23.0
0 779.0 87.0 14.0 14.0
0 782.5 125.5 17.0 21.0
0 753.5 146.0 23.0 26.0
0 837.0 119.0 16.0 20.0
0 855.0 74.0 14.0 16.0
0 856.5 94.5 13.0 21.0
0 889.0 93.5 14.0 19.0
0 868.0 88.0 10.0 18.0
0 873.0 124.0 14.0 22.0
0 861.0 169.5 24.0 31.0
0 801.5 107.0 15.0 18.0
0 515.5 79.5 13.0 15.0
0 455.5 74.0 13.0 14.0
0 880.0 109.5 14.0 19.0
0 764.0 96.0 16.0 18.0
0 805.0 97.0 14.0 16.0
0 749.0 69.5 10.0 13.0
0 846.5 110.0 13.0 24.0
0 689.0 85.5 14.0 19.0
