0 218.0 268.5 44.0 59.0
0 274.0 264.0 46.0 60.0
0 335.5 168.5 21.0 23.0
0 392.0 157.5 20.0 27.0
0 449.0 135.5 20.0 19.0
0 468.0 160.0 20.0 32.0
0 483.5 131.5 17.0 23.0
0 479.5 110.0 17.0 20.0
0 507.5 116.5 15.0 17.0
0 489.0 91.0 12.0 16.0
0 503.0 90.0 14.0 18.0
0 567.5 84.0 13.0 20.0
0 600.5 86.0 15.0 18.0
0 619.0 88.5 18.0 17.0
0 572.0 119.0 20.0 20.0
0 512.0 200.5 30.0 45.0
0 699.5 155.0 21.0 30.0
0 773.5 169.0 27.0 36.0
0 837.0 172.0 26.0 34.0
0 945.5 125.5 17.0 25.0
0 871.0 72.5 12.0 17.0
0 734.5 88.5 15.0 21.0
0 765.5 85.5 15.0 17.0
0 779.0 92.5 14.0 21.0
0 800.0 75.0 16.0 20.0
0 821.0 95.0 16.0 22.0
0 854.0 109.5 18.0 23.0
