0 276.5 150.0 15.0 16.0
0 289.5 145.0 17.0 16.0
0 308.5 143.5 19.0 21.0
0 371.5 141.5 23.0 25.0
0 407.0 154.5 14.0 19.0
0 409.0 124.5 14.0 17.0
0 376.0 113.5 16.0 15.0
0 401.5 109.5 9.0 13.0
0 415.5 114.0 13.0 14.0
0 453.5 129.0 19.0 20.0
0 432.5 96.0 11.0 14.0
0 462.5 106.0 13.0 18.0
0 482.0 92.0 12.0 12.0
0 482.5 80.0 9.0 10.0
0 494.5 102.0 15.0 16.0
0 536.0 118.5 18.0 19.0
0 504.5 111.5 17.0 19.0
0 544.5 96.0 15.0 14.0
0 518.0 74.0 12.0 12.0
0 515.0 90.5 12.0 11.0
0 554.5 68.0 13.0 12.0
0 576.5 65.0 9.0 10.0
0 559.5 98.5 11.0 13.0
0 598.5 96.5 13.0 15.0
0 586.5 84.0 11.0 14.0
0 599.5 66.0 11.0 12.0
0 611.0 57.5 10.0 11.0
0 635.5 72.5 11.0 17.0
0 638.5 56.5 11.0 11.0
0 605.5 81.5 9.0 13.0
0 625.0 88.0 12.0 14.0
0 675.5 74.5 11.0 11.0
0 666.0 68.0 8.0 12.0
0 664.0 56.0 10.0 12.0
0 692.0 59.5 12.0 17.0
0 723.0 58.5 14.0 17.0
0 698.5 83.0 13.0 12.0
0 684.5 94.0 15.0 16.0
0 632.5 119.5 17.0 19.0
0 578.5 147.0 17.0 20.0
0 511.5 174.0 23.0 26.0
0 544.5 188.0 33.0 26.0
0 625.0 183.0 28.0 32.0
0 630.0 149.5 22.0 21.0
0 684.0 120.0 20.0 22.0
0 705.5 182.5 23.0 33.0
0 728.0 148.5 24.0 25.0
0 711.5 130.0 17.0 20.0
0 726.5 101.0 15.0 20.0
0 754.5 106.5 15.0 21.0
0 774.5 125.0 19.0 24.0
0 786.5 165.5 27.0 25.0
0 777.5 195.5 41.0 37.0
0 815.5 228.0 31.0 34.0
0 923.5 212.0 33.0 34.0
0 863.0 181.5 24.0 29.0
0 832.5 140.5 21.0 23.0
0 805.5 117.5 15.0 19.0
0 805.0 92.5 16.0 21.0
0 851.5 88.0 13.0 16.0
0 857.0 121.5 18.0 23.0
0 894.0 154.0 16.0 26.0
0 901.5 122.5 15.0 19.0
0 904.0 103.0 14.0 18.0
0 884.0 83.0 16.0 14.0
0 869.0 72.5 10.0 17.0
0 897.0 70.0 12.0 12.0
0 854.0 75.5 14.0 11.0
0 911.5 86.5 13.0 13.0
0 932.5 83.0 11.0 16.0
0 953.0 85.5 10.0 15.0
0 987.0 57.5 12.0 17.0
0 958.0 117.5 12.0 19.0
0 950.5 139.5 15.0 21.0
0 940.5 167.0 23.0 32.0
