0 150.0 367.5 52.0 57.0
0 263.5 237.5 21.0 27.0
0 302.0 245.5 26.0 27.0
0 340.5 209.0 23.0 22.0
0 394.0 243.0 26.0 34.0
0 416.0 230.0 16.0 22.0
0 414.5 207.5 19.0 25.0
0 459.0 182.0 18.0 20.0
0 491.0 185.0 18.0 20.0
0 503.5 180.0 17.0 18.0
0 477.0 208.5 18.0 21.0
0 483.0 231.5 26.0 29.0
0 532.0 237.5 24.0 27.0
0 561.0 215.0 22.0 24.0
0 526.0 183.5 18.0 25.0
0 549.5 170.5 17.0 19.0
0 556.0 165.0 16.0 18.0
0 560.5 185.5 19.0 21.0
0 600.5 185.0 15.0 20.0
0 609.0 178.0 14.0 18.0
0 628.5 195.0 21.0 24.0
0 647.5 179.0 15.0 22.0
0 597.5 230.0 23.0 26.0
0 569.0 282.0 38.0 34.0
0 640.0 251.0 24.0 38.0
0 659.5 194.5 17.0 21.0
0 661.5 159.5 15.0 19.0
0 677.0 152.5 12.0 13.0
0 682.5 164.5 17.0 21.0
0 686.0 184.5 18.0 21.0
0 715.5 176.0 13.0 18.0
0 718.5 160.5 13.0 19.0
0 725.0 146.0 18.0 18.0
0 715.5 229.5 25.0 33.0
0 640.5 301.5 37.0 43.0
0 694.5 320.0 39.0 52.0
0 757.5 326.5 41.0 45.0
0 729.5 257.0 27.0 32.0
0 787.5 254.5 35.0 33.0
0 774.5 241.0 25.0 30.0
0 755.0 212.0 20.0 20.0
0 758.5 176.5 17.0 21.0
0 802.5 147.0 11.0 18.0
0 806.0 161.0 14.0 18.0
0 817.0 158.5 14.0 19.0
0 801.0 192.0 20.0 24.0
0 844.5 176.5 19.0 27.0
0 809.0 221.0 22.0 32.0
0 825.5 251.5 27.0 35.0
0 861.5 277.5 29.0 37.0
0 878.0 175.5 20.0 23.0
0 892.5 167.5 17.0 19.0
0 933.5 197.0 19.0 28.0
0 923.5 186.5 17.0 19.0
0 941.5 183.5 17.0 21.0
0 935.0 167.5 18.0 25.0
0 971.5 170.5 15.0 19.0
0 984.5 186.5 21.0 25.0
0 969.5 206.0 23.0 24.0
0 973.5 250.0 23.0 34.0
0 972.0 237.5 22.0 23.0
0 1015.5 181.0 15.0 16.0
0 1026.0 190.0 18.0 26.0
0 1056.0 179.5 14.0 21.0
0 1016.0 225.0 20.0 28.0
0 1043.5 234.5 21.0 31.0
0 1067.5 224.0 17.0 24.0
0 1078.5 203.0 17.0 26.0
0 1120.0 216.0 20.0 24.0
0 1127.0 199.5 16.0 19.0
0 1103.0 226.0 22.0 22.0
0 1114.0 283.5 22.0 33.0
0 1018.0 284.5 28.0 35.0
0 1108.0 329.0 42.0 44.0
0 939.5 298.0 27.0 44.0
0 1007.5 328.0 33.0 40.0
0 837.5 378.0 47.0 54.0
0 971.5 359.0 45.0 50.0
0 326.5 268.5 25.0 23.0
0 841.0 210.5 26.0 27.0
0 763.5 158.5 15.0 21.0
