0 199.5 282.0 51.0 58.0
0 298.0 143.0 22.0 24.0
0 323.0 140.5 18.0 25.0
0 368.5 92.0 23.0 26.0
0 390.5 118.0 17.0 28.0
0 409.0 103.5 20.0 19.0
0 419.0 149.0 22.0 28.0
0 452.0 149.5 24.0 29.0
0 460.5 125.0 19.0 26.0
0 478.0 130.0 24.0 24.0
0 463.5 109.0 15.0 16.0
0 475.0 101.5 16.0 19.0
0 458.5 94.5 15.0 13.0
0 518.0 93.5 20.0 23.0
0 527.5 122.0 19.0 22.0
0 547.5 122.0 17.0 26.0
0 508.5 73.5 11.0 15.0
0 528.0 45.5 14.0 15.0
0 538.5 72.5 15.0 17.0
0 561.5 82.5 17.0 17.0
0 575.0 79.5 12.0 15.0
0 593.5 91.5 19.0 19.0
0 593.0 78.5 16.0 17.0
0 611.5 100.0 15.0 20.0
0 644.5 85.0 17.0 18.0
0 649.5 72.0 15.0 14.0
0 670.5 72.0 15.0 14.0
0 671.5 65.5 9.0 11.0
0 678.5 91.5 15.0 15.0
0 702.0 78.5 14.0 17.0
0 735.0 75.5 14.0 17.0
0 765.5 70.5 13.0 15.0
0 810.0 48.0 14.0 18.0
0 643.0 143.0 22.0 22.0
0 706.0 144.0 24.0 32.0
0 756.0 160.0 24.0 34.0
0 774.5 203.0 35.0 40.0
0 816.5 221.0 33.0 36.0
0 851.5 188.0 25.0 36.0
0 821.0 156.0 26.0 32.0
0 791.5 140.0 25.0 28.0
0 776.5 112.0 19.0 24.0
0 763.5 102.0 17.0 24.0
0 793.5 106.0 15.0 22.0
0 807.5 125.5 19.0 25.0
0 856.5 148.5 23.0 21.0
0 841.5 96.0 17.0 14.0
0 863.0 102.5 14.0 17.0
0 866.5 86.5 13.0 17.0
0 914.0 98.0 16.0 22.0
0 927.0 90.5 14.0 17.0
0 901.0 120.5 20.0 25.0
0 944.0 111.5 14.0 21.0
0 942.0 142.0 20.0 20.0
0 914.5 155.0 21.0 28.0
0 973.5 132.5 19.0 25.0
0 973.5 114.5 17.0 23.0
0 982.5 106.0 17.0 22.0
0 991.5 98.0 15.0 18.0
0 1025.0 100.0 14.0 18.0
0 1015.5 163.0 19.0 26.0
0 1003.0 129.0 16.0 24.0
0 986.0 243.5 26.0 31.0
0 960.0 166.0 20.0 24.0
0 680.0 110.0 18.0 20.0
