0 62.5 154.0 23.0 28.0
0 274.0 115.0 16.0 18.0
0 294.5 113.0 13.0 18.0
0 313.0 114.0 14.0 18.0
0 332.0 113.5 18.0 17.0
0 351.0 120.0 14.0 20.0
0 311.0 96.5 14.0 17.0
0 346.5 95.5 13.0 15.0
0 355.0 88.0 12.0 14.0
0 356.5 108.5 15.0 15.0
0 386.0 125.5 16.0 19.0
0 418.5 127.5 17.0 21.0
0 425.5 109.5 15.0 17.0
0 412.5 104.5 13.0 15.0
0 395.5 105.0 17.0 20.0
0 382.5 86.5 13.0 19.0
0 402.5 79.0 11.0 16.0
0 418.5 78.5 13.0 15.0
0 454.5 75.5 11.0 13.0
0 444.0 70.0 10.0 14.0
0 483.5 94.0 15.0 16.0
0 466.0 101.0 12.0 14.0
0 469.5 62.5 9.0 9.0
0 485.0 77.0 14.0 12.0
0 517.5 84.0 15.0 14.0
0 524.0 96.0 16.0 20.0
0 552.0 88.5 16.0 19.0
0 559.5 73.5 11.0 15.0
0 606.0 79.5 14.0 13.0
0 588.5 71.5 13.0 15.0
0 562.0 55.5 8.0 11.0
0 529.5 61.0 11.0 12.0
0 500.5 60.5 11.0 13.0
0 532.5 76.5 13.0 13.0
0 518.5 72.5 11.0 11.0
0 506.5 73.5 9.0 11.0
0 573.0 58.5 8.0 11.0
0 610.5 59.0 9.0 12.0
0 617.0 77.0 10.0 12.0
0 584.5 60.5 9.0 11.0
0 639.5 59.5 11.0 15.0
0 651.5 57.5 9.0 13.0
0 672.0 57.5 10.0 13.0
0 543.5 126.5 21.0 25.0
0 582.0 126.5 22.0 25.0
0 632.5 95.0 13.0 18.0
0 662.5 90.5 13.0 19.0
0 679.0 95.0 14.0 20.0
0 689.0 76.0 14.0 16.0
0 705.5 69.0 11.0 16.0
0 668.0 165.5 26.0 29.0
0 656.0 134.0 18.0 24.0
0 642.0 121.0 16.0 22.0
0 681.0 121.0 18.0 22.0
0 705.0 106.0 16.0 20.0
0 693.0 93.5 12.0 17.0
0 727.5 67.5 9.0 15.0
0 738.0 73.0 10.0 14.0
0 747.5 84.5 15.0 15.0
0 759.0 69.0 8.0 12.0
0 723.0 124.0 20.0 24.0
0 752.0 105.5 16.0 23.0
0 726.0 181.5 26.0 33.0
0 739.0 149.0 20.0 28.0
0 772.5 149.0 17.0 22.0
0 795.0 114.0 14.0 18.0
0 771.5 70.5 9.0 11.0
0 798.5 79.5 11.0 13.0
0 808.0 76.5 8.0 13.0
0 822.5 90.0 13.0 18.0
0 845.5 90.5 13.0 17.0
0 879.0 105.5 14.0 17.0
0 897.5 97.5 11.0 17.0
0 869.5 115.5 15.0 19.0
0 852.5 116.5 15.0 17.0
0 883.5 133.5 17.0 21.0
0 834.0 122.5 16.0 23.0
0 857.5 80.5 11.0 15.0
0 777.0 88.0 16.0 18.0
0 857.5 191.5 25.0 31.0
