0 1030.5 187.5 15.0 19.0
0 1052.0 187.0 14.0 20.0
0 1057.5 199.0 15.0 22.0
0 1073.0 182.5 12.0 17.0
0 1107.0 202.5 14.0 25.0
0 1147.5 194.5 11.0 19.0
0 1148.5 220.0 13.0 22.0
0 1102.0 231.0 14.0 24.0
0 1095.5 252.5 19.0 33.0
0 1118.5 278.0 23.0 34.0
0 1137.0 243.5 18.0 25.0
0 1149.0 253.0 18.0 36.0
0 1114.0 324.5 34.0 43.0
0 1047.0 220.0 18.0 24.0
0 1021.5 241.5 19.0 29.0
0 998.5 257.5 23.0 35.0
0 1056.5 292.0 21.0 32.0
0 1041.5 321.5 27.0 37.0
0 995.0 385.5 34.0 51.0
0 909.0 283.5 26.0 37.0
0 949.0 307.0 24.0 38.0
0 933.0 207.5 16.0 27.0
0 925.5 164.5 13.0 19.0
0 959.0 170.5 14.0 19.0
0 951.0 192.0 16.0 26.0
0 990.0 214.0 16.0 24.0
0 1000.5 199.5 17.0 25.0
0 872.0 186.0 16.0 22.0
0 889.0 205.0 18.0 26.0
0 905.5 183.0 15.0 22.0
0 835.0 190.5 18.0 21.0
0 849.5 250.0 23.0 34.0
0 802.0 237.0 22.0 28.0
0 796.5 277.0 29.0 40.0
0 758.0 275.0 24.0 38.0
0 789.0 324.5 36.0 49.0
0 873.5 338.0 39.0 52.0
0 719.5 305.0 35.0 44.0
0 676.5 291.0 29.0 38.0
0 695.5 247.5 23.0 29.0
0 739.5 232.5 23.0 29.0
0 714.0 200.5 16.0 25.0
0 759.0 147.5 12.0 17.0
0 776.0 153.0 12.0 14.0
0 806.0 153.0 10.0 18.0
0 698.0 156.5 14.0 17.0
0 708.0 174.0 14.0 18.0
0 698.0 185.5 16.0 21.0
0 735.5 177.5 15.0 23.0
0 790.5 177.5 15.0 19.0
0 825.0 170.0 14.0 18.0
0 836.0 166.0 14.0 20.0
0 562.0 179.0 14.0 18.0
0 587.0 191.0 14.0 22.0
0 622.0 189.0 14.0 22.0
0 643.5 200.5 15.0 25.0
0 648.5 172.0 15.0 20.0
0 663.0 180.5 16.0 23.0
0 624.5 228.0 17.0 26.0
0 578.5 224.0 19.0 22.0
0 554.0 242.0 24.0 32.0
0 542.0 221.5 20.0 27.0
0 567.5 293.0 31.0 44.0
0 512.0 187.5 14.0 23.0
0 499.0 192.5 18.0 25.0
0 531.5 196.5 17.0 21.0
0 506.5 217.0 15.0 22.0
0 504.5 239.5 21.0 29.0
0 478.0 237.0 20.0 24.0
0 445.5 210.5 15.0 21.0
0 440.0 234.0 18.0 22.0
0 415.0 263.0 24.0 32.0
0 288.0 243.0 16.0 26.0
0 329.0 247.5 20.0 29.0
0 363.0 218.0 16.0 24.0
0 360.0 263.0 18.0 30.0
0 127.0 345.5 46.0 55.0
0 776.0 220.5 18.0 29.0
0 709.0 157.0 12.0 16.0
