0 64.0 210.0 34.0 34.0
0 223.5 143.0 17.0 16.0
0 246.5 138.0 15.0 16.0
0 263.5 131.5 13.0 15.0
0 269.0 115.0 12.0 12.0
0 301.5 135.5 15.0 17.0
0 344.0 147.5 16.0 17.0
0 321.5 107.0 11.0 12.0
0 339.0 110.0 14.0 12.0
0 344.5 99.0 9.0 10.0
0 354.5 88.0 11.0 12.0
0 369.5 109.5 13.0 15.0
0 389.0 96.5 12.0 11.0
0 367.5 94.5 11.0 11.0
0 397.0 87.0 10.0 12.0
0 420.0 114.0 16.0 16.0
0 391.5 112.0 15.0 14.0
0 428.0 99.5 12.0 13.0
0 416.0 97.5 14.0 13.0
0 417.5 81.5 11.0 11.0
0 405.5 78.5 11.0 13.0
0 395.0 75.0 10.0 10.0
0 426.5 64.5 11.0 11.0
0 456.5 105.0 17.0 14.0
0 437.0 91.0 12.0 12.0
0 450.5 81.0 9.0 12.0
0 463.5 67.0 11.0 10.0
0 475.5 82.5 11.0 13.0
0 499.5 86.0 13.0 14.0
0 478.5 69.5 9.0 9.0
0 491.5 59.0 9.0 12.0
0 506.0 76.5 12.0 13.0
0 512.5 64.0 11.0 14.0
0 522.5 50.5 9.0 11.0
0 538.0 51.5 10.0 11.0
0 546.0 72.5 12.0 15.0
0 529.5 70.5 11.0 11.0
0 562.5 64.0 13.0 14.0
0 569.5 52.5 9.0 11.0
0 552.5 63.0 7.0 8.0
0 430.5 142.0 21.0 22.0
0 491.0 119.5 14.0 19.0
0 490.0 146.0 24.0 20.0
0 527.5 167.0 21.0 26.0
0 588.5 167.5 23.0 27.0
0 584.5 130.0 23.0 22.0
0 529.5 126.0 19.0 24.0
0 530.0 101.5 16.0 15.0
0 569.0 88.0 14.0 16.0
0 577.5 107.5 15.0 21.0
0 615.0 110.5 16.0 21.0
0 618.5 150.0 19.0 22.0
0 680.5 151.0 17.0 24.0
0 659.5 110.5 19.0 21.0
0 647.0 89.0 14.0 18.0
0 663.0 81.0 12.0 16.0
0 610.0 89.0 14.0 18.0
0 591.0 75.0 12.0 14.0
0 596.5 61.5 11.0 13.0
0 592.0 53.0 12.0 12.0
0 618.5 73.0 13.0 14.0
0 639.0 62.5 12.0 15.0
0 653.5 65.0 13.0 14.0
0 665.0 63.5 10.0 13.0
0 681.0 63.5 10.0 11.0
0 660.5 52.0 11.0 12.0
0 697.5 66.0 11.0 14.0
0 708.0 63.5 10.0 13.0
0 728.0 72.0 12.0 14.0
0 736.5 95.0 13.0 14.0
0 703.5 85.5 13.0 17.0
0 715.5 116.5 19.0 19.0
0 762.5 114.5 15.0 21.0
0 803.0 142.0 18.0 24.0
0 807.0 97.5 14.0 19.0
0 807.5 79.5 9.0 11.0
0 779.5 85.0 11.0 14.0
0 784.5 67.0 13.0 16.0
0 772.5 95.0 13.0 16.0
0 763.0 68.0 10.0 12.0
