0 71.5 168.5 21.0 25.0
0 314.5 129.0 15.0 18.0
0 331.0 111.0 16.0 16.0
0 346.5 114.0 15.0 16.0
0 412.5 112.0 17.0 18.0
0 423.5 84.5 13.0 13.0
0 417.5 100.0 13.0 12.0
0 440.5 91.0 13.0 14.0
0 441.0 119.5 16.0 19.0
0 473.0 124.0 16.0 20.0
0 471.0 100.5 16.0 17.0
0 477.0 86.0 12.0 12.0
0 485.0 90.5 12.0 13.0
0 467.0 76.0 12.0 12.0
0 502.0 71.5 12.0 11.0
0 500.0 84.5 14.0 15.0
0 520.0 92.0 14.0 14.0
0 534.0 98.0 16.0 18.0
0 531.5 106.0 15.0 14.0
0 520.5 73.5 11.0 13.0
0 534.0 75.5 12.0 13.0
0 556.0 84.5 14.0 15.0
0 544.0 79.5 12.0 11.0
0 572.0 71.0 14.0 14.0
0 588.5 80.5 13.0 13.0
0 582.0 92.5 14.0 13.0
0 594.0 73.0 10.0 8.0
0 599.0 62.0 12.0 14.0
0 618.5 69.0 11.0 12.0
0 628.5 63.0 11.0 14.0
0 645.5 66.0 9.0 10.0
0 649.5 73.0 9.0 10.0
0 666.0 73.5 12.0 15.0
0 675.5 72.0 9.0 10.0
0 629.5 85.0 13.0 14.0
0 736.5 72.5 13.0 15.0
0 745.5 79.0 13.0 14.0
0 738.5 88.5 13.0 15.0
0 763.5 80.0 13.0 16.0
0 695.0 94.0 14.0 16.0
0 691.0 112.5 16.0 19.0
0 699.5 130.0 21.0 22.0
0 725.0 103.0 16.0 18.0
0 649.0 106.5 16.0 17.0
0 651.0 120.5 16.0 19.0
0 659.5 147.5 15.0 19.0
0 676.0 178.5 28.0 35.0
0 603.5 166.0 23.0 30.0
0 575.5 154.5 23.0 27.0
0 568.5 139.0 23.0 20.0
0 618.5 119.0 21.0 22.0
0 516.0 156.0 24.0 24.0
0 725.0 202.5 26.0 33.0
0 800.5 201.0 29.0 34.0
0 889.0 220.5 30.0 33.0
0 886.0 206.5 26.0 27.0
0 839.0 174.5 22.0 21.0
0 851.5 164.5 17.0 15.0
0 789.0 162.0 24.0 24.0
0 791.5 146.5 17.0 19.0
0 816.5 130.0 19.0 22.0
0 774.0 124.0 20.0 22.0
0 787.5 110.0 17.0 18.0
0 778.0 101.0 16.0 16.0
0 766.5 107.0 15.0 20.0
0 810.0 100.0 16.0 18.0
0 823.0 88.0 16.0 14.0
0 827.5 111.5 17.0 21.0
0 847.0 105.0 14.0 16.0
0 859.5 90.5 15.0 15.0
0 885.0 98.0 12.0 18.0
0 891.5 99.0 11.0 14.0
0 912.5 97.0 11.0 16.0
0 912.5 111.0 15.0 18.0
0 908.0 129.0 18.0 20.0
0 906.5 156.0 19.0 26.0
0 869.0 131.5 18.0 23.0
0 866.0 115.0 16.0 16.0
