0 51.5 243.0 33.0 38.0
0 281.5 170.0 21.0 18.0
0 312.5 163.0 21.0 18.0
0 332.5 155.5 17.0 21.0
0 378.5 170.0 17.0 20.0
0 360.0 152.5 16.0 19.0
0 347.5 131.0 13.0 14.0
0 372.5 131.0 17.0 16.0
0 411.0 131.5 16.0 19.0
0 445.0 137.5 18.0 19.0
0 421.5 120.0 17.0 18.0
0 448.0 103.0 12.0 14.0
0 425.5 178.5 27.0 23.0
0 476.5 137.0 19.0 22.0
0 516.0 142.0 18.0 26.0
0 499.0 127.0 18.0 22.0
0 480.5 113.0 19.0 16.0
0 466.0 119.5 14.0 19.0
0 479.5 96.0 11.0 16.0
0 528.0 118.0 16.0 18.0
0 521.0 99.0 14.0 18.0
0 497.0 108.0 14.0 14.0
0 549.0 101.5 16.0 17.0
0 543.5 93.5 17.0 21.0
0 527.0 80.5 12.0 15.0
0 509.5 89.0 13.0 12.0
0 556.5 81.5 11.0 17.0
0 572.5 78.5 13.0 17.0
0 582.5 122.5 17.0 21.0
0 579.0 99.0 20.0 22.0
0 615.0 101.0 16.0 22.0
0 596.0 90.5 14.0 23.0
0 607.0 66.0 10.0 16.0
0 642.0 74.0 14.0 16.0
0 638.5 61.0 13.0 18.0
0 668.5 75.5 11.0 13.0
0 664.5 64.0 13.0 14.0
0 691.5 63.0 17.0 16.0
0 688.0 76.0 12.0 16.0
0 531.5 172.5 25.0 29.0
0 581.0 186.5 28.0 35.0
0 643.5 203.0 29.0 32.0
0 609.5 149.0 23.0 28.0
0 656.0 155.5 26.0 29.0
0 713.5 158.0 23.0 30.0
0 726.5 205.0 33.0 40.0
0 775.0 170.0 32.0 28.0
0 846.0 167.5 26.0 33.0
0 806.0 139.0 26.0 32.0
0 721.5 122.5 25.0 25.0
0 751.0 138.5 24.0 27.0
0 657.0 126.0 18.0 22.0
0 699.0 108.0 18.0 24.0
0 676.0 91.5 14.0 19.0
0 730.0 91.0 14.0 20.0
0 744.0 109.5 18.0 23.0
0 797.0 108.0 18.0 22.0
0 883.5 139.0 23.0 30.0
0 936.5 134.5 17.0 23.0
0 993.5 171.5 23.0 27.0
0 726.0 70.0 16.0 16.0
0 742.0 59.0 16.0 18.0
0 766.0 81.5 20.0 17.0
0 784.5 74.5 15.0 17.0
0 806.5 66.5 15.0 17.0
0 800.5 80.0 13.0 16.0
0 823.5 97.0 19.0 18.0
0 793.0 92.0 16.0 16.0
0 834.0 73.0 12.0 18.0
0 843.0 70.5 14.0 19.0
0 859.0 83.0 14.0 20.0
0 871.0 78.0 14.0 16.0
0 866.5 110.5 19.0 25.0
0 878.0 100.5 16.0 17.0
0 892.0 81.0 14.0 22.0
0 916.0 111.0 20.0 24.0
0 927.5 93.0 15.0 16.0
0 932.5 76.5 17.0 19.0
0 957.5 121.0 15.0 20.0
0 970.0 79.5 18.0 23.0
0 999.5 93.0 13.0 16.0
0 1000.0 120.5 12.0 19.0
0 994.0 107.5 12.0 13.0
