0 181.0 385.0 70.0 80.0
0 272.0 255.5 20.0 27.0
0 327.0 247.0 28.0 34.0
0 362.5 259.0 27.0 32.0
0 358.0 218.0 20.0 22.0
0 422.5 250.0 27.0 30.0
0 447.0 235.0 24.0 30.0
0 442.0 208.0 20.0 22.0
0 471.5 242.5 25.0 29.0
0 507.0 244.0 26.0 28.0
0 503.0 221.0 24.0 24.0
0 545.5 249.5 23.0 35.0
0 543.0 217.5 22.0 27.0
0 492.0 180.5 20.0 21.0
0 514.5 187.0 21.0 24.0
0 547.0 188.0 16.0 20.0
0 577.0 215.5 20.0 21.0
0 579.5 192.0 19.0 20.0
0 570.0 177.0 20.0 18.0
0 580.5 169.5 17.0 17.0
0 609.5 199.5 21.0 23.0
0 627.5 184.0 21.0 20.0
0 646.5 183.0 19.0 22.0
0 642.0 222.5 22.0 29.0
0 637.0 211.0 22.0 22.0
0 677.0 208.0 22.0 26.0
0 666.0 181.0 18.0 22.0
0 677.0 164.0 20.0 20.0
0 690.5 184.5 21.0 27.0
0 707.0 174.5 20.0 19.0
0 705.5 157.0 17.0 20.0
0 732.0 180.5 18.0 25.0
0 733.0 169.0 20.0 22.0
0 751.0 148.5 18.0 21.0
0 771.5 151.0 17.0 16.0
0 786.5 179.0 21.0 24.0
0 810.0 160.5 16.0 23.0
0 828.0 166.0 16.0 22.0
0 858.5 159.0 17.0 20.0
0 866.0 185.5 20.0 25.0
0 830.0 192.5 24.0 23.0
0 780.0 215.0 22.0 26.0
0 738.0 232.0 26.0 30.0
0 659.0 266.5 32.0 39.0
0 667.5 288.5 39.0 43.0
0 619.5 270.0 35.0 48.0
0 756.0 306.5 40.0 43.0
0 750.5 265.0 31.0 32.0
0 795.5 245.5 25.0 33.0
0 848.5 250.5 25.0 35.0
0 821.5 322.0 41.0 46.0
0 804.0 282.5 38.0 39.0
0 837.0 229.5 26.0 31.0
0 887.0 205.5 20.0 29.0
0 902.0 285.5 34.0 39.0
0 863.0 374.0 44.0 54.0
0 940.0 318.0 36.0 48.0
0 978.5 363.0 39.0 50.0
0 992.0 259.0 28.0 34.0
0 1006.0 245.5 24.0 31.0
0 999.0 220.5 22.0 23.0
0 944.0 206.0 24.0 28.0
0 935.0 189.0 20.0 22.0
0 911.5 181.5 21.0 21.0
0 897.5 191.0 19.0 24.0
0 921.0 162.5 16.0 21.0
0 958.0 177.5 22.0 21.0
0 1004.0 197.0 22.0 22.0
0 993.0 185.0 18.0 16.0
0 1026.5 189.0 17.0 26.0
0 1055.0 189.0 22.0 28.0
0 1067.5 185.5 15.0 23.0
0 1055.5 228.0 27.0 28.0
0 1088.5 235.0 23.0 30.0
0 1100.5 210.5 21.0 23.0
0 1067.5 265.0 29.0 34.0
0 1049.5 295.5 29.0 35.0
0 1031.5 325.0 43.0 48.0
0 1115.5 339.0 37.0 54.0
0 1106.0 280.0 26.0 34.0
0 1136.5 254.5 21.0 29.0
0 1150.5 236.0 19.0 26.0
0 1141.5 216.0 19.0 22.0
0 1137.5 199.5 17.0 19.0
