0 400.0 145.5 22.0 21.0
0 455.0 144.5 18.0 21.0
0 468.5 133.5 17.0 19.0
0 510.0 127.0 16.0 18.0
0 541.0 124.0 18.0 20.0
0 538.0 108.0 14.0 16.0
0 556.5 108.5 17.0 17.0
0 570.0 124.5 16.0 19.0
0 590.0 130.0 16.0 22.0
0 568.5 161.5 23.0 25.0
0 630.0 134.5 18.0 23.0
0 603.0 108.0 18.0 14.0
0 587.5 115.0 17.0 16.0
0 594.5 97.0 15.0 20.0
0 617.0 98.5 14.0 15.0
0 637.0 103.0 16.0 20.0
0 647.0 121.0 16.0 24.0
0 689.5 137.5 23.0 23.0
0 677.5 105.0 15.0 16.0
0 673.0 94.5 14.0 15.0
0 713.5 109.0 19.0 22.0
0 720.0 92.5 16.0 19.0
0 741.0 96.5 18.0 23.0
0 743.5 118.5 19.0 19.0
0 794.5 114.0 15.0 22.0
0 782.0 103.0 14.0 18.0
0 770.0 82.5 12.0 15.0
0 816.5 92.0 13.0 14.0
0 818.0 81.0 10.0 14.0
0 842.0 86.5 14.0 15.0
0 850.5 98.5 13.0 19.0
0 881.5 90.0 13.0 20.0
0 777.0 150.0 24.0 28.0
0 708.0 176.5 26.0 29.0
0 822.5 162.0 21.0 30.0
0 823.5 137.0 25.0 22.0
0 865.5 131.5 17.0 23.0
0 885.5 143.5 21.0 23.0
0 915.5 129.5 17.0 27.0
0 911.0 109.0 14.0 20.0
0 948.0 102.0 18.0 18.0
0 965.0 128.0 18.0 22.0
0 893.5 175.0 25.0 32.0
0 858.0 218.0 44.0 46.0
0 999.0 151.0 20.0 26.0
0 990.5 123.5 15.0 23.0
0 1012.0 134.5 16.0 21.0
0 1012.5 116.0 13.0 20.0
0 1031.0 101.0 16.0 20.0
0 1037.0 129.5 14.0 21.0
0 1075.5 144.0 21.0 28.0
0 1071.0 104.0 14.0 20.0
0 1103.5 112.5 15.0 17.0
0 1137.0 134.5 16.0 27.0
0 1103.0 176.0 18.0 24.0
0 1092.5 198.0 23.0 34.0
0 1171.5 165.5 19.0 29.0
0 1161.0 143.5 16.0 19.0
0 1173.5 130.0 13.0 16.0
