0 207.5 341.0 47.0 48.0
0 363.5 192.0 23.0 28.0
0 375.5 168.5 21.0 25.0
0 406.0 192.0 26.0 28.0
0 437.5 200.0 27.0 32.0
0 447.0 185.0 26.0 20.0
0 438.0 163.0 20.0 20.0
0 435.0 148.5 22.0 21.0
0 474.5 156.5 25.0 29.0
0 499.0 160.0 22.0 26.0
0 510.5 138.5 17.0 21.0
0 527.0 130.0 18.0 22.0
0 543.5 152.0 19.0 20.0
0 567.5 151.0 25.0 26.0
0 557.5 119.0 19.0 22.0
0 607.5 151.5 23.0 27.0
0 614.5 126.0 23.0 24.0
0 583.0 103.0 20.0 22.0
0 564.5 106.0 17.0 18.0
0 490.0 198.5 28.0 33.0
0 618.0 105.0 20.0 20.0
0 617.5 92.0 15.0 18.0
0 634.0 92.0 16.0 22.0
0 646.5 113.0 19.0 22.0
0 661.0 100.5 18.0 23.0
0 684.5 112.0 19.0 24.0
0 712.5 129.0 23.0 24.0
0 699.5 96.0 17.0 20.0
0 706.0 75.5 16.0 15.0
0 727.0 104.5 20.0 23.0
0 730.5 87.0 17.0 16.0
0 741.5 71.5 15.0 15.0
0 759.0 110.0 20.0 26.0
0 768.5 72.5 17.0 17.0
0 795.0 67.5 14.0 19.0
0 800.5 93.5 21.0 21.0
0 768.5 89.0 19.0 20.0
0 829.5 78.5 15.0 17.0
0 829.5 94.0 19.0 16.0
0 874.0 76.5 12.0 17.0
0 674.0 202.0 36.0 44.0
0 693.0 178.0 30.0 34.0
0 758.5 185.5 31.0 33.0
0 773.0 147.0 22.0 32.0
0 819.0 163.5 30.0 33.0
0 822.5 195.5 33.0 39.0
0 769.0 237.5 38.0 49.0
0 965.5 210.5 33.0 45.0
0 858.0 131.0 22.0 28.0
0 856.0 112.5 20.0 19.0
0 894.0 101.0 20.0 24.0
0 906.5 120.0 25.0 32.0
0 892.0 163.0 24.0 32.0
0 919.5 102.5 21.0 27.0
0 932.5 84.0 17.0 20.0
0 945.5 124.5 21.0 27.0
0 966.5 154.0 21.0 24.0
0 931.0 182.5 30.0 35.0
0 1022.5 178.0 29.0 38.0
0 1020.0 287.0 50.0 58.0
0 1111.0 306.0 44.0 56.0
0 1132.5 240.0 33.0 46.0
0 1067.0 208.0 36.0 44.0
0 1089.5 179.5 29.0 33.0
0 1145.0 206.5 26.0 35.0
0 1149.5 172.0 25.0 34.0
0 1157.5 151.5 19.0 23.0
0 1083.0 156.5 26.0 25.0
0 1034.0 155.0 24.0 26.0
0 999.0 127.0 24.0 26.0
0 973.0 107.5 22.0 21.0
0 979.0 95.0 20.0 18.0
0 989.5 79.5 15.0 17.0
0 1010.5 87.0 17.0 24.0
0 1010.5 112.0 23.0 24.0
0 1036.0 97.0 20.0 24.0
0 1047.0 92.5 16.0 21.0
0 1066.5 114.0 21.0 24.0
0 1055.0 135.0 22.0 24.0
0 1081.5 104.5 19.0 23.0
0 1096.0 88.0 16.0 18.0
0 1115.0 129.5 18.0 21.0
0 1125.5 109.5 19.0 21.0
0 1138.5 104.5 15.0 21.0
0 1158.5 112.0 17.0 20.0
