0 17.5 281.5 29.0 35.0
0 274.5 225.5 17.0 23.0
0 345.5 203.0 15.0 22.0
0 308.5 251.5 23.0 27.0
0 352.5 245.5 23.0 33.0
0 403.5 241.5 33.0 31.0
0 425.5 192.5 17.0 21.0
0 433.0 223.0 24.0 26.0
0 461.5 219.5 25.0 27.0
0 471.0 173.0 16.0 18.0
0 489.5 176.5 17.0 21.0
0 491.0 199.5 18.0 17.0
0 493.0 226.5 28.0 27.0
0 527.0 203.0 24.0 26.0
0 513.5 170.5 17.0 21.0
0 539.0 176.5 18.0 25.0
0 565.5 154.0 29.0 20.0
0 570.0 177.0 16.0 24.0
0 566.5 203.0 21.0 20.0
0 539.5 227.0 23.0 20.0
0 604.5 215.5 21.0 27.0
0 613.5 173.5 15.0 25.0
0 628.0 184.0 26.0 32.0
0 635.0 164.5 28.0 21.0
0 632.0 213.0 20.0 22.0
0 644.5 238.5 27.0 29.0
0 561.0 272.0 32.0 38.0
0 671.0 184.0 22.0 26.0
0 659.5 165.0 13.0 22.0
0 674.5 147.0 15.0 14.0
0 703.5 170.5 17.0 19.0
0 695.5 146.0 23.0 18.0
0 725.0 144.0 20.0 20.0
0 737.0 134.0 18.0 20.0
0 728.0 166.5 20.0 25.0
0 767.0 165.5 24.0 21.0
0 758.0 141.5 14.0 13.0
0 773.5 144.5 21.0 13.0
0 719.5 223.5 25.0 29.0
0 795.0 137.5 12.0 19.0
0 846.5 142.0 25.0 22.0
0 819.5 157.5 25.0 21.0
0 822.5 181.0 25.0 20.0
0 850.0 164.5 24.0 23.0
0 768.5 198.5 23.0 27.0
0 746.0 231.0 26.0 24.0
0 637.5 286.5 35.0 37.0
0 724.0 312.5 38.0 57.0
0 790.0 245.5 34.0 31.0
0 775.5 316.5 45.0 41.0
0 833.5 237.5 17.0 23.0
0 832.0 208.5 24.0 27.0
0 878.5 189.0 17.0 22.0
0 902.0 159.5 16.0 23.0
0 860.0 324.0 48.0 56.0
0 896.0 279.5 34.0 37.0
0 924.0 157.5 18.0 23.0
0 935.5 189.0 19.0 26.0
0 943.0 163.0 16.0 22.0
0 953.5 164.5 9.0 23.0
0 950.0 285.5 32.0 43.0
0 1016.0 365.0 36.0 54.0
0 1024.0 317.0 40.0 42.0
0 982.0 242.0 30.0 38.0
0 990.5 201.0 19.0 20.0
0 995.5 176.0 17.0 20.0
0 1019.5 168.0 15.0 20.0
0 1056.0 163.5 14.0 17.0
0 1039.5 175.0 23.0 22.0
0 1018.0 207.0 22.0 24.0
0 1023.0 226.0 24.0 26.0
0 1040.5 248.5 25.0 35.0
0 1059.0 226.5 28.0 29.0
0 1084.0 191.5 20.0 27.0
0 1106.0 327.0 32.0 42.0
0 1136.0 242.5 26.0 29.0
0 1111.0 211.0 18.0 30.0
0 1131.5 204.5 33.0 31.0
0 1136.0 187.5 16.0 17.0
0 1035.0 190.0 18.0 26.0
