0 155.0 393.0 52.0 52.0
0 275.0 251.5 22.0 27.0
0 326.0 247.5 26.0 31.0
0 357.0 224.0 24.0 26.0
0 406.0 267.0 32.0 38.0
0 362.0 266.0 26.0 30.0
0 436.5 238.0 21.0 26.0
0 397.0 236.0 22.0 28.0
0 442.0 210.5 22.0 23.0
0 470.5 237.5 21.0 23.0
0 502.0 213.5 18.0 23.0
0 488.0 190.5 20.0 23.0
0 510.5 188.0 19.0 26.0
0 533.5 198.0 19.0 22.0
0 543.0 218.0 22.0 28.0
0 592.5 242.5 27.0 31.0
0 556.0 184.0 16.0 18.0
0 605.5 201.5 23.0 25.0
0 580.5 170.0 17.0 18.0
0 646.0 198.0 22.0 22.0
0 636.5 180.0 21.0 20.0
0 673.0 177.0 22.0 24.0
0 685.5 202.0 23.0 28.0
0 703.0 193.0 20.0 24.0
0 626.5 239.0 27.0 34.0
0 688.0 163.5 16.0 17.0
0 707.5 174.5 21.0 15.0
0 710.0 158.0 16.0 16.0
0 736.0 176.5 18.0 21.0
0 753.5 150.0 13.0 18.0
0 774.0 149.0 16.0 20.0
0 813.0 151.5 16.0 21.0
0 828.0 164.5 16.0 19.0
0 841.5 162.5 15.0 19.0
0 788.0 211.5 22.0 31.0
0 770.5 190.0 17.0 22.0
0 741.0 237.5 30.0 33.0
0 720.5 274.0 39.0 36.0
0 728.0 307.0 38.0 50.0
0 661.5 290.5 37.0 45.0
0 656.5 263.5 33.0 37.0
0 572.5 304.5 35.0 45.0
0 492.5 256.0 23.0 28.0
0 773.5 349.5 43.0 49.0
0 818.5 264.0 35.0 34.0
0 797.5 243.0 25.0 30.0
0 839.0 227.0 28.0 30.0
0 825.0 203.0 24.0 28.0
0 873.5 178.0 19.0 26.0
0 872.0 213.5 20.0 25.0
0 900.5 188.0 23.0 30.0
0 916.0 174.5 18.0 17.0
0 922.5 211.0 23.0 32.0
0 959.0 195.0 22.0 24.0
0 950.5 171.0 19.0 22.0
0 1004.5 210.5 19.0 25.0
0 1001.0 197.5 14.0 17.0
0 993.5 183.5 19.0 19.0
0 1035.0 185.0 18.0 22.0
0 1050.5 195.0 19.0 22.0
0 1072.0 184.0 14.0 20.0
0 1080.0 204.0 18.0 22.0
0 1083.5 231.5 21.0 27.0
0 1053.0 222.5 18.0 23.0
0 1038.0 228.5 20.0 25.0
0 1053.5 249.5 23.0 31.0
0 1013.0 251.5 24.0 29.0
0 987.0 260.5 30.0 37.0
0 906.0 289.0 30.0 36.0
0 852.0 257.0 28.0 28.0
0 856.0 380.5 42.0 61.0
0 989.0 357.5 40.0 47.0
0 958.0 313.5 34.0 45.0
0 1041.0 327.5 42.0 47.0
0 1047.5 288.0 31.0 38.0
0 1087.5 297.0 31.0 36.0
0 1130.5 333.0 39.0 46.0
0 1136.5 250.5 23.0 31.0
0 1153.0 233.0 18.0 24.0
0 1148.0 216.0 18.0 22.0
0 1147.5 192.0 19.0 22.0
