0 278.0 381.0 0.0 0.0
0 111.0 213.5 48.0 49.0
0 324.5 132.5 19.0 23.0
0 340.5 111.5 19.0 19.0
0 361.5 112.0 15.0 20.0
0 421.0 116.0 20.0 20.0
0 432.5 99.0 15.0 14.0
0 455.5 118.5 11.0 21.0
0 481.0 134.0 16.0 18.0
0 538.5 159.5 19.0 25.0
0 489.0 103.0 12.0 16.0
0 465.5 85.5 9.0 15.0
0 478.5 74.0 9.0 10.0
0 481.0 86.5 10.0 13.0
0 504.5 88.0 11.0 12.0
0 539.5 91.0 19.0 18.0
0 515.0 77.5 12.0 11.0
0 547.0 67.5 12.0 11.0
0 565.5 67.0 9.0 12.0
0 599.0 65.0 12.0 16.0
0 596.5 98.0 15.0 20.0
0 616.0 66.5 14.0 19.0
0 651.5 68.0 13.0 18.0
0 679.0 63.0 14.0 10.0
0 650.0 87.0 14.0 12.0
0 642.5 120.5 17.0 21.0
0 596.0 134.0 18.0 22.0
0 562.5 105.5 17.0 21.0
0 596.5 163.5 21.0 25.0
0 633.0 169.0 20.0 28.0
0 651.0 142.5 14.0 19.0
0 690.5 149.0 19.0 22.0
0 685.0 124.0 14.0 24.0
0 681.0 99.5 16.0 17.0
0 702.5 72.0 9.0 14.0
0 719.5 114.0 13.0 18.0
0 735.0 129.0 14.0 22.0
0 755.5 96.5 17.0 15.0
0 775.0 84.5 14.0 15.0
0 766.5 70.0 13.0 14.0
0 798.5 82.0 13.0 16.0
0 789.5 107.5 15.0 21.0
0 808.0 119.0 14.0 20.0
0 861.5 86.0 11.0 14.0
0 852.5 102.5 13.0 17.0
0 849.5 126.5 17.0 21.0
0 870.5 107.5 13.0 21.0
0 900.5 85.5 13.0 19.0
0 928.0 104.0 14.0 18.0
0 940.0 95.0 10.0 20.0
0 953.0 135.0 14.0 24.0
0 900.5 115.5 15.0 17.0
0 911.5 141.5 11.0 21.0
0 944.0 143.5 14.0 21.0
0 956.0 175.5 18.0 25.0
0 927.5 182.5 21.0 33.0
0 874.0 174.0 18.0 28.0
0 845.5 214.0 23.0 32.0
0 741.5 212.5 31.0 37.0
0 702.0 179.0 30.0 34.0
0 825.0 177.0 20.0 30.0
0 916.0 247.0 26.0 40.0
0 828.5 155.0 17.0 18.0
0 719.5 97.0 17.0 20.0
0 833.5 102.5 17.0 25.0
0 692.5 70.0 13.0 18.0
0 714.0 73.0 12.0 16.0
0 679.5 74.0 13.0 14.0
0 574.0 89.0 16.0 22.0
0 547.0 80.5 14.0 15.0
0 578.0 80.0 14.0 18.0
0 606.5 89.0 17.0 22.0
0 424.5 92.0 13.0 16.0
0 879.0 168.5 20.0 27.0
0 955.0 121.0 18.0 24.0
0 962.5 108.5 13.0 19.0
