0 85.0 267.0 48.0 60.0
0 266.0 169.5 22.0 23.0
0 307.5 161.5 27.0 27.0
0 324.0 155.5 22.0 31.0
0 343.5 157.5 25.0 25.0
0 337.0 127.5 22.0 25.0
0 367.0 169.0 24.0 28.0
0 370.5 124.5 21.0 29.0
0 386.0 127.5 20.0 23.0
0 396.5 119.5 21.0 19.0
0 420.5 127.0 23.0 24.0
0 434.5 101.0 19.0 18.0
0 455.5 109.0 21.0 18.0
0 455.5 126.5 17.0 21.0
0 465.0 138.5 18.0 21.0
0 469.0 119.0 18.0 18.0
0 455.0 158.5 28.0 33.0
0 494.5 115.0 23.0 26.0
0 487.5 99.5 15.0 17.0
0 482.5 83.0 17.0 18.0
0 499.5 92.0 13.0 18.0
0 513.0 97.0 20.0 22.0
0 514.5 79.5 17.0 17.0
0 549.5 93.0 21.0 22.0
0 551.0 122.5 20.0 25.0
0 535.0 116.0 20.0 22.0
0 522.0 134.0 28.0 30.0
0 519.5 180.0 27.0 38.0
0 581.5 183.0 29.0 32.0
0 601.5 151.0 27.0 30.0
0 641.5 193.0 35.0 40.0
0 652.5 156.5 27.0 27.0
0 566.5 79.5 15.0 17.0
0 584.5 89.5 15.0 19.0
0 605.0 106.0 22.0 22.0
0 616.0 90.0 20.0 22.0
0 591.5 65.5 11.0 15.0
0 623.0 57.5 16.0 19.0
0 626.0 73.0 16.0 20.0
0 658.5 81.0 19.0 24.0
0 659.0 56.5 18.0 15.0
0 685.0 31.0 14.0 18.0
0 681.0 57.5 12.0 13.0
0 681.5 71.0 15.0 14.0
0 698.0 102.5 20.0 21.0
0 689.5 121.0 23.0 26.0
0 646.5 127.5 29.0 29.0
0 701.5 151.5 33.0 31.0
0 743.0 135.5 26.0 29.0
0 738.0 108.0 20.0 30.0
0 737.5 87.0 21.0 24.0
0 714.5 69.5 21.0 25.0
0 738.0 56.0 18.0 20.0
0 749.0 78.5 20.0 23.0
0 776.0 91.5 20.0 25.0
0 789.5 78.5 17.0 19.0
0 784.5 67.0 11.0 14.0
0 797.5 71.5 13.0 17.0
0 815.5 76.5 19.0 21.0
0 807.0 91.5 18.0 27.0
0 835.0 69.5 12.0 19.0
0 850.5 79.5 17.0 21.0
0 866.5 71.5 15.0 17.0
0 882.5 85.0 17.0 20.0
0 869.5 99.0 17.0 20.0
0 848.0 103.0 20.0 22.0
0 816.0 135.0 30.0 32.0
0 780.0 115.5 22.0 23.0
0 768.5 168.5 27.0 37.0
0 716.0 195.5 32.0 37.0
0 840.0 173.5 34.0 39.0
0 863.0 148.5 26.0 33.0
0 901.0 115.0 20.0 26.0
0 907.0 92.5 20.0 19.0
0 920.5 76.5 17.0 19.0
0 940.0 114.0 22.0 24.0
0 949.0 99.0 16.0 18.0
0 954.0 83.5 12.0 17.0
0 988.5 93.0 17.0 18.0
0 985.0 121.0 18.0 26.0
0 924.0 135.5 24.0 25.0
