0 215.0 268.0 54.0 58.0
0 272.0 240.5 46.0 57.0
0 300.0 125.0 18.0 22.0
0 368.5 157.5 17.0 27.0
0 391.5 165.5 25.0 27.0
0 458.5 175.0 27.0 30.0
0 515.5 190.0 27.0 30.0
0 472.5 144.5 19.0 23.0
0 450.0 136.0 18.0 20.0
0 427.0 116.0 18.0 20.0
0 481.5 116.0 15.0 20.0
0 504.5 124.0 15.0 18.0
0 571.0 124.5 16.0 21.0
0 488.0 91.0 12.0 14.0
0 499.0 93.5 14.0 11.0
0 509.0 105.0 16.0 14.0
0 517.0 80.0 12.0 12.0
0 566.5 84.0 13.0 14.0
0 545.0 104.5 16.0 19.0
0 594.0 94.5 16.0 17.0
0 615.5 96.5 15.0 19.0
0 612.5 66.5 13.0 13.0
0 743.0 61.5 14.0 17.0
0 641.5 154.5 23.0 23.0
0 717.0 154.5 26.0 23.0
0 767.0 172.5 20.0 29.0
0 811.5 182.0 29.0 30.0
0 732.0 97.5 16.0 21.0
0 759.5 83.5 15.0 17.0
0 786.0 98.0 14.0 18.0
0 794.5 88.0 15.0 18.0
0 806.5 107.0 19.0 22.0
0 854.5 114.5 17.0 23.0
0 806.5 62.5 15.0 19.0
0 872.0 77.5 16.0 17.0
0 902.5 107.5 15.0 17.0
0 933.5 141.0 15.0 28.0
