0 815.5 73.5 9.0 15.0
0 844.5 81.5 9.0 13.0
0 790.0 69.5 10.0 15.0
0 782.0 77.0 10.0 14.0
0 776.5 88.5 15.0 19.0
0 840.5 110.0 13.0 18.0
0 831.5 121.0 15.0 20.0
0 834.5 141.0 17.0 26.0
0 807.5 116.5 13.0 19.0
0 801.0 104.5 12.0 17.0
0 809.5 94.5 13.0 19.0
0 754.5 70.5 11.0 15.0
0 739.5 82.0 13.0 16.0
0 753.0 107.0 18.0 22.0
0 784.5 128.0 19.0 28.0
0 814.5 186.5 29.0 39.0
0 761.5 158.0 23.0 30.0
0 701.0 65.0 12.0 14.0
0 709.5 81.5 13.0 21.0
0 721.5 105.0 17.0 22.0
0 738.0 127.0 16.0 24.0
0 714.0 138.0 18.0 30.0
0 695.5 173.5 23.0 39.0
0 711.0 194.0 30.0 40.0
0 687.5 110.5 17.0 25.0
0 662.0 102.5 18.0 25.0
0 663.5 126.0 21.0 28.0
0 642.5 164.0 23.0 38.0
0 678.0 61.5 12.0 19.0
0 638.0 52.0 10.0 12.0
0 610.5 56.0 9.0 14.0
0 586.0 52.5 10.0 11.0
0 573.0 104.5 14.0 21.0
0 599.5 114.0 15.0 20.0
0 635.0 115.5 16.0 21.0
0 599.5 89.0 13.0 18.0
0 632.0 93.0 16.0 20.0
0 554.5 134.5 19.0 23.0
0 551.5 166.5 27.0 29.0
0 514.0 156.0 20.0 26.0
0 480.0 145.5 22.0 23.0
0 507.5 132.0 17.0 20.0
0 538.5 88.0 13.0 18.0
0 550.5 78.0 13.0 16.0
0 509.0 59.5 10.0 13.0
0 515.0 66.5 10.0 13.0
0 489.0 63.0 10.0 12.0
0 465.5 66.0 11.0 12.0
0 475.0 70.5 12.0 15.0
0 547.0 52.0 10.0 12.0
0 489.5 93.5 13.0 15.0
0 476.5 102.5 13.0 21.0
0 443.5 100.0 13.0 18.0
0 426.0 98.5 16.0 19.0
0 405.0 116.0 16.0 24.0
0 424.5 117.5 19.0 21.0
0 406.5 97.5 11.0 17.0
0 407.0 82.5 12.0 15.0
0 426.0 72.5 8.0 11.0
0 439.0 78.0 12.0 14.0
0 360.0 139.0 14.0 18.0
0 336.0 133.0 16.0 22.0
0 311.5 128.5 21.0 27.0
0 335.5 101.5 15.0 13.0
0 365.0 101.0 18.0 14.0
0 362.0 116.0 16.0 18.0
0 375.0 88.0 10.0 14.0
0 252.5 133.5 13.0 17.0
0 268.0 136.5 16.0 19.0
0 581.0 71.0 10.0 14.0
