0 153.0 383.5 44.0 49.0
0 272.5 233.0 23.0 22.0
0 308.5 237.5 23.0 27.0
0 339.0 254.5 22.0 31.0
0 341.5 213.0 21.0 24.0
0 431.0 236.5 26.0 29.0
0 422.5 202.5 19.0 19.0
0 461.0 230.0 22.0 28.0
0 488.0 227.5 22.0 23.0
0 474.0 177.5 18.0 23.0
0 488.0 189.5 18.0 21.0
0 489.5 206.5 21.0 21.0
0 522.5 214.5 23.0 23.0
0 538.0 228.0 24.0 26.0
0 568.5 210.0 23.0 24.0
0 510.5 176.5 17.0 21.0
0 533.5 180.0 17.0 24.0
0 551.5 169.0 19.0 22.0
0 562.0 161.5 14.0 17.0
0 568.0 182.0 18.0 22.0
0 588.0 181.5 18.0 21.0
0 606.0 177.5 14.0 19.0
0 624.0 165.5 18.0 17.0
0 626.5 189.5 19.0 21.0
0 605.5 224.0 23.0 24.0
0 650.0 172.0 20.0 24.0
0 665.0 194.5 20.0 25.0
0 685.0 184.5 18.0 23.0
0 682.0 148.5 14.0 15.0
0 685.0 159.0 16.0 20.0
0 702.5 164.5 19.0 21.0
0 716.5 175.0 19.0 22.0
0 725.5 152.5 15.0 19.0
0 725.5 142.0 17.0 18.0
0 754.5 148.0 19.0 24.0
0 770.0 152.0 20.0 20.0
0 773.5 167.5 19.0 21.0
0 807.5 144.5 15.0 21.0
0 813.5 157.5 15.0 17.0
0 828.5 154.5 17.0 21.0
0 807.0 189.5 18.0 23.0
0 852.0 171.0 18.0 22.0
0 762.0 208.0 26.0 30.0
0 778.5 231.5 25.0 25.0
0 720.5 226.5 27.0 29.0
0 712.0 264.0 32.0 40.0
0 735.5 299.5 33.0 45.0
0 762.5 324.5 41.0 47.0
0 657.5 277.0 35.0 36.0
0 636.0 246.5 26.0 33.0
0 589.5 269.5 37.0 39.0
0 800.0 264.0 30.0 40.0
0 827.0 247.5 26.0 35.0
0 876.0 280.5 36.0 33.0
0 847.0 375.5 50.0 47.0
0 998.5 345.0 39.0 50.0
0 949.5 294.5 37.0 37.0
0 1022.0 310.5 40.0 41.0
0 1115.0 323.0 40.0 40.0
0 1105.5 273.0 25.0 32.0
0 1040.0 259.0 26.0 40.0
0 975.0 244.5 24.0 33.0
0 836.5 210.0 21.0 24.0
0 853.5 209.0 23.0 24.0
0 882.0 174.5 18.0 23.0
0 902.0 159.0 16.0 20.0
0 887.0 164.5 14.0 19.0
0 936.5 180.5 19.0 19.0
0 940.5 201.5 25.0 25.0
0 910.5 183.0 21.0 24.0
0 942.0 164.0 18.0 22.0
0 979.0 168.0 16.0 22.0
0 982.5 186.0 17.0 20.0
0 984.0 207.5 18.0 29.0
0 1020.5 214.5 21.0 25.0
0 1025.5 187.5 21.0 27.0
0 1017.5 175.5 17.0 21.0
0 1037.5 185.0 15.0 22.0
0 1056.0 178.5 16.0 25.0
0 1080.0 185.5 20.0 23.0
0 1072.0 219.0 18.0 28.0
0 1049.0 229.5 22.0 33.0
0 1124.5 245.5 23.0 29.0
0 1098.5 208.0 21.0 28.0
0 1126.0 211.5 18.0 21.0
0 1134.0 187.5 18.0 25.0
