0 31.5 272.5 29.0 31.0
0 287.0 220.0 18.0 22.0
0 318.0 244.0 20.0 24.0
0 356.5 245.0 19.0 26.0
0 353.5 196.0 17.0 22.0
0 409.5 233.0 23.0 28.0
0 440.0 215.5 18.0 21.0
0 437.0 189.5 18.0 21.0
0 467.0 210.5 20.0 25.0
0 502.5 214.5 23.0 27.0
0 502.0 192.0 16.0 20.0
0 551.5 223.0 19.0 30.0
0 484.5 171.0 15.0 20.0
0 501.0 172.0 16.0 16.0
0 527.0 154.0 14.0 16.0
0 549.0 166.5 16.0 19.0
0 582.5 169.0 15.0 20.0
0 578.0 197.0 16.0 22.0
0 615.5 207.5 19.0 25.0
0 641.0 178.0 20.0 22.0
0 623.0 166.5 16.0 21.0
0 637.0 157.5 12.0 15.0
0 575.5 148.5 15.0 17.0
0 655.0 158.0 18.0 22.0
0 673.5 182.5 17.0 21.0
0 713.5 168.5 15.0 21.0
0 702.5 155.0 11.0 14.0
0 687.5 143.5 15.0 17.0
0 703.5 139.0 15.0 18.0
0 738.5 153.5 13.0 17.0
0 779.0 155.5 14.0 17.0
0 737.0 137.5 16.0 21.0
0 752.5 127.5 13.0 17.0
0 769.5 133.5 15.0 17.0
0 785.0 140.0 14.0 18.0
0 805.0 129.0 12.0 16.0
0 822.0 142.0 14.0 22.0
0 856.5 139.0 13.0 16.0
0 864.0 154.5 16.0 21.0
0 829.0 170.0 18.0 22.0
0 779.0 194.5 24.0 27.0
0 733.0 212.0 22.0 24.0
0 658.0 232.0 32.0 32.0
0 570.0 270.5 32.0 39.0
0 650.5 282.5 27.0 35.0
0 727.0 302.0 34.0 46.0
0 752.0 236.0 28.0 36.0
0 804.5 241.0 33.0 38.0
0 794.0 226.5 20.0 35.0
0 843.5 231.5 23.0 31.0
0 837.5 204.0 23.0 26.0
0 889.0 183.5 16.0 25.0
0 904.5 154.0 15.0 18.0
0 910.0 173.0 18.0 20.0
0 783.5 317.5 33.0 39.0
0 866.0 330.0 44.0 52.0
0 902.0 269.0 30.0 32.0
0 958.0 284.0 30.0 36.0
0 993.5 239.0 25.0 34.0
0 1054.0 244.5 24.0 35.0
0 1035.0 227.5 20.0 29.0
0 1033.5 316.5 35.0 43.0
0 1007.0 353.0 40.0 56.0
0 1112.5 307.5 29.0 39.0
0 945.0 182.5 20.0 23.0
0 929.0 167.0 14.0 18.0
0 932.0 146.5 16.0 21.0
0 966.0 154.5 16.0 21.0
0 953.5 157.0 17.0 20.0
0 997.0 170.0 18.0 28.0
0 1029.0 161.0 16.0 22.0
0 1045.5 181.5 17.0 23.0
0 1003.0 200.0 20.0 20.0
0 1067.5 160.0 15.0 22.0
0 1098.0 183.5 16.0 23.0
0 1083.0 207.0 16.0 20.0
0 1064.5 220.5 19.0 25.0
0 1143.5 227.5 23.0 31.0
0 1118.0 210.5 18.0 27.0
0 1142.5 198.5 15.0 19.0
0 1148.5 182.0 17.0 20.0
