0 75.0 206.5 22.0 29.0
0 282.5 147.5 17.0 23.0
0 293.5 158.0 23.0 20.0
0 348.0 125.5 14.0 21.0
0 368.0 122.0 16.0 18.0
0 387.5 114.0 15.0 22.0
0 409.5 111.5 13.0 19.0
0 379.5 134.5 17.0 19.0
0 373.0 157.0 24.0 26.0
0 419.0 150.5 18.0 21.0
0 434.0 158.5 26.0 25.0
0 426.0 125.0 16.0 20.0
0 446.0 110.0 16.0 22.0
0 478.5 110.0 17.0 20.0
0 489.5 89.0 15.0 16.0
0 509.5 91.0 13.0 18.0
0 517.0 77.5 14.0 15.0
0 524.5 87.0 13.0 16.0
0 504.0 113.5 14.0 19.0
0 500.0 135.5 24.0 23.0
0 484.0 135.0 18.0 20.0
0 540.5 107.5 19.0 21.0
0 544.0 98.5 16.0 19.0
0 575.5 110.5 19.0 25.0
0 585.5 93.0 17.0 22.0
0 607.0 68.5 14.0 17.0
0 603.0 85.0 16.0 18.0
0 616.0 98.0 16.0 18.0
0 627.5 84.0 13.0 18.0
0 635.0 69.0 12.0 16.0
0 649.0 70.5 14.0 23.0
0 662.0 81.0 16.0 18.0
0 685.0 66.5 16.0 17.0
0 681.5 79.5 19.0 21.0
0 720.0 63.5 14.0 19.0
0 781.0 67.0 14.0 16.0
0 810.5 72.0 13.0 16.0
0 828.5 79.5 15.0 23.0
0 889.0 88.0 18.0 20.0
0 903.5 88.5 19.0 23.0
0 950.0 89.0 14.0 16.0
0 944.0 101.0 16.0 22.0
0 849.5 95.0 15.0 20.0
0 813.5 92.5 15.0 19.0
0 753.5 84.0 15.0 18.0
0 728.5 86.0 15.0 20.0
0 742.0 104.5 20.0 25.0
0 766.5 100.0 19.0 20.0
0 782.5 112.5 21.0 25.0
0 817.5 119.5 21.0 31.0
0 890.0 122.0 20.0 28.0
0 951.5 119.0 13.0 22.0
0 969.0 130.5 20.0 21.0
0 975.5 148.0 23.0 26.0
0 904.5 181.5 27.0 33.0
0 900.0 161.5 24.0 31.0
0 821.5 153.0 25.0 32.0
0 769.0 155.0 26.0 30.0
0 750.0 124.5 18.0 23.0
0 723.0 148.0 20.0 26.0
0 693.5 115.5 17.0 19.0
0 692.0 103.0 18.0 20.0
0 659.0 121.0 18.0 22.0
0 592.0 142.0 22.0 22.0
0 648.0 152.0 18.0 18.0
0 621.5 169.5 23.0 25.0
0 671.5 179.5 27.0 31.0
0 532.0 170.0 28.0 30.0
