0 181.5 201.5 37.0 47.0
0 222.5 136.5 19.0 19.0
0 248.0 132.0 18.0 18.0
0 277.5 121.0 15.0 16.0
0 287.0 129.0 18.0 24.0
0 299.0 109.5 14.0 17.0
0 307.0 117.0 14.0 16.0
0 325.5 137.5 17.0 21.0
0 343.0 144.5 18.0 19.0
0 320.0 124.5 14.0 15.0
0 324.5 101.0 13.0 16.0
0 339.5 93.5 15.0 17.0
0 344.0 111.5 14.0 19.0
0 411.0 123.0 18.0 22.0
0 388.0 117.0 18.0 20.0
0 363.5 96.0 13.0 16.0
0 395.0 95.0 12.0 18.0
0 395.0 84.5 12.0 15.0
0 408.0 94.5 12.0 17.0
0 424.5 100.5 13.0 15.0
0 424.0 81.5 14.0 13.0
0 450.5 97.0 15.0 18.0
0 445.0 86.5 14.0 15.0
0 430.5 69.5 11.0 15.0
0 467.5 102.5 15.0 19.0
0 478.0 81.0 14.0 18.0
0 515.5 86.5 15.0 17.0
0 495.5 76.5 13.0 15.0
0 496.5 62.5 15.0 15.0
0 512.5 72.5 13.0 15.0
0 518.0 66.0 14.0 12.0
0 545.5 73.5 15.0 15.0
0 563.5 61.5 13.0 15.0
0 599.5 59.5 13.0 15.0
0 436.0 157.0 26.0 26.0
0 496.5 119.0 23.0 28.0
0 505.0 142.5 24.0 29.0
0 535.0 167.0 28.0 38.0
0 551.0 121.5 22.0 27.0
0 583.0 108.5 22.0 25.0
0 578.5 90.5 19.0 17.0
0 604.0 77.0 14.0 16.0
0 611.0 93.5 16.0 25.0
0 635.0 109.0 20.0 20.0
0 597.0 129.0 22.0 24.0
0 645.0 135.0 20.0 24.0
0 681.5 147.0 25.0 28.0
0 743.5 163.5 29.0 35.0
0 672.5 116.5 23.0 25.0
0 650.5 101.0 23.0 24.0
0 635.0 88.0 14.0 18.0
0 626.0 73.5 12.0 15.0
0 655.5 59.5 13.0 13.0
0 678.0 68.0 16.0 18.0
0 663.0 71.5 14.0 17.0
0 673.5 87.0 15.0 18.0
0 691.0 102.0 18.0 24.0
0 694.0 77.0 14.0 18.0
0 710.0 90.5 16.0 19.0
0 712.0 64.0 12.0 14.0
0 738.5 70.5 13.0 17.0
0 744.0 94.5 16.0 21.0
0 755.5 84.0 13.0 18.0
0 730.5 112.5 15.0 21.0
0 760.5 125.0 17.0 26.0
0 807.0 133.5 22.0 29.0
0 814.0 116.0 16.0 22.0
0 783.5 99.5 15.0 19.0
0 787.0 85.5 12.0 15.0
0 789.5 78.0 13.0 14.0
