0 212.5 345.5 55.0 47.0
0 365.5 189.5 27.0 29.0
0 385.0 159.5 20.0 19.0
0 417.0 161.5 24.0 21.0
0 448.5 154.5 21.0 19.0
0 461.0 176.0 22.0 24.0
0 405.5 191.5 27.0 25.0
0 494.0 179.0 28.0 26.0
0 489.5 202.0 33.0 36.0
0 479.5 158.0 21.0 22.0
0 501.0 157.0 22.0 28.0
0 514.5 139.5 21.0 27.0
0 547.0 119.0 16.0 22.0
0 560.0 124.0 18.0 18.0
0 570.5 100.0 17.0 22.0
0 593.5 103.0 15.0 18.0
0 604.5 100.0 17.0 22.0
0 640.0 94.5 16.0 19.0
0 662.5 92.0 15.0 18.0
0 709.0 80.5 16.0 19.0
0 739.0 77.0 20.0 20.0
0 705.0 96.0 20.0 26.0
0 651.5 112.5 21.0 21.0
0 668.5 126.5 31.0 21.0
0 633.5 134.5 27.0 27.0
0 558.5 154.0 29.0 28.0
0 590.0 174.5 34.0 29.0
0 732.0 116.0 26.0 26.0
0 762.0 100.5 22.0 27.0
0 771.0 76.5 14.0 15.0
0 780.0 65.5 16.0 15.0
0 803.0 69.5 18.0 15.0
0 807.5 92.0 23.0 16.0
0 837.5 68.0 17.0 14.0
0 842.5 86.5 21.0 25.0
0 865.0 72.0 16.0 12.0
0 939.0 78.0 20.0 20.0
0 990.0 76.5 14.0 19.0
0 1017.0 85.0 16.0 22.0
0 1047.5 92.5 17.0 21.0
0 1055.0 87.5 14.0 19.0
0 1094.0 94.0 16.0 20.0
0 1085.5 105.0 17.0 24.0
0 1071.5 112.0 23.0 28.0
0 1027.0 114.5 22.0 25.0
0 977.5 109.0 19.0 28.0
0 1003.0 127.5 22.0 25.0
0 905.5 93.0 21.0 22.0
0 929.0 102.0 22.0 24.0
0 914.5 125.0 25.0 24.0
0 862.0 112.0 22.0 18.0
0 862.0 133.0 22.0 28.0
0 879.5 154.5 27.0 35.0
0 840.0 158.0 26.0 24.0
0 829.5 185.5 31.0 31.0
0 778.5 147.0 23.0 32.0
0 763.0 174.0 32.0 34.0
0 707.5 177.0 31.0 28.0
0 670.5 212.0 39.0 40.0
0 763.5 231.0 39.0 38.0
0 940.5 161.5 31.0 41.0
0 974.5 142.5 19.0 27.0
0 962.0 204.5 34.0 37.0
0 1025.0 180.5 26.0 31.0
0 1045.0 151.0 22.0 22.0
0 1136.5 97.0 17.0 20.0
0 1128.0 107.0 20.0 24.0
0 1168.5 110.0 19.0 20.0
0 1117.5 129.5 21.0 23.0
0 1094.5 152.5 19.0 25.0
0 1155.0 163.5 24.0 31.0
0 1169.5 145.0 21.0 24.0
0 1111.0 179.5 30.0 29.0
0 1067.0 205.0 34.0 32.0
0 1136.0 234.5 30.0 39.0
0 1017.5 255.5 45.0 47.0
0 1101.0 295.5 46.0 51.0
