0 103.0 329.0 72.0 76.0
0 302.0 149.0 30.0 34.0
0 366.0 141.5 22.0 27.0
0 376.5 127.0 25.0 26.0
0 403.0 137.5 28.0 31.0
0 424.0 131.0 24.0 28.0
0 437.5 166.0 27.0 30.0
0 482.5 140.5 25.0 25.0
0 522.0 184.0 28.0 32.0
0 442.5 113.5 21.0 21.0
0 473.5 114.0 23.0 22.0
0 522.0 112.5 20.0 21.0
0 535.0 95.5 20.0 23.0
0 579.0 142.5 26.0 27.0
0 555.0 96.5 16.0 19.0
0 576.5 101.0 23.0 28.0
0 605.5 121.5 23.0 25.0
0 604.5 89.0 17.0 22.0
0 644.5 93.5 17.0 25.0
0 668.5 122.0 19.0 24.0
0 701.0 121.0 22.0 28.0
0 673.0 81.5 20.0 15.0
0 671.5 94.5 17.0 19.0
0 700.0 81.0 18.0 22.0
0 729.5 77.5 19.0 23.0
0 736.5 104.0 19.0 24.0
0 751.5 119.0 25.0 28.0
0 755.5 94.5 17.0 21.0
0 772.0 73.5 22.0 25.0
0 793.5 79.5 17.0 23.0
0 797.0 109.5 20.0 25.0
0 837.0 90.0 22.0 24.0
0 848.0 80.5 20.0 23.0
0 872.0 92.5 20.0 25.0
0 674.5 202.0 37.0 40.0
0 745.0 222.5 32.0 33.0
0 758.0 173.5 30.0 33.0
0 816.5 142.0 25.0 32.0
0 805.5 243.0 37.0 46.0
0 872.5 123.5 21.0 25.0
0 872.5 164.0 33.0 36.0
0 915.5 135.0 21.0 24.0
0 902.0 118.5 22.0 27.0
0 920.0 113.0 16.0 24.0
0 956.5 100.5 21.0 25.0
0 954.0 124.0 22.0 24.0
0 938.5 167.0 23.0 32.0
0 971.0 152.0 24.0 26.0
0 998.5 174.5 27.0 35.0
0 997.0 141.5 26.0 29.0
0 1007.0 124.0 18.0 24.0
0 994.5 112.5 19.0 25.0
0 1071.0 137.5 20.0 27.0
0 1091.5 154.0 23.0 30.0
0 1112.5 132.0 19.0 18.0
0 1103.5 143.5 19.0 25.0
0 1148.0 161.0 22.0 28.0
0 1171.0 144.5 18.0 27.0
0 1200.5 175.5 23.0 25.0
0 1205.5 154.5 17.0 21.0
0 1195.0 196.5 18.0 27.0
0 1203.5 218.5 21.0 33.0
0 1131.5 192.5 25.0 35.0
0 1176.0 255.5 30.0 43.0
0 1170.5 228.5 29.0 37.0
0 1081.5 245.5 33.0 39.0
0 1055.0 214.5 32.0 39.0
0 1070.0 305.0 50.0 50.0
0 964.0 263.5 42.0 53.0
0 890.0 242.5 36.0 47.0
