0 95.0 254.0 48.0 56.0
0 277.5 171.0 21.0 26.0
0 310.5 157.5 19.0 25.0
0 325.0 158.0 20.0 26.0
0 342.5 170.5 23.0 25.0
0 371.0 166.0 22.0 26.0
0 332.5 140.5 21.0 19.0
0 374.5 131.5 21.0 23.0
0 383.5 139.0 21.0 20.0
0 422.0 129.0 18.0 18.0
0 448.5 131.0 21.0 24.0
0 416.5 117.5 17.0 19.0
0 459.5 164.5 27.0 29.0
0 504.0 148.0 22.0 30.0
0 483.0 135.5 18.0 23.0
0 440.0 103.5 18.0 19.0
0 490.5 100.0 17.0 16.0
0 463.0 113.5 16.0 17.0
0 476.5 115.5 17.0 15.0
0 524.5 118.5 21.0 21.0
0 493.0 123.0 22.0 20.0
0 509.5 97.5 15.0 17.0
0 501.5 90.0 11.0 12.0
0 484.0 89.0 14.0 14.0
0 521.0 79.5 16.0 17.0
0 548.5 101.0 19.0 16.0
0 575.0 98.5 20.0 23.0
0 558.5 131.0 25.0 28.0
0 574.5 80.0 17.0 20.0
0 561.5 87.5 15.0 23.0
0 597.5 66.5 15.0 15.0
0 594.5 87.0 17.0 20.0
0 610.0 104.0 22.0 24.0
0 617.5 93.0 19.0 18.0
0 630.5 72.5 19.0 19.0
0 639.5 59.0 17.0 20.0
0 665.5 86.0 19.0 24.0
0 667.0 60.5 14.0 15.0
0 683.5 74.0 17.0 20.0
0 697.0 57.5 16.0 21.0
0 723.5 74.5 17.0 19.0
0 737.5 66.0 17.0 20.0
0 515.5 186.5 31.0 35.0
0 596.0 175.0 28.0 32.0
0 611.5 148.5 23.0 31.0
0 650.0 163.5 28.0 29.0
0 657.5 199.5 33.0 45.0
0 717.5 218.0 35.0 44.0
0 656.5 126.5 23.0 29.0
0 688.5 115.0 19.0 22.0
0 702.0 127.5 24.0 23.0
0 719.5 152.0 27.0 32.0
0 747.0 132.5 24.0 33.0
0 773.0 160.5 30.0 35.0
0 743.5 93.0 17.0 24.0
0 765.5 83.5 21.0 23.0
0 760.0 112.0 22.0 28.0
0 792.5 121.5 21.0 25.0
0 797.0 102.0 20.0 20.0
0 797.0 87.5 18.0 19.0
0 786.0 77.5 18.0 21.0
0 803.0 67.0 14.0 16.0
0 819.5 78.5 17.0 19.0
0 835.0 75.5 14.0 23.0
0 852.5 77.0 13.0 20.0
0 866.0 80.0 12.0 18.0
0 875.0 99.5 20.0 21.0
0 854.0 106.5 26.0 29.0
0 819.5 148.5 23.0 29.0
0 842.0 174.0 26.0 34.0
0 877.5 150.0 27.0 32.0
0 906.0 111.0 24.0 28.0
0 896.0 91.5 16.0 21.0
0 928.5 73.5 15.0 19.0
0 934.5 92.5 19.0 21.0
0 933.5 131.5 19.0 31.0
0 950.0 121.5 20.0 25.0
0 957.5 98.5 15.0 21.0
0 963.5 79.5 15.0 23.0
0 997.0 101.0 14.0 20.0
0 992.5 92.5 11.0 13.0
0 991.0 120.0 18.0 26.0
0 993.0 174.5 28.0 37.0
