0 194.0 122.0 16.0 22.0
0 235.5 108.5 17.0 27.0
0 307.5 113.5 15.0 23.0
0 347.0 111.0 16.0 22.0
0 366.5 86.0 21.0 22.0
0 401.0 80.5 18.0 23.0
0 410.0 118.0 24.0 32.0
0 451.0 55.0 14.0 12.0
0 461.5 112.5 21.0 31.0
0 495.0 67.0 16.0 12.0
0 460.0 70.0 20.0 20.0
0 511.5 84.5 15.0 19.0
0 528.0 75.5 16.0 19.0
0 430.5 191.0 39.0 44.0
0 538.0 151.0 46.0 46.0
0 600.5 125.0 23.0 26.0
0 649.5 178.5 33.0 35.0
0 562.0 85.0 18.0 24.0
0 644.0 46.0 18.0 20.0
0 664.0 42.0 16.0 20.0
0 641.0 68.5 24.0 17.0
0 595.0 79.5 24.0 25.0
0 674.5 105.5 21.0 25.0
0 694.0 127.5 26.0 23.0
0 699.0 161.0 28.0 28.0
0 719.0 198.0 30.0 36.0
0 734.0 74.0 14.0 22.0
0 751.5 73.0 15.0 18.0
0 721.0 110.5 20.0 25.0
0 750.5 94.5 23.0 21.0
0 734.5 139.5 25.0 25.0
0 772.5 116.5 17.0 21.0
0 774.0 83.0 14.0 20.0
0 790.0 134.5 22.0 25.0
0 792.5 198.0 29.0 46.0
0 805.0 169.0 20.0 26.0
0 837.5 239.0 25.0 40.0
0 835.0 149.0 20.0 30.0
0 849.0 132.5 18.0 21.0
0 907.5 123.0 17.0 20.0
0 894.5 152.0 21.0 26.0
0 701.0 79.5 18.0 23.0
0 715.0 83.5 22.0 23.0
0 552.0 41.5 16.0 17.0
0 572.0 42.5 18.0 15.0
0 591.0 40.5 18.0 23.0
0 437.0 75.0 24.0 18.0
0 418.0 82.0 24.0 18.0
0 542.0 81.5 22.0 25.0
