0 141.0 392.5 72.0 71.0
0 290.5 239.0 23.0 22.0
0 328.0 241.5 26.0 27.0
0 360.5 211.0 19.0 22.0
0 361.5 256.0 25.0 28.0
0 403.5 263.5 27.0 29.0
0 442.0 230.5 18.0 23.0
0 442.5 203.0 21.0 20.0
0 474.5 241.5 23.0 23.0
0 482.0 184.0 18.0 18.0
0 497.5 200.5 15.0 19.0
0 504.0 210.0 18.0 20.0
0 508.0 245.5 24.0 31.0
0 528.5 182.5 17.0 15.0
0 548.0 186.5 16.0 19.0
0 542.5 214.0 23.0 26.0
0 561.0 231.0 24.0 24.0
0 580.0 212.5 22.0 23.0
0 563.0 175.5 14.0 19.0
0 576.5 168.0 17.0 18.0
0 579.5 192.0 17.0 18.0
0 599.5 200.5 21.0 21.0
0 640.5 208.5 21.0 21.0
0 620.5 226.5 19.0 23.0
0 636.5 172.0 15.0 18.0
0 655.0 178.5 22.0 23.0
0 677.0 161.5 16.0 19.0
0 700.5 155.0 13.0 14.0
0 717.0 181.0 20.0 24.0
0 708.0 169.0 18.0 20.0
0 707.5 196.5 19.0 27.0
0 652.5 245.5 25.0 31.0
0 616.0 278.0 28.0 36.0
0 669.0 282.0 32.0 34.0
0 741.0 160.5 14.0 17.0
0 752.5 145.0 15.0 20.0
0 737.5 178.0 17.0 20.0
0 776.5 179.0 17.0 16.0
0 781.5 163.0 19.0 18.0
0 815.5 158.5 13.0 17.0
0 831.5 164.0 15.0 20.0
0 842.5 160.0 15.0 20.0
0 835.0 187.5 18.0 23.0
0 865.5 179.5 17.0 25.0
0 781.5 213.0 21.0 28.0
0 796.5 232.5 23.0 29.0
0 738.0 230.0 24.0 26.0
0 748.0 259.5 28.0 31.0
0 753.5 301.5 33.0 37.0
0 819.5 269.0 33.0 42.0
0 822.5 305.5 37.0 43.0
0 870.5 369.5 39.0 55.0
0 835.5 224.0 25.0 24.0
0 850.5 245.0 25.0 30.0
0 898.0 277.0 32.0 40.0
0 949.0 316.0 36.0 42.0
0 1015.0 370.5 38.0 47.0
0 1032.0 302.0 28.0 36.0
0 985.5 264.0 27.0 32.0
0 1005.0 240.5 22.0 29.0
0 888.5 203.0 19.0 26.0
0 902.0 175.5 18.0 23.0
0 923.0 155.5 18.0 19.0
0 957.5 167.5 17.0 17.0
0 946.0 181.0 20.0 24.0
0 944.5 197.5 23.0 25.0
0 993.0 171.5 18.0 19.0
0 1027.5 182.5 17.0 21.0
0 1067.0 178.5 14.0 17.0
0 1061.0 190.5 14.0 25.0
0 1046.0 197.0 16.0 26.0
0 1001.0 194.5 20.0 21.0
0 997.5 212.0 19.0 26.0
0 1042.5 225.5 21.0 31.0
0 1081.0 199.5 18.0 25.0
0 1079.0 230.5 20.0 33.0
0 1065.5 249.5 21.0 33.0
0 1053.5 270.5 25.0 41.0
0 1097.5 281.0 25.0 38.0
0 1145.5 188.5 15.0 23.0
0 1144.5 213.5 17.0 25.0
0 1134.5 227.5 17.0 21.0
0 1135.5 247.5 21.0 29.0
0 1117.0 325.0 28.0 46.0
