0 147.0 387.0 50.0 52.0
0 265.0 243.5 24.0 27.0
0 299.5 268.0 27.0 32.0
0 338.5 264.0 27.0 34.0
0 334.5 226.5 25.0 25.0
0 398.0 256.5 30.0 33.0
0 417.5 239.0 25.0 26.0
0 413.5 215.5 21.0 25.0
0 452.0 242.5 22.0 27.0
0 484.5 240.5 27.0 29.0
0 483.0 217.0 22.0 20.0
0 461.0 190.5 18.0 19.0
0 476.0 202.0 22.0 20.0
0 504.0 186.5 20.0 19.0
0 528.0 188.0 18.0 22.0
0 546.5 195.5 23.0 25.0
0 552.5 174.0 19.0 22.0
0 603.5 188.5 21.0 25.0
0 619.0 201.0 22.0 24.0
0 624.0 181.0 18.0 20.0
0 653.0 202.0 22.0 26.0
0 598.0 237.5 24.0 27.0
0 548.5 230.5 29.0 27.0
0 514.5 224.0 25.0 26.0
0 533.5 251.5 29.0 27.0
0 634.5 261.0 31.0 34.0
0 554.0 306.0 36.0 42.0
0 640.0 309.0 42.0 44.0
0 661.0 178.0 20.0 24.0
0 664.5 158.0 19.0 20.0
0 682.5 183.5 19.0 21.0
0 686.0 166.5 16.0 23.0
0 713.0 181.0 20.0 18.0
0 718.5 165.5 19.0 21.0
0 728.0 152.0 16.0 20.0
0 753.5 152.5 17.0 21.0
0 764.0 163.5 18.0 19.0
0 795.5 155.0 17.0 20.0
0 809.5 165.5 15.0 21.0
0 819.5 157.5 21.0 23.0
0 754.5 185.5 21.0 21.0
0 718.5 235.0 31.0 34.0
0 695.0 327.5 46.0 53.0
0 758.0 338.0 46.0 58.0
0 742.5 264.0 31.0 32.0
0 782.5 267.0 31.0 44.0
0 825.5 268.5 29.0 35.0
0 861.5 290.0 39.0 40.0
0 759.5 221.0 25.0 30.0
0 804.5 202.0 25.0 24.0
0 817.5 227.5 27.0 35.0
0 842.5 215.5 23.0 27.0
0 845.0 180.5 20.0 27.0
0 886.0 188.5 20.0 23.0
0 882.0 172.0 16.0 22.0
0 895.5 165.0 19.0 22.0
0 919.0 186.5 18.0 23.0
0 930.0 205.0 18.0 24.0
0 940.5 176.0 21.0 24.0
0 974.5 175.0 21.0 22.0
0 841.0 387.0 46.0 56.0
0 932.5 310.0 37.0 46.0
0 974.0 260.5 26.0 37.0
0 991.0 357.5 42.0 57.0
0 1010.0 335.0 42.0 52.0
0 1027.5 283.5 33.0 37.0
0 1098.5 334.5 41.0 51.0
0 1129.5 260.5 27.0 37.0
0 1110.0 240.0 26.0 30.0
0 1126.0 225.5 20.0 25.0
0 1076.5 199.5 21.0 27.0
0 1072.5 233.5 21.0 25.0
0 1047.5 243.5 25.0 31.0
0 1020.0 236.0 28.0 32.0
0 980.5 217.0 23.0 28.0
0 978.5 195.0 19.0 20.0
0 1012.0 186.0 20.0 28.0
0 1026.5 200.5 23.0 29.0
0 1043.0 189.0 24.0 28.0
