0 974.0 125.5 14.0 23.0
0 923.5 128.5 15.0 25.0
0 965.0 158.0 18.0 30.0
0 961.0 189.0 24.0 34.0
0 941.5 237.0 33.0 44.0
0 905.0 155.0 18.0 30.0
0 877.0 181.5 22.0 37.0
0 857.0 224.0 28.0 40.0
0 855.0 144.0 16.0 26.0
0 832.5 132.0 17.0 24.0
0 813.5 173.5 23.0 31.0
0 798.5 129.0 19.0 24.0
0 827.5 76.5 11.0 13.0
0 831.0 89.5 14.0 21.0
0 764.0 79.0 12.0 16.0
0 791.0 84.5 12.0 19.0
0 788.5 98.0 13.0 22.0
0 781.5 108.0 19.0 24.0
0 743.5 106.5 17.0 25.0
0 741.5 129.0 19.0 26.0
0 757.5 162.5 23.0 33.0
0 793.0 207.5 30.0 45.0
0 711.0 143.0 20.0 32.0
0 721.0 173.5 26.0 35.0
0 700.5 100.5 15.0 21.0
0 688.5 56.0 9.0 12.0
0 722.5 58.5 9.0 13.0
0 722.5 66.5 11.0 15.0
0 743.0 59.5 10.0 15.0
0 665.5 63.0 11.0 16.0
0 680.0 75.0 12.0 16.0
0 671.5 124.5 15.0 19.0
0 654.0 71.0 12.0 16.0
0 642.0 61.5 8.0 15.0
0 618.5 61.5 9.0 13.0
0 607.0 66.0 10.0 16.0
0 632.5 69.0 11.0 16.0
0 651.0 82.0 14.0 18.0
0 614.5 100.0 13.0 22.0
0 620.0 86.0 12.0 16.0
0 640.5 144.5 23.0 33.0
0 640.5 184.0 27.0 34.0
0 603.0 133.0 18.0 28.0
0 574.5 168.5 25.0 37.0
0 573.5 68.0 13.0 16.0
0 536.5 68.0 11.0 14.0
0 550.0 69.5 10.0 13.0
0 533.5 81.5 13.0 17.0
0 553.0 87.0 16.0 18.0
0 570.5 81.5 13.0 15.0
0 581.0 91.5 14.0 19.0
0 586.5 104.5 13.0 21.0
0 514.0 75.0 12.0 14.0
0 488.5 81.5 15.0 15.0
0 512.0 82.0 16.0 16.0
0 506.0 98.0 14.0 22.0
0 536.5 106.5 17.0 23.0
0 515.0 126.5 18.0 25.0
0 519.5 164.5 23.0 33.0
0 443.0 80.0 12.0 16.0
0 451.0 92.5 12.0 19.0
0 469.5 94.5 13.0 21.0
0 429.5 109.5 15.0 23.0
0 449.0 132.0 20.0 24.0
0 370.0 103.0 12.0 14.0
0 396.5 108.0 15.0 20.0
0 380.0 128.0 14.0 20.0
0 393.0 136.0 14.0 20.0
0 404.5 139.0 21.0 26.0
0 352.5 128.0 17.0 24.0
0 293.0 133.0 16.0 22.0
0 185.5 201.5 41.0 41.0
