0 210.0 207.5 38.0 47.0
0 325.5 137.0 17.0 26.0
0 356.5 109.0 21.0 20.0
0 430.0 119.5 18.0 23.0
0 436.0 104.0 16.0 18.0
0 430.5 90.0 19.0 18.0
0 460.0 104.5 24.0 21.0
0 464.5 128.5 23.0 23.0
0 493.0 135.5 28.0 29.0
0 518.0 102.5 20.0 23.0
0 477.0 94.0 18.0 18.0
0 476.0 80.5 16.0 13.0
0 541.5 92.5 13.0 19.0
0 547.5 80.5 15.0 17.0
0 565.5 69.5 13.0 17.0
0 580.5 89.5 19.0 19.0
0 569.0 109.0 18.0 20.0
0 603.0 93.5 16.0 21.0
0 618.5 81.5 15.0 21.0
0 606.5 72.0 15.0 18.0
0 634.5 61.5 13.0 19.0
0 654.5 90.5 17.0 19.0
0 645.5 82.0 15.0 18.0
0 655.0 69.5 12.0 15.0
0 662.0 61.5 10.0 15.0
0 669.5 83.0 13.0 18.0
0 672.5 69.5 11.0 15.0
0 684.0 65.0 12.0 16.0
0 518.5 87.5 13.0 11.0
0 708.5 70.5 15.0 17.0
0 724.0 72.5 12.0 15.0
0 692.0 101.0 20.0 20.0
0 648.0 113.5 22.0 29.0
0 599.0 141.5 22.0 25.0
0 519.0 171.0 30.0 30.0
0 610.0 168.5 28.0 33.0
0 631.0 181.0 32.0 36.0
0 643.0 147.5 20.0 29.0
0 684.0 149.0 22.0 28.0
0 683.0 188.0 30.0 42.0
0 709.0 224.5 40.0 37.0
0 690.5 124.5 21.0 25.0
0 728.5 101.0 21.0 26.0
0 754.0 106.5 22.0 27.0
0 755.0 133.0 20.0 32.0
0 773.5 73.0 15.0 20.0
0 779.0 93.0 16.0 24.0
0 790.0 78.5 12.0 17.0
0 804.0 81.5 14.0 21.0
0 818.5 88.5 17.0 23.0
0 813.0 120.5 18.0 29.0
0 792.0 113.0 16.0 20.0
0 840.0 162.0 26.0 32.0
0 826.5 154.5 17.0 25.0
0 837.5 207.0 35.0 42.0
0 915.0 254.5 36.0 41.0
0 919.0 221.0 28.0 34.0
0 877.5 175.0 29.0 34.0
0 886.0 163.5 22.0 27.0
0 879.0 132.0 20.0 22.0
0 910.5 136.5 17.0 29.0
0 919.5 133.0 17.0 24.0
0 936.5 152.0 23.0 28.0
0 954.0 166.5 20.0 27.0
0 953.5 139.0 19.0 26.0
0 936.0 103.5 14.0 19.0
0 942.0 94.5 12.0 15.0
0 962.0 100.5 14.0 19.0
0 964.0 126.0 14.0 18.0
0 917.5 111.0 15.0 22.0
0 893.0 110.5 14.0 21.0
0 903.0 93.5 16.0 23.0
0 877.5 113.0 19.0 20.0
0 842.0 119.5 18.0 27.0
0 850.0 102.5 16.0 19.0
0 868.5 91.0 13.0 18.0
