0 326.0 88.0 12.0 12.0
0 359.5 83.0 9.0 14.0
0 436.0 90.5 14.0 19.0
0 431.5 62.0 9.0 12.0
0 450.5 64.0 11.0 14.0
0 466.5 71.5 11.0 13.0
0 481.5 58.5 9.0 11.0
0 495.0 70.5 10.0 15.0
0 518.0 63.0 12.0 16.0
0 516.0 77.0 12.0 16.0
0 539.0 68.5 12.0 13.0
0 545.0 61.5 12.0 13.0
0 563.5 61.5 11.0 15.0
0 584.0 54.5 8.0 13.0
0 606.0 61.0 8.0 12.0
0 537.5 109.0 13.0 16.0
0 569.0 92.5 14.0 17.0
0 577.5 112.0 15.0 22.0
0 616.5 116.0 17.0 24.0
0 602.0 83.5 10.0 15.0
0 613.5 91.0 13.0 18.0
0 630.5 73.0 11.0 16.0
0 636.5 85.5 13.0 17.0
0 648.0 65.0 10.0 12.0
0 666.0 71.0 12.0 16.0
0 665.0 90.0 14.0 16.0
0 687.0 82.0 10.0 16.0
0 679.5 104.5 15.0 19.0
0 708.0 68.0 10.0 14.0
0 717.0 92.5 12.0 17.0
0 751.0 135.0 16.0 26.0
0 774.5 103.0 9.0 16.0
0 789.5 86.5 9.0 13.0
0 804.5 86.0 9.0 12.0
0 804.5 103.5 11.0 13.0
0 801.5 116.5 13.0 15.0
0 698.0 77.0 10.0 16.0
0 369.5 74.0 9.0 14.0
0 381.0 83.5 10.0 15.0
0 388.5 73.5 9.0 13.0
0 396.0 82.5 10.0 15.0
0 413.0 87.0 18.0 22.0
