0 105.0 130.0 18.0 22.0
0 203.0 204.5 52.0 61.0
0 391.0 121.0 20.0 22.0
0 376.5 110.0 19.0 22.0
0 366.5 94.5 15.0 17.0
0 374.0 81.5 14.0 15.0
0 407.5 90.0 19.0 20.0
0 403.0 110.5 14.0 19.0
0 458.0 117.0 20.0 24.0
0 455.0 81.5 16.0 21.0
0 501.0 103.5 20.0 23.0
0 431.0 89.0 14.0 16.0
0 553.5 60.0 13.0 16.0
0 575.0 125.0 22.0 24.0
0 607.0 127.0 22.0 26.0
0 680.0 80.0 16.0 20.0
0 688.0 90.5 14.0 19.0
0 705.5 84.5 15.0 25.0
0 718.0 100.0 18.0 20.0
0 745.5 90.0 15.0 18.0
0 745.5 77.5 11.0 15.0
0 775.0 85.0 14.0 16.0
0 774.0 108.0 20.0 22.0
0 806.0 141.5 20.0 27.0
0 829.5 178.0 41.0 60.0
0 850.0 137.0 22.0 30.0
0 888.5 139.5 19.0 25.0
0 898.5 118.5 15.0 23.0
0 910.5 101.0 15.0 20.0
