0 184.0 281.5 48.0 53.0
0 405.0 159.5 20.0 21.0
0 414.5 131.0 17.0 18.0
0 475.5 131.5 21.0 25.0
0 431.5 95.5 17.0 19.0
0 374.5 115.0 19.0 14.0
0 371.5 136.0 17.0 20.0
0 503.0 82.5 14.0 17.0
0 530.0 75.0 14.0 20.0
0 551.5 70.5 17.0 15.0
0 586.0 75.0 12.0 18.0
0 606.0 72.5 18.0 17.0
0 582.5 105.0 17.0 18.0
0 495.5 199.0 29.0 28.0
0 553.5 190.5 23.0 29.0
0 627.0 153.0 24.0 34.0
0 678.5 132.0 27.0 28.0
0 711.5 201.0 37.0 40.0
0 728.0 149.5 26.0 37.0
0 795.0 161.0 28.0 38.0
0 853.5 178.5 25.0 37.0
0 933.0 173.0 24.0 34.0
0 958.5 90.5 13.0 19.0
0 931.5 86.5 15.0 17.0
0 902.0 71.0 14.0 18.0
0 861.0 46.0 18.0 18.0
