0 70.5 252.5 37.0 41.0
0 277.0 171.5 16.0 17.0
0 300.5 172.5 17.0 17.0
0 330.0 158.0 20.0 20.0
0 371.0 164.5 18.0 23.0
0 339.0 133.0 12.0 14.0
0 359.0 138.0 18.0 16.0
0 388.5 132.0 13.0 16.0
0 403.0 133.0 16.0 16.0
0 412.0 124.0 18.0 20.0
0 437.5 142.0 21.0 24.0
0 460.0 162.0 20.0 22.0
0 476.0 143.0 20.0 22.0
0 498.5 138.0 19.0 22.0
0 441.5 104.0 17.0 16.0
0 473.0 120.0 16.0 16.0
0 505.5 112.5 13.0 17.0
0 487.0 110.5 12.0 11.0
0 462.5 113.0 13.0 14.0
0 482.5 88.5 15.0 15.0
0 504.5 92.0 13.0 16.0
0 519.5 99.5 13.0 17.0
0 522.5 79.0 13.0 16.0
0 547.0 112.5 18.0 19.0
0 576.5 114.0 19.0 18.0
0 579.5 95.0 15.0 16.0
0 564.5 84.0 13.0 18.0
0 591.0 86.0 14.0 22.0
0 616.0 97.0 16.0 18.0
0 622.5 85.0 15.0 18.0
0 610.5 67.0 11.0 12.0
0 626.5 62.5 13.0 13.0
0 636.5 72.5 13.0 17.0
0 656.5 82.5 15.0 15.0
0 673.5 72.0 11.0 14.0
0 672.0 60.5 10.0 13.0
0 696.5 58.0 13.0 16.0
0 717.5 70.5 13.0 15.0
0 736.5 61.5 13.0 17.0
0 579.0 189.5 26.0 29.0
0 517.5 174.5 23.0 27.0
0 611.5 147.0 21.0 26.0
0 649.5 154.0 23.0 28.0
0 661.0 125.0 20.0 20.0
0 706.0 129.0 20.0 26.0
0 696.5 105.0 17.0 20.0
0 731.0 96.0 18.0 22.0
0 754.0 120.5 22.0 27.0
0 762.0 105.0 16.0 18.0
0 776.5 96.5 17.0 19.0
0 714.5 155.5 19.0 25.0
0 716.5 208.5 25.0 31.0
0 639.0 209.0 28.0 30.0
0 761.5 169.5 23.0 27.0
0 836.5 175.5 25.0 27.0
0 829.5 137.0 21.0 26.0
0 793.0 116.5 18.0 19.0
0 829.0 97.5 12.0 13.0
0 791.5 88.0 11.0 12.0
0 787.5 77.5 11.0 15.0
0 811.0 64.0 12.0 16.0
0 835.0 76.0 12.0 14.0
0 824.5 78.5 11.0 15.0
0 851.0 80.5 12.0 15.0
0 865.5 74.5 13.0 17.0
0 888.0 85.5 14.0 17.0
0 854.5 98.0 17.0 18.0
0 897.0 102.0 14.0 18.0
0 905.5 112.5 13.0 19.0
0 879.0 153.0 16.0 22.0
0 931.0 140.0 14.0 24.0
0 953.5 117.5 13.0 19.0
0 940.0 103.5 16.0 19.0
0 926.0 79.0 12.0 14.0
0 927.0 97.0 12.0 16.0
0 956.0 78.5 10.0 17.0
0 962.5 97.5 13.0 15.0
0 993.5 125.5 15.0 19.0
0 988.0 107.5 12.0 15.0
0 991.0 94.0 12.0 14.0
0 996.0 163.5 20.0 29.0
