0 250.0 112.0 16.0 16.0
0 315.5 121.5 17.0 21.0
0 316.0 101.5 16.0 17.0
0 354.5 100.0 13.0 16.0
0 364.5 124.5 15.0 19.0
0 390.0 130.0 16.0 20.0
0 392.5 109.0 15.0 16.0
0 349.0 87.0 12.0 16.0
0 359.0 87.0 16.0 14.0
0 398.0 88.0 12.0 14.0
0 420.5 100.0 23.0 24.0
0 435.0 90.0 12.0 18.0
0 453.0 106.0 16.0 20.0
0 400.5 73.5 13.0 13.0
0 422.5 69.0 9.0 10.0
0 429.0 75.5 12.0 11.0
0 443.0 66.5 10.0 13.0
0 462.0 60.0 8.0 12.0
0 468.0 67.0 10.0 14.0
0 476.0 64.5 8.0 13.0
0 489.0 67.0 10.0 14.0
0 496.5 75.0 11.0 12.0
0 486.5 84.0 11.0 14.0
0 475.0 92.0 14.0 18.0
0 502.0 94.5 16.0 19.0
0 538.0 85.5 12.0 15.0
0 524.0 67.5 12.0 13.0
0 526.5 60.0 11.0 14.0
0 545.0 58.0 10.0 12.0
0 559.5 66.0 11.0 14.0
0 576.5 74.0 13.0 16.0
0 572.0 60.0 12.0 12.0
0 572.0 53.0 12.0 14.0
0 592.5 51.5 9.0 11.0
0 604.0 59.0 12.0 16.0
0 616.0 64.0 12.0 12.0
0 617.5 52.5 9.0 11.0
0 512.0 126.5 16.0 23.0
0 563.0 107.5 16.0 17.0
0 568.5 128.0 21.0 24.0
0 605.0 136.0 20.0 26.0
0 600.5 103.0 13.0 16.0
0 641.5 93.0 13.0 16.0
0 646.5 117.0 15.0 22.0
0 669.0 135.0 22.0 26.0
0 710.0 147.5 22.0 29.0
0 771.0 164.0 20.0 30.0
0 827.0 181.5 18.0 27.0
0 668.5 89.5 13.0 15.0
0 664.5 74.0 11.0 14.0
0 684.5 102.0 15.0 18.0
0 711.0 110.5 14.0 17.0
0 721.5 84.5 11.0 13.0
0 708.5 73.5 13.0 15.0
0 691.0 71.0 12.0 14.0
0 682.0 67.5 10.0 15.0
0 719.5 68.5 11.0 15.0
0 751.0 89.5 12.0 15.0
0 764.0 80.0 12.0 14.0
0 750.0 66.5 10.0 15.0
0 769.5 71.5 11.0 15.0
0 768.5 98.5 13.0 19.0
0 758.5 112.0 17.0 20.0
0 808.0 108.0 14.0 16.0
0 784.0 96.0 12.0 14.0
0 821.5 90.5 11.0 15.0
0 810.0 80.0 12.0 16.0
0 788.0 145.5 18.0 23.0
0 840.0 140.0 18.0 30.0
0 839.0 125.5 14.0 21.0
0 856.0 108.5 14.0 17.0
0 844.5 95.5 11.0 17.0
0 868.5 69.0 13.0 14.0
