0 179.5 236.0 51.0 56.0
0 323.5 117.5 17.0 19.0
0 315.0 108.5 18.0 17.0
0 333.0 103.5 18.0 19.0
0 389.5 107.5 21.0 23.0
0 402.0 94.5 18.0 19.0
0 426.0 103.5 22.0 21.0
0 423.5 121.0 25.0 20.0
0 454.5 123.5 23.0 25.0
0 451.0 104.5 22.0 23.0
0 419.0 77.0 16.0 16.0
0 442.5 74.5 15.0 15.0
0 442.5 81.0 15.0 16.0
0 457.0 87.0 20.0 16.0
0 469.5 70.0 11.0 16.0
0 477.5 65.0 13.0 12.0
0 488.0 82.5 20.0 17.0
0 512.0 97.0 18.0 16.0
0 510.5 83.5 17.0 19.0
0 511.5 74.0 13.0 16.0
0 520.5 68.5 13.0 13.0
0 498.0 74.0 12.0 16.0
0 531.5 87.0 13.0 16.0
0 547.0 130.0 22.0 22.0
0 496.0 144.0 22.0 30.0
0 527.0 154.0 24.0 32.0
0 549.5 72.5 15.0 19.0
0 559.5 59.5 13.0 15.0
0 584.0 52.5 10.0 13.0
0 588.0 62.0 12.0 14.0
0 604.5 54.5 9.0 13.0
0 628.0 56.0 10.0 14.0
0 624.5 63.5 11.0 15.0
0 626.0 73.5 12.0 15.0
0 593.5 81.0 13.0 18.0
0 598.0 71.5 12.0 15.0
0 568.0 77.5 14.0 15.0
0 559.5 90.0 13.0 18.0
0 644.5 65.5 9.0 11.0
0 667.0 66.0 12.0 18.0
0 687.5 77.0 13.0 18.0
0 678.0 87.0 14.0 20.0
0 670.5 105.0 17.0 22.0
0 640.5 96.0 17.0 24.0
0 638.0 115.0 18.0 24.0
0 596.5 119.5 23.0 25.0
0 595.5 153.0 29.0 34.0
0 631.0 139.5 20.0 25.0
0 655.0 172.5 30.0 39.0
0 704.5 194.0 29.0 40.0
0 692.5 120.5 21.0 27.0
0 721.0 65.5 12.0 17.0
0 718.5 78.0 13.0 16.0
0 714.0 90.0 10.0 16.0
0 734.5 98.0 15.0 20.0
0 732.5 71.5 11.0 17.0
0 749.5 69.0 13.0 18.0
0 752.5 84.5 17.0 19.0
0 747.5 113.5 21.0 27.0
0 770.0 138.5 18.0 23.0
0 764.0 154.5 22.0 35.0
0 798.0 189.0 28.0 38.0
0 804.5 182.0 23.0 28.0
0 825.5 152.5 21.0 25.0
0 804.0 114.5 16.0 21.0
0 772.0 98.0 14.0 18.0
0 788.0 92.5 14.0 17.0
0 802.0 81.5 14.0 17.0
0 813.0 101.0 14.0 20.0
0 826.5 94.0 15.0 18.0
0 834.0 82.0 14.0 20.0
0 857.5 96.0 11.0 18.0
0 866.5 90.5 11.0 17.0
0 872.5 90.0 11.0 16.0
0 845.5 120.0 15.0 24.0
0 900.5 98.0 11.0 16.0
0 899.5 116.0 13.0 20.0
0 887.0 121.5 16.0 23.0
0 883.5 129.5 15.0 23.0
0 881.0 155.0 20.0 26.0
0 873.5 179.5 17.0 31.0
