0 134.5 317.5 65.0 65.0
0 234.0 170.5 24.0 33.0
0 260.0 162.5 28.0 31.0
0 284.5 151.0 25.0 32.0
0 350.0 143.0 24.0 28.0
0 352.0 126.0 26.0 26.0
0 385.5 140.0 23.0 30.0
0 401.5 129.0 25.0 32.0
0 428.5 153.0 27.0 26.0
0 450.5 142.5 23.0 23.0
0 422.0 119.5 26.0 31.0
0 479.5 116.0 23.0 26.0
0 488.5 104.5 19.0 25.0
0 507.0 115.0 20.0 26.0
0 517.5 184.5 33.0 33.0
0 527.5 101.5 25.0 25.0
0 562.0 102.0 26.0 28.0
0 579.5 91.0 21.0 22.0
0 585.5 123.5 23.0 27.0
0 564.0 141.0 30.0 30.0
0 657.0 129.5 24.0 23.0
0 621.0 96.0 22.0 22.0
0 656.0 96.5 18.0 23.0
0 659.0 83.0 20.0 20.0
0 689.5 83.0 21.0 24.0
0 692.5 100.5 21.0 21.0
0 689.0 119.0 22.0 22.0
0 729.0 120.0 20.0 24.0
0 726.0 106.0 20.0 22.0
0 722.0 91.5 18.0 17.0
0 709.5 76.0 21.0 18.0
0 738.0 81.0 18.0 22.0
0 782.5 109.0 15.0 20.0
0 779.5 91.5 19.0 23.0
0 786.5 79.5 15.0 17.0
0 821.0 99.0 24.0 26.0
0 821.5 134.5 23.0 29.0
0 849.0 93.5 22.0 23.0
0 826.5 85.5 19.0 23.0
0 720.5 180.0 33.0 36.0
0 683.0 205.5 28.0 37.0
0 725.0 225.5 36.0 39.0
0 782.5 244.5 43.0 43.0
0 877.5 240.0 41.0 48.0
0 795.0 140.5 26.0 35.0
0 866.0 160.5 30.0 35.0
0 892.5 136.0 25.0 30.0
0 922.5 168.0 27.0 32.0
0 960.0 148.5 22.0 31.0
0 985.5 186.5 27.0 37.0
0 966.0 277.5 46.0 55.0
0 1028.5 297.5 41.0 57.0
0 1060.5 250.5 33.0 45.0
0 1155.5 275.0 33.0 44.0
0 1042.5 204.5 29.0 41.0
0 1076.0 171.5 20.0 27.0
0 1086.5 157.0 15.0 24.0
0 1089.0 141.0 20.0 20.0
0 1052.0 141.5 16.0 23.0
0 1004.5 127.5 19.0 25.0
0 980.0 144.0 20.0 22.0
0 944.5 131.0 25.0 28.0
0 908.5 118.0 21.0 24.0
0 935.5 106.5 23.0 23.0
0 978.0 113.5 22.0 27.0
0 1119.0 195.5 26.0 37.0
0 1147.0 227.5 30.0 41.0
0 1184.5 220.0 25.0 32.0
0 1178.0 200.5 22.0 27.0
0 1185.5 182.5 19.0 19.0
0 1197.0 157.5 16.0 25.0
0 1134.0 160.5 20.0 23.0
0 1148.5 148.0 17.0 26.0
