0 269.5 139.0 23.0 22.0
0 336.5 128.0 23.0 24.0
0 352.0 141.0 22.0 24.0
0 354.5 107.0 17.0 22.0
0 370.0 102.5 20.0 27.0
0 385.5 137.0 27.0 26.0
0 417.0 157.5 26.0 27.0
0 411.5 136.5 25.0 21.0
0 424.0 110.0 22.0 22.0
0 405.5 95.0 19.0 22.0
0 409.5 88.0 15.0 16.0
0 453.5 89.5 21.0 23.0
0 472.5 88.5 21.0 21.0
0 487.0 114.0 24.0 26.0
0 504.5 121.0 23.0 28.0
0 513.5 82.5 19.0 19.0
0 507.0 97.0 20.0 20.0
0 524.5 108.0 19.0 22.0
0 563.0 99.5 24.0 21.0
0 516.0 59.5 14.0 17.0
0 564.5 75.0 19.0 26.0
0 587.0 75.5 24.0 25.0
0 601.5 68.5 17.0 19.0
0 599.5 50.5 15.0 19.0
0 623.0 51.5 16.0 17.0
0 645.0 74.5 20.0 21.0
0 648.0 58.5 16.0 15.0
0 681.5 58.5 17.0 19.0
0 692.0 50.0 14.0 16.0
0 725.0 54.5 20.0 17.0
0 619.5 83.5 23.0 23.0
0 541.5 155.0 27.0 34.0
0 588.0 124.0 26.0 32.0
0 616.0 151.5 30.0 39.0
0 647.0 145.0 28.0 32.0
0 653.5 190.0 37.0 42.0
0 699.0 140.0 28.0 34.0
0 669.0 92.5 20.0 25.0
0 704.0 98.0 22.0 26.0
0 747.0 92.0 20.0 24.0
0 740.5 73.0 19.0 22.0
0 757.5 66.5 19.0 23.0
0 771.5 87.0 19.0 24.0
0 760.5 165.0 31.0 32.0
0 760.0 132.0 32.0 30.0
0 811.5 119.5 27.0 33.0
0 803.5 170.0 31.0 34.0
0 898.5 162.0 29.0 38.0
0 902.0 140.0 22.0 28.0
0 898.5 107.5 23.0 25.0
0 861.0 90.5 20.0 27.0
0 836.0 108.0 18.0 26.0
0 795.0 93.5 20.0 19.0
0 782.0 57.5 16.0 19.0
0 794.0 77.5 22.0 17.0
0 815.0 60.5 16.0 19.0
0 830.5 72.0 15.0 18.0
0 881.0 61.0 18.0 20.0
0 903.0 74.0 16.0 22.0
0 946.0 91.5 20.0 23.0
0 977.0 143.5 26.0 33.0
0 970.0 112.5 18.0 27.0
0 948.0 77.5 18.0 21.0
