0 127.5 393.5 73.0 75.0
0 277.0 248.5 24.0 25.0
0 325.0 243.5 26.0 33.0
0 357.0 211.5 24.0 27.0
0 356.0 264.5 28.0 35.0
0 397.0 271.0 32.0 34.0
0 441.5 232.5 25.0 31.0
0 443.5 208.5 23.0 27.0
0 480.0 234.5 18.0 25.0
0 509.0 237.0 24.0 30.0
0 506.0 211.0 20.0 24.0
0 548.0 235.0 26.0 26.0
0 547.0 214.0 24.0 26.0
0 584.0 210.0 24.0 26.0
0 636.0 220.5 22.0 27.0
0 504.0 168.5 18.0 25.0
0 537.0 186.0 16.0 20.0
0 554.5 174.5 17.0 21.0
0 571.0 193.5 18.0 23.0
0 579.0 169.0 16.0 18.0
0 613.0 185.0 18.0 20.0
0 654.5 185.5 19.0 23.0
0 643.0 166.5 18.0 19.0
0 661.0 177.0 16.0 18.0
0 681.5 202.0 19.0 24.0
0 712.5 177.5 17.0 21.0
0 678.0 159.5 16.0 21.0
0 704.5 154.0 17.0 18.0
0 736.0 171.5 16.0 19.0
0 741.0 158.0 18.0 20.0
0 755.5 141.5 17.0 19.0
0 774.5 146.0 19.0 20.0
0 785.5 169.5 19.0 23.0
0 813.5 153.0 17.0 20.0
0 828.5 159.5 15.0 21.0
0 845.0 159.5 16.0 23.0
0 869.0 173.5 20.0 25.0
0 591.0 279.5 38.0 45.0
0 655.5 260.5 35.0 39.0
0 673.5 283.5 41.0 45.0
0 724.0 303.5 44.0 51.0
0 761.5 243.0 29.0 34.0
0 740.0 229.0 30.0 38.0
0 787.0 209.0 22.0 30.0
0 798.5 233.0 25.0 34.0
0 821.0 260.0 32.0 40.0
0 846.5 247.5 33.0 45.0
0 788.5 317.5 47.0 51.0
0 859.5 359.5 53.0 67.0
0 833.5 185.0 23.0 24.0
0 890.0 200.0 18.0 22.0
0 900.0 182.5 24.0 29.0
0 913.5 172.5 17.0 27.0
0 929.5 159.5 21.0 23.0
0 960.5 168.0 19.0 26.0
0 946.0 195.5 22.0 29.0
0 940.0 182.5 18.0 23.0
0 910.5 282.0 35.0 42.0
0 948.5 310.5 35.0 49.0
0 995.5 362.0 49.0 56.0
0 1040.0 314.5 36.0 45.0
0 1122.0 335.5 42.0 49.0
0 993.5 250.5 23.0 39.0
0 1004.0 247.0 26.0 32.0
0 1061.5 265.0 27.0 42.0
0 1077.5 263.5 21.0 29.0
0 1113.0 275.0 26.0 38.0
0 1139.5 246.0 21.0 30.0
0 1152.5 228.5 21.0 27.0
0 1141.5 205.0 15.0 20.0
0 1148.5 189.5 21.0 25.0
0 1103.5 206.0 19.0 24.0
0 1083.5 226.0 23.0 32.0
0 1037.0 218.0 24.0 26.0
0 999.0 215.0 24.0 24.0
0 1014.0 190.0 22.0 24.0
0 1031.5 186.0 17.0 24.0
0 998.0 182.5 18.0 21.0
0 1055.5 189.5 19.0 23.0
0 1070.5 180.5 17.0 23.0
