0 181.5 208.5 39.0 39.0
0 170.0 222.0 32.0 36.0
0 279.5 172.0 17.0 22.0
0 333.0 148.5 20.0 21.0
0 319.0 164.5 18.0 21.0
0 362.0 172.0 24.0 24.0
0 360.0 130.0 14.0 16.0
0 374.0 131.0 16.0 16.0
0 381.0 148.5 18.0 19.0
0 411.5 128.5 21.0 25.0
0 439.5 105.0 17.0 16.0
0 456.0 113.5 22.0 21.0
0 459.0 136.5 22.0 27.0
0 487.0 138.0 20.0 22.0
0 508.0 154.5 28.0 27.0
0 482.5 116.0 21.0 20.0
0 488.5 107.0 19.0 18.0
0 501.0 96.5 14.0 17.0
0 517.0 116.0 24.0 24.0
0 554.0 128.5 24.0 23.0
0 520.5 80.0 13.0 16.0
0 548.0 94.5 22.0 21.0
0 580.5 78.5 15.0 17.0
0 599.5 79.5 15.0 17.0
0 592.5 97.0 21.0 24.0
0 610.0 100.0 22.0 22.0
0 614.0 79.5 18.0 19.0
0 662.0 88.5 22.0 21.0
0 638.5 74.0 17.0 18.0
0 638.0 60.5 16.0 17.0
0 652.0 40.0 14.0 16.0
0 681.0 46.0 18.0 20.0
0 714.5 42.5 17.0 17.0
0 523.0 183.5 32.0 31.0
0 573.5 211.5 29.0 29.0
0 609.0 149.0 22.0 28.0
0 650.0 163.0 24.0 30.0
0 681.5 125.0 27.0 28.0
0 710.5 129.0 23.0 30.0
0 713.5 110.0 21.0 22.0
0 739.5 92.5 19.0 21.0
0 745.5 114.5 19.0 23.0
0 738.5 132.0 25.0 24.0
0 704.5 181.5 29.0 31.0
0 639.0 213.5 34.0 41.0
0 714.0 218.0 34.0 42.0
0 784.0 172.5 30.0 35.0
0 809.5 160.0 25.0 30.0
0 800.0 110.5 20.0 23.0
0 778.0 103.5 24.0 23.0
0 801.5 88.5 19.0 19.0
0 793.0 77.5 16.0 19.0
0 812.5 102.5 19.0 21.0
0 823.5 79.5 19.0 25.0
0 837.5 75.0 15.0 24.0
0 851.5 89.0 15.0 20.0
0 864.5 87.5 15.0 17.0
0 847.5 117.5 21.0 23.0
0 864.0 150.0 24.0 32.0
0 843.0 189.5 26.0 31.0
0 883.0 97.5 16.0 21.0
0 893.5 86.0 15.0 22.0
0 908.0 88.0 18.0 18.0
0 924.0 91.5 16.0 21.0
0 912.0 106.0 22.0 26.0
0 932.5 146.5 21.0 25.0
0 950.0 109.0 22.0 28.0
0 961.0 83.5 14.0 17.0
0 921.5 79.5 13.0 15.0
0 994.0 95.0 12.0 18.0
0 990.0 121.0 18.0 24.0
0 979.5 172.0 25.0 32.0
0 954.0 105.0 16.0 24.0
