0 143.5 352.5 59.0 73.0
0 289.0 171.0 28.0 34.0
0 335.0 158.5 26.0 31.0
0 393.5 151.5 23.0 25.0
0 407.5 135.0 23.0 28.0
0 426.0 146.0 24.0 30.0
0 451.5 133.5 19.0 25.0
0 476.0 168.5 26.0 29.0
0 477.0 125.0 20.0 24.0
0 498.0 130.0 20.0 24.0
0 516.0 149.5 24.0 25.0
0 530.5 112.0 15.0 18.0
0 553.0 122.0 22.0 24.0
0 557.5 190.5 29.0 35.0
0 603.0 154.5 28.0 27.0
0 584.0 103.5 18.0 21.0
0 597.0 107.0 18.0 22.0
0 614.0 107.0 22.0 26.0
0 628.5 100.0 17.0 22.0
0 634.0 132.0 22.0 24.0
0 671.0 104.0 20.0 20.0
0 703.0 103.5 16.0 19.0
0 707.0 90.5 18.0 21.0
0 703.0 134.5 22.0 25.0
0 724.5 127.5 19.0 21.0
0 740.0 113.0 16.0 22.0
0 738.0 89.5 18.0 25.0
0 759.0 84.5 18.0 19.0
0 807.0 83.5 18.0 19.0
0 845.0 84.5 18.0 21.0
0 783.0 102.5 24.0 17.0
0 774.0 118.0 16.0 20.0
0 790.0 125.0 22.0 26.0
0 779.0 181.0 32.0 34.0
0 849.0 118.0 16.0 20.0
0 874.5 88.5 17.0 19.0
0 870.5 100.0 17.0 22.0
0 896.5 103.0 19.0 24.0
0 841.0 161.0 36.0 30.0
0 907.0 135.5 18.0 25.0
0 936.0 127.0 18.0 28.0
0 890.5 181.0 33.0 36.0
0 957.5 143.5 21.0 27.0
0 990.0 110.5 20.0 23.0
0 983.5 133.0 19.0 28.0
0 1024.5 123.5 19.0 23.0
0 1044.0 139.0 18.0 24.0
0 1105.5 148.0 21.0 24.0
0 1125.5 171.5 23.0 29.0
0 1148.5 165.0 15.0 22.0
0 1180.0 170.0 20.0 28.0
0 1197.5 160.0 13.0 22.0
0 1236.0 168.0 16.0 24.0
0 1230.0 190.0 14.0 22.0
0 1229.0 208.0 18.0 22.0
0 1233.0 228.0 18.0 30.0
0 1206.5 228.5 23.0 29.0
0 1163.0 202.5 18.0 37.0
0 1210.0 265.0 32.0 42.0
0 1084.0 235.0 26.0 36.0
0 1033.5 187.5 23.0 35.0
0 1027.5 155.0 19.0 30.0
0 1000.0 160.5 22.0 33.0
0 968.0 179.0 22.0 34.0
0 1101.5 259.0 31.0 40.0
0 1086.0 321.5 36.0 47.0
0 997.0 263.0 44.0 52.0
0 919.0 244.0 34.0 44.0
0 836.0 249.0 32.0 42.0
0 776.5 225.0 33.0 40.0
0 705.0 213.5 36.0 37.0
