0 91.0 377.0 58.0 62.0
0 278.5 251.5 29.0 27.0
0 325.0 250.5 30.0 35.0
0 357.5 265.5 29.0 31.0
0 357.5 223.0 23.0 24.0
0 417.0 266.5 32.0 37.0
0 442.0 239.0 22.0 26.0
0 443.5 213.0 25.0 26.0
0 477.0 240.0 22.0 28.0
0 511.5 244.0 29.0 26.0
0 559.0 253.5 28.0 29.0
0 544.0 225.5 26.0 29.0
0 507.5 216.5 23.0 21.0
0 489.0 198.0 22.0 22.0
0 524.0 180.5 20.0 21.0
0 537.0 199.0 20.0 24.0
0 574.5 230.0 23.0 26.0
0 622.0 235.0 28.0 26.0
0 561.0 182.0 16.0 22.0
0 588.5 195.5 19.0 25.0
0 581.5 175.0 17.0 20.0
0 617.5 191.0 19.0 20.0
0 629.5 183.0 17.0 16.0
0 649.5 198.0 21.0 24.0
0 672.5 182.0 19.0 24.0
0 697.0 159.0 14.0 22.0
0 716.0 159.5 16.0 15.0
0 708.0 175.5 18.0 19.0
0 714.0 205.0 16.0 24.0
0 706.5 193.0 19.0 18.0
0 740.0 168.0 18.0 20.0
0 757.0 150.0 22.0 22.0
0 777.0 153.5 18.0 23.0
0 807.5 158.0 17.0 20.0
0 781.0 186.0 22.0 20.0
0 829.0 168.0 18.0 24.0
0 843.0 166.5 16.0 19.0
0 870.0 187.0 24.0 26.0
0 832.5 194.5 23.0 23.0
0 780.0 215.0 22.0 26.0
0 737.0 232.0 28.0 30.0
0 695.5 251.5 27.0 37.0
0 667.0 292.0 34.0 40.0
0 576.5 295.5 41.0 39.0
0 712.0 313.0 40.0 50.0
0 724.0 303.0 36.0 38.0
0 780.5 328.5 45.0 53.0
0 818.5 265.5 31.0 43.0
0 848.0 252.5 28.0 39.0
0 807.0 242.5 26.0 29.0
0 858.0 209.0 28.0 26.0
0 888.5 208.0 23.0 30.0
0 904.0 190.0 24.0 30.0
0 916.0 178.5 18.0 23.0
0 925.5 167.0 19.0 24.0
0 961.0 169.0 20.0 24.0
0 943.0 207.0 22.0 26.0
0 912.0 289.0 34.0 40.0
0 871.0 358.5 52.0 63.0
0 974.0 299.5 36.0 43.0
0 982.5 376.0 51.0 62.0
0 1038.5 316.0 39.0 46.0
0 1133.0 289.0 32.0 38.0
0 1115.5 336.5 41.0 51.0
0 1060.0 270.5 30.0 37.0
0 992.5 274.0 31.0 38.0
0 1014.5 253.0 25.0 34.0
0 988.0 223.5 22.0 33.0
0 1038.5 235.0 23.0 28.0
0 1061.0 200.0 24.0 24.0
0 1034.0 188.5 18.0 25.0
0 1016.5 201.0 21.0 24.0
0 1068.0 183.0 22.0 22.0
0 1103.0 208.5 18.0 27.0
0 1089.5 232.5 19.0 25.0
0 1079.0 262.5 22.0 33.0
0 1136.0 255.0 22.0 30.0
0 1142.5 217.5 21.0 29.0
0 1154.0 235.5 28.0 25.0
0 1145.0 194.5 16.0 23.0
