0 123.5 282.5 49.0 59.0
0 274.5 174.5 15.0 15.0
0 291.0 167.5 16.0 17.0
0 325.5 157.0 17.0 20.0
0 337.5 170.5 17.0 17.0
0 377.5 154.0 17.0 18.0
0 340.5 135.5 15.0 19.0
0 366.0 132.5 14.0 15.0
0 379.0 136.5 14.0 17.0
0 396.5 144.5 19.0 19.0
0 442.0 139.5 18.0 23.0
0 463.5 165.5 23.0 25.0
0 415.0 121.0 16.0 16.0
0 434.0 107.0 16.0 14.0
0 453.5 114.5 17.0 13.0
0 475.0 123.0 18.0 18.0
0 498.5 150.5 25.0 23.0
0 501.5 122.5 21.0 21.0
0 482.0 104.0 14.0 18.0
0 484.5 86.0 15.0 16.0
0 514.0 101.0 14.0 16.0
0 505.0 91.0 14.0 14.0
0 522.5 82.0 15.0 18.0
0 522.5 120.0 17.0 18.0
0 579.5 123.5 17.0 17.0
0 581.5 97.5 15.0 19.0
0 597.0 89.0 14.0 18.0
0 619.5 100.5 17.0 21.0
0 555.0 86.0 14.0 14.0
0 567.5 82.0 13.0 14.0
0 543.5 102.5 15.0 17.0
0 599.5 68.0 13.0 14.0
0 626.0 81.0 12.0 14.0
0 633.5 74.5 11.0 13.0
0 637.0 61.5 14.0 17.0
0 655.0 68.5 12.0 15.0
0 664.5 83.5 15.0 15.0
0 668.0 61.5 12.0 15.0
0 682.0 66.0 14.0 18.0
0 696.5 68.5 15.0 15.0
0 711.0 76.5 14.0 17.0
0 744.5 60.0 11.0 18.0
0 519.5 183.0 23.0 34.0
0 582.5 178.5 29.0 33.0
0 602.0 149.5 22.0 27.0
0 652.5 154.0 23.0 30.0
0 668.5 127.0 19.0 26.0
0 707.5 126.5 21.0 23.0
0 694.5 109.0 17.0 20.0
0 729.0 92.0 16.0 24.0
0 767.0 83.5 12.0 17.0
0 707.0 153.0 22.0 26.0
0 727.0 213.0 28.0 34.0
0 624.5 225.5 33.0 33.0
0 767.0 174.0 28.0 28.0
0 831.5 175.0 27.0 32.0
0 813.0 144.0 26.0 26.0
0 784.5 127.5 19.0 21.0
0 749.5 135.0 21.0 26.0
0 741.0 111.5 16.0 21.0
0 781.0 101.5 14.0 19.0
0 801.0 86.0 16.0 20.0
0 790.0 72.0 14.0 18.0
0 801.5 70.0 13.0 18.0
0 814.5 76.5 17.0 19.0
0 822.5 97.5 17.0 21.0
0 834.5 76.5 13.0 19.0
0 852.5 107.0 23.0 20.0
0 851.5 84.0 15.0 18.0
0 866.5 80.0 15.0 18.0
0 890.0 83.5 16.0 21.0
0 889.5 105.0 15.0 18.0
0 904.5 112.5 17.0 19.0
0 912.0 93.5 14.0 21.0
0 925.0 80.0 14.0 16.0
0 944.0 113.5 16.0 19.0
0 926.5 139.0 17.0 24.0
0 989.5 175.5 27.0 29.0
0 986.5 125.5 17.0 25.0
0 956.5 102.5 15.0 17.0
0 967.5 82.5 11.0 15.0
0 992.0 96.5 16.0 19.0
