0 156.0 207.5 32.0 37.0
0 303.5 158.5 19.0 21.0
0 321.0 166.5 22.0 21.0
0 327.0 150.5 20.0 23.0
0 365.5 167.5 21.0 27.0
0 399.0 175.0 20.0 24.0
0 403.0 154.5 20.0 17.0
0 422.0 113.5 14.0 19.0
0 437.5 118.5 15.0 17.0
0 442.5 104.5 15.0 17.0
0 461.5 105.0 17.0 20.0
0 464.5 122.0 17.0 18.0
0 486.0 139.0 20.0 22.0
0 495.0 120.0 20.0 16.0
0 493.5 96.5 17.0 19.0
0 515.5 102.5 15.0 17.0
0 522.0 92.5 10.0 15.0
0 529.0 117.0 20.0 24.0
0 519.5 136.5 21.0 23.0
0 557.5 102.5 19.0 21.0
0 558.0 88.0 12.0 14.0
0 549.5 76.5 13.0 15.0
0 596.5 73.5 15.0 17.0
0 582.5 114.0 19.0 22.0
0 590.5 109.5 15.0 17.0
0 623.0 106.5 18.0 21.0
0 613.0 81.0 12.0 18.0
0 631.5 90.5 15.0 19.0
0 640.0 82.5 10.0 13.0
0 632.0 72.5 10.0 11.0
0 638.5 65.0 15.0 16.0
0 665.5 90.0 17.0 20.0
0 668.0 67.0 16.0 18.0
0 694.0 83.0 16.0 16.0
0 699.0 68.5 12.0 15.0
0 688.0 62.5 12.0 17.0
0 719.5 64.5 13.0 17.0
0 758.0 64.0 12.0 20.0
0 739.5 93.0 17.0 20.0
0 759.0 107.5 16.0 23.0
0 708.5 111.0 23.0 24.0
0 730.0 128.5 24.0 25.0
0 664.5 128.5 27.0 27.0
0 621.5 150.5 23.0 27.0
0 582.5 201.0 35.0 34.0
0 585.5 169.0 23.0 24.0
0 538.5 177.0 29.0 36.0
0 677.0 158.5 24.0 29.0
0 682.0 179.5 28.0 31.0
0 723.0 196.0 38.0 42.0
0 772.0 156.5 32.0 35.0
0 759.5 136.0 23.0 24.0
0 788.0 128.0 22.0 26.0
0 798.5 105.0 19.0 20.0
0 809.0 91.5 14.0 17.0
0 800.0 70.0 16.0 20.0
0 829.5 78.5 19.0 19.0
0 845.0 86.0 16.0 22.0
0 841.5 120.0 19.0 32.0
0 816.0 131.5 22.0 29.0
0 828.5 175.0 27.0 38.0
0 803.5 226.0 43.0 46.0
0 879.0 249.0 52.0 44.0
0 976.0 245.0 42.0 44.0
0 978.0 179.5 26.0 37.0
0 983.5 152.0 19.0 28.0
0 996.0 133.5 22.0 21.0
0 1002.5 153.5 15.0 27.0
0 938.5 153.0 23.0 26.0
0 928.5 180.5 35.0 39.0
0 873.0 152.5 22.0 31.0
0 892.0 128.0 22.0 36.0
0 873.0 89.0 18.0 22.0
0 902.5 88.0 15.0 18.0
0 897.0 78.5 12.0 17.0
0 926.0 88.0 16.0 18.0
0 939.0 80.0 14.0 18.0
0 930.5 106.5 15.0 19.0
0 954.5 106.5 15.0 21.0
0 961.5 97.0 13.0 18.0
0 1000.5 98.5 11.0 17.0
0 942.5 127.0 19.0 20.0
