0 181.5 278.5 65.0 69.0
0 371.5 128.5 21.0 27.0
0 380.5 113.5 19.0 19.0
0 374.0 106.5 18.0 21.0
0 452.0 118.0 22.0 26.0
0 488.0 126.0 24.0 26.0
0 528.5 127.5 21.0 27.0
0 524.0 99.0 22.0 24.0
0 492.5 102.5 19.0 21.0
0 493.0 84.0 18.0 22.0
0 466.5 85.0 17.0 18.0
0 461.0 102.5 20.0 23.0
0 523.5 82.0 17.0 16.0
0 553.0 83.0 16.0 18.0
0 590.0 107.5 22.0 23.0
0 582.5 90.5 19.0 23.0
0 563.5 74.5 15.0 15.0
0 544.5 66.5 17.0 13.0
0 577.5 67.0 15.0 20.0
0 593.0 72.0 14.0 14.0
0 614.5 89.0 19.0 22.0
0 641.0 95.0 20.0 22.0
0 656.0 81.5 16.0 21.0
0 643.0 60.5 12.0 15.0
0 661.0 64.5 14.0 17.0
0 660.0 54.0 14.0 14.0
0 673.0 62.5 16.0 17.0
0 680.0 84.0 20.0 22.0
0 694.5 54.0 15.0 18.0
0 719.5 57.5 17.0 21.0
0 714.5 76.5 17.0 21.0
0 740.5 68.0 11.0 14.0
0 751.5 68.0 17.0 22.0
0 772.5 69.0 13.0 18.0
0 678.5 113.0 23.0 30.0
0 629.0 144.0 24.0 30.0
0 604.5 169.5 33.0 41.0
0 570.5 159.0 35.0 36.0
0 661.5 178.5 39.0 47.0
0 685.5 143.0 27.0 32.0
0 732.5 146.0 29.0 28.0
0 730.0 122.5 22.0 27.0
0 729.0 104.5 20.0 25.0
0 743.5 193.5 45.0 51.0
0 830.0 199.5 40.0 47.0
0 764.0 117.0 24.0 26.0
0 785.5 133.0 29.0 30.0
0 774.0 92.0 20.0 20.0
0 790.5 74.5 19.0 21.0
0 814.5 97.5 17.0 23.0
0 825.5 81.0 21.0 22.0
0 825.5 65.5 17.0 17.0
0 840.0 65.5 12.0 19.0
0 849.0 77.0 16.0 20.0
0 845.5 104.5 19.0 25.0
0 862.0 121.0 24.0 26.0
0 843.5 165.0 31.0 40.0
0 912.0 209.5 38.0 47.0
0 884.0 158.5 28.0 35.0
0 886.5 94.5 17.0 19.0
0 889.5 115.0 19.0 26.0
0 916.5 138.5 27.0 31.0
0 932.5 175.5 25.0 35.0
0 942.0 164.5 20.0 31.0
0 929.0 106.0 18.0 26.0
0 909.0 99.5 18.0 27.0
0 917.5 87.0 17.0 20.0
0 949.0 102.0 16.0 22.0
0 956.0 86.5 16.0 21.0
0 970.0 87.5 14.0 21.0
0 972.5 114.0 19.0 26.0
0 964.5 132.5 19.0 33.0
0 984.5 106.0 15.0 22.0
0 993.0 97.5 16.0 23.0
0 999.5 198.0 27.0 44.0
0 1014.0 179.0 28.0 32.0
0 1014.5 144.5 21.0 31.0
0 1035.0 120.5 16.0 23.0
0 1029.5 97.0 21.0 24.0
