0 255.5 334.0 45.0 58.0
0 334.0 187.0 20.0 24.0
0 351.5 186.0 19.0 22.0
0 382.0 189.0 26.0 28.0
0 408.5 203.0 29.0 30.0
0 394.0 156.5 24.0 25.0
0 431.0 153.5 20.0 21.0
0 485.5 180.5 25.0 33.0
0 511.0 200.0 28.0 36.0
0 509.5 162.5 25.0 29.0
0 559.0 154.5 28.0 27.0
0 533.5 130.0 19.0 30.0
0 512.0 132.5 20.0 23.0
0 562.0 113.5 24.0 23.0
0 588.0 116.0 18.0 22.0
0 586.0 101.5 16.0 17.0
0 596.5 162.5 29.0 33.0
0 603.0 145.5 22.0 25.0
0 612.5 98.5 21.0 23.0
0 638.5 139.5 27.0 27.0
0 652.0 91.5 18.0 19.0
0 659.5 102.5 19.0 23.0
0 679.5 132.0 25.0 26.0
0 696.0 100.5 20.0 21.0
0 703.5 115.0 21.0 20.0
0 738.0 107.0 24.0 28.0
0 737.0 77.0 16.0 22.0
0 780.0 101.5 18.0 23.0
0 768.5 85.5 15.0 15.0
0 811.0 84.0 18.0 20.0
0 837.0 86.0 20.0 22.0
0 819.5 121.0 25.0 28.0
0 786.0 148.0 26.0 32.0
0 702.0 182.0 38.0 36.0
0 621.5 208.0 39.0 42.0
0 691.0 215.5 40.0 43.0
0 758.5 178.0 35.0 40.0
0 824.0 183.0 34.0 38.0
0 827.5 149.5 27.0 33.0
0 870.0 111.0 22.0 28.0
0 892.5 123.0 19.0 22.0
0 902.0 156.0 26.0 28.0
0 877.0 217.0 40.0 52.0
0 908.5 209.0 35.0 42.0
0 954.5 248.0 35.0 50.0
0 951.5 157.0 27.0 28.0
0 925.0 131.5 24.0 31.0
0 911.0 106.0 22.0 24.0
0 948.0 124.0 22.0 28.0
0 942.0 101.5 22.0 19.0
0 969.0 92.0 20.0 26.0
0 983.0 148.0 24.0 28.0
0 996.0 202.5 30.0 41.0
0 1079.5 228.0 33.0 44.0
0 1086.0 175.5 26.0 39.0
0 1040.0 161.0 28.0 32.0
0 1013.5 124.0 15.0 22.0
0 1008.0 96.5 20.0 27.0
0 1031.0 110.0 22.0 26.0
0 1049.5 98.5 17.0 25.0
0 1093.5 102.5 17.0 23.0
0 1061.0 134.0 20.0 26.0
0 1095.5 148.0 23.0 28.0
0 1109.0 138.0 18.0 26.0
0 1145.0 194.5 28.0 35.0
