0 84.5 231.5 35.0 37.0
0 301.0 147.0 16.0 20.0
0 322.0 146.0 16.0 24.0
0 331.0 155.0 18.0 22.0
0 388.0 153.5 22.0 23.0
0 403.0 145.0 18.0 20.0
0 409.5 169.0 23.0 26.0
0 416.0 107.0 18.0 18.0
0 436.0 112.0 20.0 20.0
0 460.0 103.0 22.0 24.0
0 481.0 130.5 20.0 23.0
0 485.0 106.5 16.0 23.0
0 505.0 109.0 18.0 22.0
0 511.0 137.0 24.0 24.0
0 507.0 81.5 14.0 17.0
0 517.5 87.5 17.0 17.0
0 543.0 107.5 20.0 25.0
0 570.0 112.0 22.0 24.0
0 585.0 101.5 18.0 23.0
0 542.0 73.5 16.0 17.0
0 557.0 83.5 12.0 15.0
0 567.0 89.5 18.0 17.0
0 608.5 102.0 19.0 22.0
0 590.0 74.0 14.0 16.0
0 602.5 72.0 15.0 14.0
0 624.5 80.0 17.0 20.0
0 636.0 68.0 12.0 18.0
0 641.0 57.5 12.0 13.0
0 659.5 74.5 11.0 15.0
0 673.0 87.5 16.0 19.0
0 687.5 66.0 13.0 20.0
0 695.0 58.0 14.0 16.0
0 713.5 64.5 11.0 19.0
0 705.5 74.5 11.0 15.0
0 759.0 60.0 12.0 18.0
0 702.5 99.5 23.0 27.0
0 548.5 170.0 27.0 34.0
0 606.5 175.5 25.0 31.0
0 621.0 142.5 26.0 23.0
0 676.0 143.0 22.0 20.0
0 682.5 176.0 29.0 30.0
0 676.5 118.0 17.0 24.0
0 705.0 127.0 20.0 24.0
0 728.5 91.5 19.0 23.0
0 754.5 99.0 17.0 24.0
0 779.5 96.0 19.0 20.0
0 783.5 118.0 21.0 26.0
0 757.0 134.5 20.0 25.0
0 788.5 146.5 23.0 29.0
0 746.0 181.5 32.0 37.0
0 800.0 218.5 34.0 45.0
0 839.0 175.5 32.0 37.0
0 878.5 208.5 37.0 35.0
0 820.0 128.0 24.0 34.0
0 843.5 116.5 21.0 27.0
0 874.5 147.5 23.0 29.0
0 890.0 119.5 18.0 27.0
0 870.5 82.5 15.0 21.0
0 843.0 83.5 16.0 19.0
0 822.5 75.0 15.0 18.0
0 792.5 80.0 17.0 22.0
0 798.0 68.0 16.0 18.0
0 917.5 170.0 23.0 34.0
0 985.5 247.0 41.0 44.0
0 977.0 172.0 26.0 34.0
0 936.0 123.5 20.0 21.0
0 917.0 98.5 14.0 21.0
0 920.5 84.5 13.0 17.0
0 929.5 74.5 15.0 19.0
0 893.0 80.0 16.0 20.0
0 954.0 111.5 18.0 19.0
0 958.5 95.5 15.0 19.0
0 970.5 88.0 13.0 18.0
0 999.0 96.0 12.0 14.0
0 990.0 123.0 20.0 22.0
0 987.0 154.0 18.0 22.0
