0 19.5 303.0 27.0 32.0
0 294.0 236.5 20.0 25.0
0 329.0 242.5 18.0 27.0
0 368.5 250.0 19.0 26.0
0 358.5 219.0 19.0 26.0
0 419.0 259.0 24.0 24.0
0 471.0 244.0 16.0 18.0
0 463.0 224.0 18.0 18.0
0 438.5 209.5 17.0 19.0
0 503.0 242.0 20.0 22.0
0 532.0 247.5 22.0 25.0
0 578.5 215.0 19.0 18.0
0 538.0 217.5 20.0 21.0
0 508.5 209.0 19.0 22.0
0 488.5 183.5 17.0 19.0
0 529.0 185.0 14.0 16.0
0 550.0 188.0 14.0 20.0
0 566.0 174.5 12.0 17.0
0 581.5 166.5 13.0 13.0
0 586.0 190.5 16.0 17.0
0 625.0 184.0 14.0 20.0
0 661.0 176.0 16.0 22.0
0 641.5 173.0 15.0 16.0
0 679.5 159.5 15.0 17.0
0 695.5 174.0 15.0 20.0
0 712.0 170.5 14.0 19.0
0 704.0 155.0 14.0 12.0
0 754.5 142.5 17.0 17.0
0 754.5 160.5 13.0 15.0
0 641.0 220.0 16.0 24.0
0 681.0 199.0 18.0 22.0
0 747.0 177.0 14.0 14.0
0 772.5 152.0 9.0 12.0
0 786.5 160.0 15.0 14.0
0 807.5 146.0 13.0 18.0
0 618.5 275.0 27.0 36.0
0 669.0 284.0 30.0 36.0
0 666.5 255.5 31.0 25.0
0 750.0 299.5 36.0 41.0
0 734.0 226.5 24.0 27.0
0 781.5 213.5 19.0 25.0
0 787.5 179.5 17.0 17.0
0 829.0 161.5 12.0 17.0
0 844.0 161.0 12.0 12.0
0 837.0 187.5 16.0 19.0
0 795.5 236.0 21.0 24.0
0 813.5 272.5 25.0 29.0
0 755.0 261.0 28.0 30.0
0 841.5 231.0 19.0 22.0
0 887.5 205.0 19.0 22.0
0 863.5 180.0 19.0 22.0
0 825.0 316.5 36.0 41.0
0 785.5 292.5 23.0 25.0
0 880.0 356.0 40.0 50.0
0 1021.5 365.5 31.0 45.0
0 1121.0 339.5 32.0 39.0
0 1037.0 321.5 30.0 39.0
0 955.0 307.5 36.0 43.0
0 906.0 280.5 32.0 33.0
0 849.5 254.5 29.0 23.0
0 996.5 258.0 25.0 26.0
0 1049.5 282.0 25.0 32.0
0 1124.5 280.5 19.0 25.0
0 1137.0 250.5 20.0 27.0
0 1132.5 223.5 15.0 15.0
0 1148.5 213.5 13.0 17.0
0 1149.0 195.5 16.0 17.0
0 1097.5 195.0 17.0 24.0
0 1070.0 221.5 18.0 25.0
0 1071.0 258.0 24.0 24.0
0 1041.5 219.5 19.0 23.0
0 994.0 234.0 20.0 20.0
0 994.5 211.0 17.0 22.0
0 938.0 199.0 18.0 20.0
0 1048.5 197.0 17.0 18.0
0 1069.0 177.5 14.0 19.0
0 1037.5 182.0 21.0 18.0
0 997.0 171.0 18.0 16.0
0 1009.0 194.5 16.0 21.0
0 960.0 168.5 22.0 19.0
0 956.5 182.5 17.0 15.0
0 903.0 168.0 14.0 16.0
0 914.5 156.0 15.0 18.0
0 920.0 188.5 16.0 17.0
0 899.5 186.0 15.0 16.0
0 925.5 173.0 13.0 14.0
