0 86.0 322.0 62.0 66.0
0 275.5 171.0 15.0 12.0
0 293.0 164.5 16.0 19.0
0 325.5 153.0 17.0 24.0
0 338.5 168.0 19.0 20.0
0 339.5 134.5 15.0 21.0
0 370.5 129.0 15.0 16.0
0 380.5 136.0 15.0 22.0
0 376.5 155.0 19.0 22.0
0 400.5 142.0 19.0 18.0
0 419.5 116.5 17.0 17.0
0 436.0 105.0 12.0 16.0
0 500.0 118.5 16.0 21.0
0 498.5 149.5 19.0 19.0
0 531.5 118.5 15.0 19.0
0 517.5 98.5 15.0 15.0
0 521.0 80.5 12.0 15.0
0 582.5 95.0 19.0 26.0
0 598.5 87.0 17.0 18.0
0 598.5 65.5 13.0 17.0
0 627.0 82.5 10.0 15.0
0 579.5 119.5 21.0 19.0
0 464.5 163.0 23.0 32.0
0 606.5 149.5 21.0 27.0
0 529.5 173.0 27.0 32.0
0 582.0 178.5 28.0 37.0
0 619.5 225.0 33.0 26.0
0 731.5 204.5 31.0 39.0
0 648.5 149.5 23.0 31.0
0 709.0 153.5 24.0 27.0
0 771.5 168.5 25.0 35.0
0 833.0 172.0 28.0 34.0
0 668.5 120.0 17.0 24.0
0 651.5 90.5 17.0 21.0
0 656.5 66.0 13.0 18.0
0 746.5 58.0 13.0 18.0
0 698.0 110.5 16.0 25.0
0 752.5 110.0 19.0 20.0
0 756.0 133.0 22.0 26.0
0 786.5 124.0 17.0 26.0
0 814.5 137.0 25.0 30.0
0 767.5 80.5 17.0 19.0
0 792.5 70.0 13.0 20.0
0 801.5 68.5 13.0 19.0
0 807.0 90.5 16.0 21.0
0 821.5 78.5 13.0 21.0
0 837.0 74.5 12.0 17.0
0 854.0 106.5 20.0 21.0
0 928.0 77.5 12.0 19.0
0 945.5 110.5 17.0 19.0
0 932.5 136.0 17.0 24.0
0 968.5 82.0 11.0 20.0
0 994.0 92.5 14.0 17.0
0 988.0 119.5 16.0 21.0
0 992.0 174.5 20.0 25.0
0 958.0 103.5 12.0 19.0
0 891.0 82.5 12.0 21.0
0 905.5 87.5 15.0 19.0
0 908.5 109.0 13.0 22.0
0 885.0 97.0 14.0 20.0
0 867.5 77.5 13.0 17.0
0 854.5 85.5 11.0 17.0
0 817.0 95.5 16.0 23.0
0 713.5 121.0 19.0 24.0
0 671.5 58.0 9.0 14.0
0 682.0 61.5 12.0 19.0
0 698.0 67.5 10.0 15.0
0 712.5 73.0 13.0 16.0
0 729.5 88.0 13.0 22.0
0 456.0 113.0 14.0 16.0
0 476.5 118.5 17.0 17.0
0 444.5 136.5 15.0 21.0
0 487.0 134.5 16.0 25.0
0 483.5 88.5 11.0 15.0
0 484.0 102.0 14.0 18.0
0 546.0 101.5 16.0 19.0
0 621.0 96.0 14.0 24.0
0 639.0 61.0 14.0 18.0
0 784.5 99.5 15.0 23.0
