0 164.0 394.0 46.0 48.0
0 273.5 249.0 21.0 24.0
0 318.0 252.5 24.0 27.0
0 357.5 258.5 21.0 27.0
0 391.5 278.0 25.0 28.0
0 353.5 213.0 19.0 24.0
0 434.5 239.5 17.0 23.0
0 438.0 210.0 16.0 20.0
0 487.0 232.5 16.0 23.0
0 479.0 186.5 18.0 17.0
0 504.5 188.0 15.0 14.0
0 508.0 206.5 18.0 17.0
0 510.0 232.0 22.0 26.0
0 538.0 250.5 22.0 25.0
0 529.0 195.0 16.0 18.0
0 539.0 213.5 18.0 21.0
0 578.0 218.0 18.0 18.0
0 527.0 175.5 16.0 17.0
0 556.5 175.0 13.0 16.0
0 581.0 162.5 12.0 15.0
0 610.5 187.0 17.0 18.0
0 646.5 191.0 19.0 20.0
0 635.5 177.5 11.0 15.0
0 637.5 165.5 15.0 13.0
0 660.0 181.0 18.0 22.0
0 682.0 199.0 16.0 20.0
0 627.0 231.0 20.0 24.0
0 701.5 188.0 19.0 22.0
0 677.5 160.0 17.0 20.0
0 706.5 169.5 13.0 15.0
0 706.0 154.0 14.0 14.0
0 732.5 172.0 17.0 18.0
0 740.5 156.5 13.0 17.0
0 752.0 143.5 12.0 17.0
0 766.5 155.0 15.0 16.0
0 771.5 179.0 17.0 16.0
0 821.5 142.5 13.0 17.0
0 826.0 163.5 12.0 17.0
0 837.0 157.0 12.0 18.0
0 581.5 284.0 27.0 32.0
0 644.5 295.5 29.0 33.0
0 655.0 263.0 24.0 26.0
0 722.0 261.0 26.0 36.0
0 729.5 229.0 21.0 24.0
0 778.5 208.0 17.0 22.0
0 823.5 200.5 19.0 21.0
0 791.0 239.0 20.0 26.0
0 705.0 308.5 32.0 43.0
0 791.0 329.5 34.0 45.0
0 859.0 347.0 38.0 46.0
0 995.0 385.0 32.0 48.0
0 818.5 262.5 27.0 35.0
0 847.5 249.0 23.0 32.0
0 853.0 209.0 18.0 24.0
0 872.0 201.0 18.0 24.0
0 864.0 179.0 14.0 18.0
0 905.5 175.0 15.0 22.0
0 916.0 162.5 14.0 17.0
0 949.5 185.5 19.0 23.0
0 957.5 168.5 19.0 19.0
0 934.0 208.0 20.0 26.0
0 896.5 278.5 27.0 33.0
0 998.5 209.5 15.0 17.0
0 1026.5 184.5 17.0 21.0
0 1052.0 190.0 20.0 24.0
0 1066.5 180.0 13.0 20.0
0 1037.0 217.0 20.0 26.0
0 994.0 254.0 22.0 28.0
0 1007.0 245.0 20.0 26.0
0 955.0 293.5 26.0 41.0
0 1032.0 323.0 32.0 42.0
0 1109.5 335.0 29.0 42.0
0 1092.0 285.5 26.0 33.0
0 1044.0 280.0 24.0 36.0
0 1069.0 270.0 20.0 26.0
0 1086.0 233.0 20.0 28.0
0 1120.5 223.5 15.0 23.0
0 1139.0 243.5 20.0 29.0
0 1148.5 265.5 21.0 25.0
0 1142.5 217.0 15.0 22.0
0 1144.5 187.5 15.0 23.0
0 1099.0 195.5 22.0 23.0
