0 152.5 375.0 63.0 62.0
0 273.0 246.5 30.0 33.0
0 305.5 262.5 27.0 31.0
0 350.0 273.5 26.0 27.0
0 400.5 260.5 35.0 33.0
0 355.0 212.0 22.0 22.0
0 426.0 235.0 22.0 24.0
0 423.5 211.0 23.0 24.0
0 491.5 235.5 25.0 31.0
0 469.5 187.5 15.0 19.0
0 486.5 197.5 15.0 17.0
0 491.0 214.0 22.0 22.0
0 523.0 235.5 20.0 19.0
0 539.0 247.5 28.0 25.0
0 518.5 220.0 19.0 20.0
0 515.0 186.5 20.0 21.0
0 536.5 186.0 21.0 24.0
0 554.0 193.5 18.0 25.0
0 556.5 172.5 15.0 19.0
0 568.5 166.5 21.0 17.0
0 562.0 225.5 26.0 27.0
0 604.0 234.5 30.0 33.0
0 605.5 195.0 25.0 26.0
0 630.0 196.0 24.0 26.0
0 632.0 176.5 20.0 21.0
0 668.5 204.5 23.0 29.0
0 668.0 177.5 18.0 21.0
0 666.5 160.5 19.0 19.0
0 692.0 180.5 20.0 25.0
0 689.5 160.0 19.0 20.0
0 723.5 180.0 21.0 20.0
0 758.0 183.0 22.0 24.0
0 728.0 163.5 18.0 19.0
0 737.5 150.5 17.0 19.0
0 763.0 148.0 20.0 20.0
0 776.0 161.0 18.0 20.0
0 806.5 151.5 15.0 21.0
0 816.5 164.0 15.0 22.0
0 827.0 157.0 14.0 18.0
0 580.0 288.0 40.0 46.0
0 654.5 257.0 31.0 34.0
0 660.0 285.0 36.0 40.0
0 721.0 309.0 40.0 44.0
0 777.0 330.0 50.0 48.0
0 744.0 259.5 30.0 35.0
0 727.5 235.0 27.0 30.0
0 763.5 210.5 31.0 35.0
0 810.0 197.5 22.0 27.0
0 844.5 214.0 29.0 32.0
0 855.0 179.0 24.0 28.0
0 890.5 171.0 15.0 22.0
0 899.0 185.0 20.0 24.0
0 908.0 165.5 16.0 21.0
0 851.5 384.0 45.0 50.0
0 793.5 269.5 39.0 47.0
0 782.5 245.0 31.0 32.0
0 835.0 257.0 30.0 34.0
0 874.5 287.0 39.0 46.0
0 934.0 309.0 38.0 44.0
0 998.5 356.0 45.0 64.0
0 1015.0 315.5 38.0 51.0
0 984.0 254.5 30.0 39.0
0 1001.5 242.0 25.0 34.0
0 987.5 216.5 25.0 29.0
0 943.5 200.5 21.0 25.0
0 924.5 186.5 21.0 19.0
0 944.0 183.5 20.0 17.0
0 948.5 169.0 19.0 22.0
0 982.0 175.0 20.0 26.0
0 988.5 187.5 21.0 23.0
0 1017.5 185.5 21.0 23.0
0 1036.0 200.5 22.0 27.0
0 1027.5 230.5 25.0 35.0
0 1053.0 237.5 22.0 35.0
0 1043.0 282.5 34.0 43.0
0 1104.5 321.5 39.0 49.0
0 1119.5 264.0 29.0 40.0
0 1106.0 234.0 24.0 28.0
0 1079.0 229.5 20.0 25.0
0 1086.5 202.5 17.0 27.0
0 1064.5 181.5 19.0 27.0
0 1126.5 230.5 25.0 31.0
0 1132.0 212.0 14.0 20.0
0 1140.0 203.0 16.0 18.0
