0 98.0 121.5 10.0 15.0
0 180.0 193.5 36.0 45.0
0 201.0 176.0 32.0 40.0
0 353.0 107.0 16.0 16.0
0 396.0 57.5 12.0 15.0
0 402.0 53.0 8.0 10.0
0 408.0 49.5 6.0 9.0
0 392.0 114.5 24.0 29.0
0 433.0 95.5 14.0 17.0
0 451.0 98.0 14.0 18.0
0 906.0 104.0 10.0 12.0
0 901.5 92.5 11.0 15.0
0 913.5 94.5 9.0 11.0
0 879.5 99.5 11.0 15.0
0 841.5 83.0 13.0 22.0
0 819.0 81.0 14.0 20.0
0 849.5 86.5 11.0 11.0
0 747.5 70.0 9.0 14.0
0 761.5 212.0 41.0 58.0
0 583.0 65.5 18.0 21.0
0 662.0 37.0 10.0 12.0
0 630.0 40.0 10.0 12.0
0 614.5 39.0 11.0 12.0
0 591.0 40.0 10.0 12.0
0 573.0 33.0 12.0 12.0
0 540.0 41.0 12.0 10.0
0 527.5 35.0 9.0 8.0
0 511.5 35.5 7.0 9.0
0 618.0 117.0 16.0 16.0
