0 198.5 380.0 53.0 60.0
0 274.0 256.0 30.0 32.0
0 331.5 243.5 29.0 29.0
0 360.5 216.5 21.0 25.0
0 369.0 253.5 26.0 31.0
0 418.5 262.0 31.0 32.0
0 432.5 239.0 27.0 30.0
0 444.0 212.0 22.0 22.0
0 482.5 196.0 19.0 22.0
0 505.0 210.5 22.0 23.0
0 473.5 235.5 23.0 27.0
0 505.5 244.5 29.0 37.0
0 511.0 189.0 24.0 22.0
0 531.5 178.0 19.0 20.0
0 544.5 196.0 19.0 24.0
0 543.0 218.5 24.0 29.0
0 581.5 237.5 29.0 31.0
0 584.0 214.5 26.0 25.0
0 574.5 195.0 19.0 22.0
0 564.5 177.5 21.0 17.0
0 585.0 162.5 18.0 17.0
0 622.0 187.5 26.0 25.0
0 638.0 170.5 16.0 17.0
0 645.5 178.5 17.0 17.0
0 652.0 192.5 18.0 23.0
0 664.5 179.0 21.0 24.0
0 691.0 198.0 26.0 26.0
0 710.0 173.0 20.0 24.0
0 696.5 155.0 15.0 20.0
0 713.5 154.0 19.0 20.0
0 736.0 159.5 18.0 21.0
0 760.5 147.0 17.0 22.0
0 776.0 152.0 18.0 16.0
0 628.0 235.0 26.0 32.0
0 575.0 291.0 34.0 36.0
0 668.0 286.5 34.0 39.0
0 668.0 258.5 28.0 29.0
0 739.5 258.0 29.0 38.0
0 737.5 229.0 29.0 30.0
0 717.5 315.0 37.0 52.0
0 785.0 344.5 44.0 55.0
0 873.5 356.0 53.0 58.0
0 822.0 261.5 34.0 41.0
0 798.5 243.0 21.0 30.0
0 782.0 213.5 24.0 29.0
0 788.0 181.0 22.0 24.0
0 741.5 181.0 15.0 20.0
0 815.0 168.0 20.0 18.0
0 825.5 150.0 13.0 18.0
0 840.0 159.5 16.0 21.0
0 827.5 197.5 21.0 29.0
0 871.5 213.0 29.0 30.0
0 873.5 178.5 17.0 23.0
0 840.5 227.0 25.0 30.0
0 853.0 247.0 26.0 34.0
0 905.0 186.0 20.0 30.0
0 919.5 175.0 13.0 16.0
0 914.0 169.0 16.0 20.0
0 932.0 216.0 24.0 30.0
0 939.5 190.0 19.0 22.0
0 952.5 206.5 17.0 21.0
0 965.0 175.5 18.0 21.0
0 1000.0 175.5 18.0 23.0
0 1006.5 215.0 19.0 28.0
0 1008.5 191.0 21.0 18.0
0 1037.0 187.0 16.0 24.0
0 1054.0 187.0 16.0 20.0
0 1047.5 203.5 19.0 23.0
0 1047.5 228.5 27.0 29.0
0 997.5 257.0 27.0 30.0
0 1014.0 246.0 22.0 30.0
0 907.5 287.0 33.0 44.0
0 957.5 317.5 35.0 43.0
0 1039.0 318.5 40.0 39.0
0 1058.0 269.0 26.0 38.0
0 1078.5 260.5 25.0 37.0
0 1096.0 231.5 20.0 25.0
0 1103.5 197.5 19.0 29.0
0 1078.5 183.0 17.0 26.0
0 1129.0 224.0 18.0 24.0
0 1143.0 201.5 16.0 21.0
0 1148.5 214.5 19.0 17.0
0 1143.5 227.5 17.0 25.0
0 1139.5 255.0 29.0 30.0
0 1131.5 291.0 33.0 38.0
0 1132.0 336.5 42.0 53.0
0 995.5 380.5 41.0 55.0
