0 188.0 396.0 46.0 46.0
0 274.5 250.5 21.0 25.0
0 323.5 250.5 25.0 25.0
0 357.0 220.0 22.0 20.0
0 358.0 261.5 22.0 25.0
0 393.0 276.5 28.0 29.0
0 441.5 212.0 23.0 22.0
0 471.5 240.5 19.0 21.0
0 431.5 243.0 21.0 20.0
0 503.0 242.0 26.0 22.0
0 502.5 214.0 19.0 16.0
0 507.0 190.0 16.0 18.0
0 489.0 182.5 18.0 23.0
0 570.0 299.0 30.0 40.0
0 591.0 240.0 24.0 26.0
0 625.5 326.0 31.0 40.0
0 708.0 328.0 36.0 48.0
0 788.0 345.5 32.0 49.0
0 843.0 371.0 46.0 46.0
0 985.0 383.0 32.0 52.0
0 951.5 311.5 27.0 41.0
0 912.5 290.0 27.0 40.0
0 808.5 264.5 33.0 35.0
0 736.5 268.0 35.0 30.0
0 661.5 264.5 29.0 29.0
0 623.0 233.5 20.0 25.0
0 705.0 197.5 18.0 23.0
0 779.0 218.0 14.0 22.0
0 737.5 234.0 21.0 28.0
0 539.5 219.0 17.0 18.0
0 570.0 199.5 18.0 15.0
0 645.5 199.0 17.0 18.0
0 623.5 195.5 23.0 19.0
0 667.5 179.5 15.0 19.0
0 708.0 173.0 18.0 14.0
0 752.5 145.0 15.0 20.0
0 770.5 154.5 11.0 21.0
0 810.0 153.5 12.0 21.0
0 837.0 160.5 20.0 23.0
0 874.5 177.0 15.0 26.0
0 902.5 187.5 19.0 29.0
0 916.5 172.5 13.0 25.0
0 954.0 169.0 16.0 24.0
0 997.0 174.0 18.0 22.0
0 1003.5 214.0 21.0 22.0
0 930.0 213.0 24.0 26.0
0 869.5 213.0 23.0 26.0
0 823.5 202.0 23.0 22.0
0 841.0 225.5 22.0 21.0
0 848.0 254.5 26.0 29.0
0 781.0 185.0 18.0 20.0
0 750.0 174.0 16.0 18.0
0 706.5 154.0 13.0 20.0
0 687.0 159.5 22.0 15.0
0 1037.5 332.5 37.0 41.0
0 1126.5 327.5 27.0 37.0
0 1132.0 289.5 28.0 29.0
0 1050.5 284.5 25.0 37.0
0 995.5 261.5 21.0 35.0
0 1015.5 245.5 19.0 29.0
0 1036.5 230.0 17.0 20.0
0 1054.0 221.5 14.0 21.0
0 1092.5 236.0 17.0 22.0
0 1072.5 274.0 17.0 24.0
0 1138.0 250.5 22.0 29.0
0 1149.0 190.0 18.0 16.0
0 1146.0 210.5 18.0 15.0
0 1105.0 202.0 18.0 22.0
0 1071.0 185.5 14.0 21.0
0 1046.5 192.5 23.0 19.0
0 557.0 184.5 18.0 19.0
0 552.0 176.0 14.0 16.0
0 581.5 172.0 17.0 16.0
0 639.5 180.5 13.0 15.0
0 809.5 172.5 17.0 21.0
0 941.5 189.0 15.0 18.0
0 950.0 206.5 18.0 21.0
0 798.5 243.0 23.0 32.0
0 1142.0 236.0 20.0 28.0
