0 212.5 348.5 59.0 55.0
0 1133.0 101.5 20.0 25.0
0 813.0 72.5 22.0 21.0
0 832.0 78.0 22.0 22.0
0 870.5 80.0 19.0 20.0
0 936.5 87.0 19.0 22.0
0 995.5 86.0 19.0 26.0
0 1013.5 91.0 15.0 22.0
0 1053.5 93.0 21.0 24.0
0 1091.5 102.0 15.0 20.0
0 1044.5 103.5 23.0 21.0
0 709.5 89.0 21.0 18.0
0 730.5 97.0 27.0 22.0
0 907.0 98.5 22.0 23.0
0 784.0 88.0 18.0 22.0
0 810.0 100.5 20.0 21.0
0 928.5 110.0 23.0 22.0
0 958.5 110.0 19.0 28.0
0 980.5 111.0 19.0 24.0
0 1011.5 122.0 19.0 22.0
0 1031.5 122.5 21.0 27.0
0 1070.5 123.5 31.0 31.0
0 1119.5 139.5 23.0 21.0
0 1143.0 160.5 20.0 25.0
0 1084.5 158.0 23.0 30.0
0 1036.0 167.5 26.0 31.0
0 913.5 136.0 29.0 26.0
0 962.5 162.5 29.0 33.0
0 861.0 135.0 26.0 22.0
0 618.0 97.0 18.0 18.0
0 636.5 99.0 19.0 18.0
0 668.0 101.0 20.0 20.0
0 761.0 106.5 24.0 27.0
0 702.0 110.0 24.0 22.0
0 730.5 121.5 21.0 19.0
0 560.5 113.0 17.0 20.0
0 587.0 112.0 18.0 22.0
0 630.5 138.0 25.0 28.0
0 675.5 136.0 29.0 30.0
0 770.5 164.0 29.0 32.0
0 515.5 143.0 17.0 24.0
0 563.5 139.5 17.0 23.0
0 625.0 164.0 28.0 30.0
0 697.5 175.5 33.0 35.0
0 771.0 193.0 26.0 30.0
0 833.5 188.5 27.0 37.0
0 944.0 177.0 30.0 34.0
0 872.0 168.0 28.0 32.0
0 970.5 218.5 31.0 35.0
0 1022.5 188.0 29.0 28.0
0 1053.0 219.5 40.0 41.0
0 1133.5 252.5 23.0 37.0
0 1083.0 186.5 30.0 37.0
0 1151.0 212.5 30.0 31.0
0 1049.0 253.0 36.0 46.0
0 1099.0 313.0 50.0 64.0
0 766.5 237.0 43.0 42.0
0 673.0 205.5 32.0 37.0
0 557.0 162.5 22.0 21.0
0 428.0 160.0 24.0 28.0
0 446.5 159.5 23.0 27.0
0 391.0 170.5 22.0 25.0
0 363.5 195.0 23.0 26.0
0 413.5 210.0 27.0 28.0
0 448.5 214.0 25.0 24.0
0 529.0 186.5 28.0 25.0
0 1179.5 125.5 17.0 23.0
0 1159.0 154.5 18.0 21.0
0 835.5 98.0 25.0 22.0
0 501.5 171.5 23.0 23.0
0 470.0 169.5 22.0 29.0
0 567.0 125.0 12.0 22.0
0 830.5 155.5 27.0 29.0
0 735.5 84.0 15.0 18.0
