0 29.5 277.0 29.0 36.0
0 282.0 233.5 22.0 23.0
0 318.5 237.5 25.0 27.0
0 349.5 254.0 25.0 28.0
0 348.0 209.0 20.0 26.0
0 413.0 250.0 24.0 26.0
0 434.5 199.5 19.0 23.0
0 451.0 222.5 18.0 29.0
0 470.0 233.5 18.0 21.0
0 501.5 233.0 25.0 26.0
0 496.0 205.0 22.0 24.0
0 488.0 190.5 18.0 19.0
0 472.0 177.0 18.0 18.0
0 516.5 179.0 15.0 18.0
0 522.0 192.5 18.0 19.0
0 537.0 209.5 22.0 23.0
0 551.0 232.0 24.0 28.0
0 575.5 209.0 21.0 18.0
0 557.5 168.5 13.0 19.0
0 572.5 162.0 15.0 18.0
0 600.0 181.5 18.0 23.0
0 633.0 170.0 18.0 14.0
0 629.0 187.5 18.0 21.0
0 676.5 194.5 15.0 19.0
0 650.5 180.5 17.0 19.0
0 631.0 213.0 20.0 24.0
0 623.5 163.5 15.0 13.0
0 671.0 155.5 16.0 17.0
0 698.5 151.0 15.0 14.0
0 682.5 177.0 19.0 18.0
0 695.5 167.0 17.0 18.0
0 609.5 272.0 37.0 40.0
0 658.5 250.5 29.0 33.0
0 663.0 279.5 32.0 39.0
0 727.0 224.0 28.0 28.0
0 735.0 151.5 16.0 17.0
0 746.0 139.5 14.0 19.0
0 744.5 171.0 19.0 22.0
0 763.0 147.5 12.0 17.0
0 759.5 162.0 15.0 20.0
0 776.5 156.0 15.0 20.0
0 797.5 150.0 13.0 18.0
0 814.5 153.5 13.0 19.0
0 786.0 168.5 20.0 19.0
0 822.0 184.5 22.0 25.0
0 836.0 157.0 14.0 22.0
0 770.0 205.5 24.0 29.0
0 789.5 229.0 23.0 28.0
0 805.0 253.0 30.0 34.0
0 746.5 257.5 33.0 35.0
0 745.5 295.5 35.0 41.0
0 815.5 310.0 41.0 46.0
0 837.5 243.0 31.0 36.0
0 854.0 178.5 18.0 23.0
0 875.0 197.5 20.0 27.0
0 893.5 172.0 15.0 20.0
0 902.5 151.5 15.0 21.0
0 908.5 183.5 15.0 19.0
0 928.5 174.5 17.0 21.0
0 930.0 192.0 18.0 24.0
0 953.0 157.0 16.0 24.0
0 942.5 180.5 17.0 27.0
0 985.0 169.5 18.0 25.0
0 1024.0 176.5 14.0 21.0
0 1045.0 182.0 14.0 22.0
0 1062.0 170.0 14.0 22.0
0 1093.5 189.0 17.0 22.0
0 1138.0 192.5 14.0 17.0
0 1135.5 211.5 17.0 21.0
0 1122.5 218.5 19.0 21.0
0 1127.5 241.5 21.0 29.0
0 1068.0 214.5 18.0 25.0
0 1039.0 196.0 16.0 22.0
0 1025.0 213.0 26.0 26.0
0 992.0 210.0 18.0 24.0
0 984.0 235.0 20.0 24.0
0 990.0 249.0 28.0 34.0
0 1060.0 234.0 20.0 30.0
0 1114.0 271.5 26.0 35.0
0 1046.0 286.0 28.0 30.0
0 1103.0 321.5 36.0 43.0
0 1026.5 307.0 37.0 44.0
0 1009.0 343.0 38.0 48.0
0 895.5 274.0 33.0 34.0
0 955.5 277.5 33.0 41.0
0 868.5 349.0 49.0 56.0
