0 863.5 67.0 11.0 14.0
0 890.0 71.5 8.0 15.0
0 876.5 83.5 11.0 17.0
0 912.5 84.0 13.0 16.0
0 928.0 83.0 10.0 14.0
0 953.5 89.0 7.0 12.0
0 949.0 116.0 16.0 22.0
0 955.5 134.5 15.0 23.0
0 907.5 105.5 17.0 23.0
0 900.0 114.0 18.0 22.0
0 889.0 148.5 20.0 23.0
0 939.0 170.5 22.0 35.0
0 920.5 209.5 23.0 37.0
0 868.5 169.5 27.0 37.0
0 816.0 211.5 28.0 37.0
0 789.0 153.0 24.0 32.0
0 768.0 192.5 30.0 39.0
0 833.0 76.5 16.0 21.0
0 840.5 84.5 15.0 21.0
0 815.0 81.0 14.0 20.0
0 847.5 113.0 15.0 26.0
0 830.5 140.5 21.0 27.0
0 799.5 110.5 23.0 31.0
0 758.5 103.5 17.0 23.0
0 770.5 125.5 21.0 29.0
0 727.0 129.5 18.0 25.0
0 715.5 163.0 25.0 28.0
0 707.5 180.5 31.0 39.0
0 712.0 107.5 20.0 23.0
0 688.0 98.5 16.0 23.0
0 679.5 119.0 19.0 26.0
0 709.0 85.0 16.0 16.0
0 719.0 56.5 10.0 13.0
0 690.5 59.5 11.0 13.0
0 610.0 60.0 10.0 14.0
0 634.5 58.0 11.0 12.0
0 654.5 59.5 11.0 13.0
0 671.5 67.0 11.0 14.0
0 663.5 76.0 11.0 14.0
0 617.5 87.5 13.0 15.0
0 626.0 73.5 12.0 13.0
0 570.5 64.5 11.0 13.0
0 576.0 72.5 12.0 15.0
0 589.0 94.0 12.0 16.0
0 543.0 74.0 10.0 12.0
0 560.0 98.5 14.0 17.0
0 534.0 95.5 14.0 15.0
0 523.0 75.5 8.0 13.0
0 485.0 90.5 12.0 17.0
0 462.5 87.5 9.0 13.0
0 458.5 106.0 13.0 16.0
0 456.5 129.0 17.0 22.0
0 493.5 105.0 13.0 20.0
0 504.0 91.5 14.0 17.0
0 502.5 110.5 17.0 21.0
0 502.0 173.5 26.0 29.0
0 536.0 113.5 14.0 25.0
0 548.0 187.5 26.0 31.0
0 575.5 149.5 21.0 27.0
0 631.5 117.5 17.0 23.0
0 625.0 184.0 24.0 32.0
0 262.0 151.0 14.0 20.0
0 286.5 144.5 15.0 15.0
0 337.0 118.0 16.0 18.0
0 372.5 111.0 11.0 18.0
0 368.5 139.0 25.0 30.0
0 397.0 155.5 14.0 21.0
0 419.0 106.0 16.0 20.0
0 403.5 122.5 15.0 23.0
0 399.5 114.0 15.0 20.0
