0 67.0 167.0 26.0 30.0
0 289.5 125.0 19.0 22.0
0 318.0 126.5 14.0 17.0
0 335.5 128.5 15.0 21.0
0 368.5 129.5 21.0 23.0
0 382.5 151.0 23.0 26.0
0 363.0 101.5 16.0 19.0
0 384.0 109.0 16.0 18.0
0 384.0 96.5 16.0 17.0
0 402.0 115.5 18.0 23.0
0 420.0 139.5 24.0 21.0
0 444.0 146.5 22.0 25.0
0 430.5 119.0 19.0 20.0
0 415.0 98.0 18.0 18.0
0 444.0 107.0 16.0 22.0
0 436.5 90.0 17.0 18.0
0 468.5 107.5 17.0 21.0
0 480.5 117.0 19.0 22.0
0 465.0 89.5 14.0 19.0
0 498.0 85.5 16.0 19.0
0 489.0 81.5 16.0 17.0
0 492.0 110.5 18.0 19.0
0 544.5 99.5 19.0 23.0
0 578.5 108.0 17.0 22.0
0 584.5 94.0 17.0 18.0
0 516.5 88.0 15.0 20.0
0 534.0 77.0 14.0 18.0
0 548.5 72.5 13.0 17.0
0 570.5 83.5 15.0 17.0
0 555.5 94.5 15.0 17.0
0 579.0 70.5 16.0 17.0
0 607.0 98.5 20.0 23.0
0 619.0 94.5 14.0 17.0
0 619.5 63.5 11.0 13.0
0 627.5 78.5 13.0 15.0
0 645.5 77.5 17.0 21.0
0 656.5 64.0 11.0 12.0
0 672.0 66.0 14.0 20.0
0 671.0 85.5 18.0 19.0
0 678.5 103.0 21.0 22.0
0 697.0 64.0 12.0 16.0
0 706.0 70.5 14.0 17.0
0 731.0 70.0 14.0 20.0
0 757.0 84.0 20.0 20.0
0 775.5 82.5 13.0 19.0
0 766.0 108.0 20.0 22.0
0 730.5 100.0 15.0 20.0
0 710.0 126.5 20.0 25.0
0 634.5 122.0 19.0 26.0
0 614.5 131.0 23.0 28.0
0 658.0 145.5 22.0 33.0
0 730.5 150.0 25.0 32.0
0 746.0 140.0 20.0 24.0
0 736.5 188.5 33.0 43.0
0 795.0 209.0 32.0 38.0
0 824.0 163.0 28.0 36.0
0 785.5 151.0 25.0 28.0
0 829.5 119.5 19.0 21.0
0 869.0 149.0 24.0 30.0
0 802.5 79.0 9.0 14.0
0 808.5 86.5 13.0 17.0
0 824.5 96.5 15.0 17.0
0 836.0 75.5 12.0 17.0
0 851.5 80.5 11.0 15.0
0 852.5 113.0 17.0 20.0
0 860.5 96.0 13.0 18.0
0 875.0 95.0 14.0 22.0
0 892.0 85.0 12.0 18.0
0 902.5 98.5 19.0 23.0
0 877.5 128.5 25.0 23.0
0 892.0 134.5 18.0 21.0
0 928.5 132.5 19.0 25.0
0 965.5 158.0 21.0 28.0
0 971.5 133.5 15.0 23.0
0 939.5 113.0 13.0 20.0
0 934.5 94.0 15.0 18.0
0 975.5 104.5 11.0 15.0
0 975.5 120.5 15.0 19.0
0 962.5 210.5 29.0 41.0
