0 1197.5 141.0 15.0 22.0
0 1180.0 156.0 16.0 22.0
0 1133.5 165.0 17.0 28.0
0 1127.5 131.0 17.0 24.0
0 1105.0 138.0 16.0 24.0
0 1143.5 142.5 15.0 27.0
0 1248.5 153.0 11.0 22.0
0 1236.5 176.5 15.0 23.0
0 1231.5 197.5 15.0 27.0
0 1238.0 214.0 18.0 26.0
0 1173.5 203.5 21.0 33.0
0 1209.5 223.0 23.0 40.0
0 1206.0 261.5 22.0 45.0
0 1091.5 202.5 23.0 35.0
0 1112.5 255.5 25.0 47.0
0 1078.5 300.0 31.0 52.0
0 1028.0 110.5 16.0 23.0
0 1040.0 130.5 18.0 25.0
0 1057.5 124.0 19.0 24.0
0 1025.0 146.0 20.0 28.0
0 1036.5 181.5 21.0 35.0
0 980.0 109.0 14.0 20.0
0 963.0 114.0 16.0 20.0
0 989.5 120.5 19.0 23.0
0 974.0 166.5 24.0 35.0
0 946.5 134.5 21.0 31.0
0 931.0 129.0 18.0 22.0
0 918.5 153.0 25.0 32.0
0 878.0 124.0 22.0 28.0
0 879.5 82.0 15.0 22.0
0 906.0 91.5 16.0 25.0
0 873.5 93.0 17.0 24.0
0 847.5 135.5 23.0 31.0
0 921.0 240.0 32.0 44.0
0 840.0 241.0 30.0 42.0
0 1020.5 276.0 41.0 52.0
0 833.0 76.0 14.0 20.0
0 804.0 74.5 18.0 21.0
0 826.0 87.5 16.0 21.0
0 835.5 107.0 17.0 22.0
0 754.0 72.0 14.0 22.0
0 741.0 80.0 16.0 20.0
0 750.5 94.5 17.0 21.0
0 774.5 90.0 17.0 20.0
0 780.0 103.0 16.0 22.0
0 784.5 118.0 17.0 28.0
0 770.0 178.5 26.0 35.0
0 742.0 116.5 18.0 27.0
0 710.5 80.0 17.0 20.0
0 706.0 91.5 18.0 19.0
0 671.0 95.0 20.0 20.0
0 706.5 127.5 19.0 25.0
0 739.0 200.0 32.0 36.0
0 771.0 219.5 30.0 35.0
0 647.0 34.5 18.0 17.0
0 581.0 93.0 16.0 22.0
0 613.0 98.0 18.0 26.0
0 629.5 90.0 15.0 20.0
0 631.5 122.5 19.0 27.0
0 611.0 140.0 24.0 32.0
0 555.0 117.5 18.0 25.0
0 535.5 104.5 17.0 23.0
0 505.0 140.5 20.0 29.0
0 567.5 177.5 29.0 35.0
0 478.0 107.5 20.0 23.0
0 457.0 123.5 18.0 27.0
0 472.5 157.5 23.0 33.0
0 407.5 124.5 23.0 27.0
0 407.0 142.0 20.0 24.0
0 456.5 148.0 27.0 22.0
0 335.0 148.0 18.0 26.0
0 295.0 155.5 14.0 25.0
0 311.0 158.0 22.0 26.0
0 134.5 332.5 53.0 65.0
