0 351.5 178.5 21.0 29.0
0 365.0 184.5 22.0 23.0
0 394.5 184.0 25.0 26.0
0 402.5 211.0 33.0 28.0
0 420.0 189.0 24.0 26.0
0 420.0 159.5 22.0 29.0
0 478.0 182.5 26.0 27.0
0 484.5 220.0 35.0 34.0
0 477.5 145.5 21.0 25.0
0 522.0 164.0 30.0 26.0
0 535.0 140.0 24.0 28.0
0 586.0 116.0 22.0 26.0
0 609.0 159.0 28.0 34.0
0 660.0 146.5 30.0 27.0
0 647.0 109.5 20.0 25.0
0 669.5 129.0 23.0 24.0
0 712.0 127.0 24.0 26.0
0 710.5 106.5 23.0 23.0
0 739.0 108.0 20.0 24.0
0 739.0 74.5 20.0 19.0
0 775.0 89.0 20.0 20.0
0 781.0 104.0 20.0 26.0
0 635.5 216.5 29.0 45.0
0 693.5 217.5 35.0 43.0
0 706.5 187.0 37.0 36.0
0 751.5 188.5 31.0 37.0
0 757.5 159.5 25.0 31.0
0 811.0 131.5 26.0 29.0
0 821.0 164.5 32.0 31.0
0 816.0 186.5 26.0 33.0
0 822.5 221.0 37.0 48.0
0 881.0 163.5 30.0 37.0
0 911.5 177.5 33.0 41.0
0 923.0 132.5 26.0 31.0
0 902.5 113.0 23.0 30.0
0 858.0 121.5 26.0 27.0
0 964.5 97.0 19.0 20.0
0 957.0 130.0 26.0 24.0
0 978.0 140.5 26.0 29.0
0 953.5 159.5 27.0 33.0
0 989.5 203.5 37.0 43.0
0 960.5 260.0 39.0 48.0
0 1021.0 171.0 26.0 34.0
0 1036.5 154.5 23.0 33.0
0 1015.5 132.0 23.0 32.0
0 1006.5 103.0 21.0 24.0
0 1032.0 111.0 20.0 26.0
0 1058.0 138.5 20.0 29.0
0 1079.0 118.0 18.0 22.0
0 1105.0 143.0 20.0 24.0
0 1092.0 182.5 28.0 43.0
0 1062.5 212.5 35.0 45.0
0 1143.0 196.5 28.0 35.0
