0 33.0 284.0 32.0 36.0
0 289.0 235.5 22.0 23.0
0 325.5 240.5 27.0 31.0
0 358.0 252.0 28.0 30.0
0 358.5 211.5 19.0 25.0
0 418.5 253.0 29.0 30.0
0 441.0 201.5 16.0 21.0
0 469.0 243.5 22.0 27.0
0 460.5 224.5 21.0 23.0
0 508.5 237.0 23.0 26.0
0 548.0 236.5 30.0 35.0
0 544.5 214.5 27.0 27.0
0 531.0 197.0 22.0 24.0
0 506.0 204.5 20.0 25.0
0 496.5 190.5 17.0 19.0
0 480.5 179.0 17.0 20.0
0 581.5 211.0 25.0 26.0
0 566.0 169.5 16.0 21.0
0 581.0 166.5 22.0 23.0
0 614.0 183.5 22.0 21.0
0 633.0 194.0 26.0 26.0
0 638.0 171.5 16.0 17.0
0 659.0 185.0 20.0 22.0
0 685.5 198.5 23.0 27.0
0 678.0 155.5 18.0 17.0
0 694.5 178.0 19.0 18.0
0 707.0 167.5 16.0 17.0
0 700.5 152.5 15.0 17.0
0 741.5 169.5 19.0 23.0
0 742.5 154.0 17.0 20.0
0 752.0 140.0 18.0 20.0
0 771.5 150.0 15.0 18.0
0 784.5 159.0 17.0 18.0
0 793.5 171.5 17.0 21.0
0 803.5 162.5 19.0 19.0
0 807.5 149.0 15.0 20.0
0 824.0 157.0 16.0 22.0
0 841.5 159.0 19.0 18.0
0 620.0 269.5 32.0 43.0
0 639.0 228.0 28.0 28.0
0 671.0 283.0 38.0 38.0
0 663.0 260.5 36.0 31.0
0 735.5 226.0 33.0 34.0
0 744.5 263.0 35.0 34.0
0 753.5 298.0 41.0 40.0
0 822.5 315.0 45.0 50.0
0 873.5 343.0 51.0 58.0
0 799.0 231.0 26.0 30.0
0 778.0 212.5 22.0 25.0
0 826.0 186.5 20.0 27.0
0 861.5 180.5 19.0 23.0
0 890.0 192.5 22.0 25.0
0 847.5 237.5 29.0 35.0
0 814.5 253.5 33.0 39.0
0 907.5 278.0 33.0 36.0
0 968.0 278.0 38.0 40.0
0 994.5 259.5 29.0 33.0
0 1051.0 288.5 32.0 31.0
0 1038.0 318.5 48.0 47.0
0 1026.0 358.0 40.0 48.0
0 1108.0 324.5 34.0 45.0
0 1124.5 275.0 27.0 36.0
0 1134.5 249.0 29.0 36.0
0 1126.5 218.0 25.0 28.0
0 1145.0 196.0 20.0 22.0
0 1093.5 198.5 23.0 29.0
0 1069.0 219.5 24.0 31.0
0 1058.5 244.0 27.0 34.0
0 995.5 230.5 29.0 27.0
0 1001.0 209.5 22.0 25.0
0 941.0 197.5 24.0 29.0
0 914.5 186.0 21.0 24.0
0 913.0 155.5 22.0 21.0
0 950.0 176.0 18.0 22.0
0 960.5 158.0 25.0 24.0
0 991.0 169.5 22.0 25.0
0 1033.5 176.5 19.0 27.0
0 1047.5 199.5 19.0 25.0
0 1054.0 184.5 18.0 19.0
0 1073.0 174.5 18.0 25.0
