0 21.0 143.5 10.0 13.0
0 131.0 197.5 26.0 29.0
0 198.5 103.5 11.0 13.0
0 214.0 101.0 12.0 14.0
0 228.5 104.5 13.0 17.0
0 282.5 109.0 13.0 14.0
0 287.0 92.0 14.0 14.0
0 283.0 73.5 10.0 13.0
0 289.5 79.5 11.0 11.0
0 305.5 54.0 11.0 14.0
0 312.5 72.5 13.0 13.0
0 328.0 92.5 12.0 15.0
0 343.5 90.0 13.0 14.0
0 330.5 61.5 9.0 11.0
0 365.0 76.5 14.0 13.0
0 380.0 85.5 14.0 15.0
0 382.5 70.0 13.0 14.0
0 399.5 67.0 13.0 12.0
0 380.5 57.5 11.0 11.0
0 362.0 37.5 12.0 11.0
0 387.0 33.5 10.0 13.0
0 413.0 30.0 12.0 10.0
0 421.5 53.5 11.0 11.0
0 437.0 55.5 12.0 11.0
0 451.5 60.0 9.0 10.0
0 466.0 24.0 10.0 10.0
0 407.0 104.5 16.0 17.0
0 365.0 128.5 18.0 21.0
0 397.0 132.0 16.0 20.0
0 456.5 122.0 17.0 20.0
0 507.0 122.0 20.0 24.0
0 540.5 129.5 23.0 27.0
0 602.0 170.0 24.0 28.0
0 571.5 114.0 19.0 24.0
0 601.0 118.0 18.0 22.0
0 536.0 102.5 16.0 21.0
0 556.0 91.0 14.0 18.0
0 569.0 89.5 12.0 13.0
0 516.5 90.5 15.0 13.0
0 488.5 90.0 11.0 12.0
0 457.5 86.0 13.0 14.0
0 474.5 68.0 13.0 14.0
0 480.5 55.0 11.0 12.0
0 490.5 41.0 11.0 10.0
0 512.0 41.0 12.0 12.0
0 541.0 76.0 16.0 18.0
0 571.0 73.0 14.0 16.0
0 543.5 59.0 13.0 14.0
0 551.0 48.5 10.0 11.0
0 562.0 49.0 8.0 10.0
0 569.5 56.5 15.0 17.0
0 587.0 39.5 14.0 15.0
0 604.0 41.0 12.0 16.0
0 615.5 48.0 9.0 8.0
0 626.5 64.0 13.0 16.0
0 611.0 78.0 14.0 18.0
0 634.0 30.5 12.0 13.0
0 657.0 44.5 10.0 13.0
0 665.5 82.0 17.0 22.0
0 648.5 86.0 13.0 18.0
0 639.0 106.5 14.0 19.0
0 654.5 154.5 25.0 31.0
0 674.0 90.0 12.0 16.0
0 694.0 43.0 10.0 12.0
0 513.5 61.0 13.0 14.0
