0 190.5 214.5 51.0 51.0
0 292.5 126.5 15.0 21.0
0 339.5 98.0 17.0 16.0
0 319.5 127.5 17.0 23.0
0 342.5 132.5 21.0 19.0
0 357.0 109.5 16.0 23.0
0 381.0 112.0 18.0 24.0
0 362.5 138.5 19.0 23.0
0 430.5 92.5 15.0 17.0
0 437.0 78.5 20.0 19.0
0 403.5 107.5 17.0 19.0
0 434.0 129.5 22.0 23.0
0 460.5 90.0 19.0 18.0
0 475.0 88.0 16.0 22.0
0 484.5 74.5 15.0 15.0
0 527.5 66.5 17.0 17.0
0 507.5 76.0 19.0 22.0
0 477.5 114.5 17.0 23.0
0 488.0 97.5 22.0 21.0
0 521.5 104.5 23.0 21.0
0 502.0 128.0 24.0 24.0
0 511.5 160.5 21.0 25.0
0 546.0 69.0 16.0 16.0
0 568.0 73.0 16.0 16.0
0 577.5 85.0 21.0 20.0
0 543.5 90.0 15.0 18.0
0 576.0 100.5 20.0 21.0
0 594.5 65.0 13.0 20.0
0 614.5 57.0 13.0 16.0
0 574.5 161.0 27.0 32.0
0 607.0 95.0 16.0 18.0
0 635.5 60.0 13.0 14.0
0 656.0 56.0 14.0 20.0
0 644.0 79.0 14.0 16.0
0 638.0 132.5 22.0 35.0
0 692.0 55.0 16.0 14.0
0 681.0 64.5 18.0 13.0
0 714.5 51.5 13.0 15.0
0 714.0 65.0 16.0 20.0
0 741.5 55.0 11.0 14.0
0 722.0 89.0 16.0 18.0
0 709.5 94.5 19.0 21.0
0 698.5 137.0 23.0 30.0
0 625.0 184.0 28.0 34.0
0 700.0 193.0 36.0 42.0
0 747.5 164.0 23.0 30.0
0 757.0 122.5 24.0 21.0
0 761.0 74.0 16.0 20.0
0 774.0 71.0 16.0 16.0
0 811.0 73.0 16.0 18.0
0 778.0 95.0 22.0 18.0
0 801.0 126.5 20.0 23.0
0 819.0 84.0 20.0 22.0
0 838.0 84.5 14.0 21.0
0 823.5 112.0 19.0 22.0
0 813.5 164.5 23.0 35.0
0 772.0 209.0 30.0 38.0
0 846.5 222.5 31.0 39.0
0 850.0 140.5 24.0 31.0
0 904.5 145.5 23.0 33.0
0 877.0 175.0 26.0 34.0
0 917.5 125.5 15.0 27.0
0 958.0 121.0 16.0 20.0
0 956.5 157.0 19.0 28.0
0 946.5 196.5 19.0 33.0
0 926.0 241.0 34.0 48.0
0 790.5 101.0 23.0 26.0
0 744.5 103.5 17.0 23.0
0 686.5 75.0 21.0 22.0
0 619.0 72.0 14.0 24.0
0 573.0 80.5 18.0 23.0
0 387.5 142.5 17.0 25.0
0 585.5 135.5 25.0 27.0
0 426.5 112.5 19.0 19.0
