0 184.0 204.5 42.0 45.0
0 217.5 218.0 33.0 38.0
0 269.0 170.5 24.0 21.0
0 309.5 159.5 21.0 21.0
0 328.0 134.0 18.0 26.0
0 344.0 148.0 18.0 20.0
0 371.5 168.5 23.0 17.0
0 361.5 129.5 19.0 19.0
0 393.5 152.5 19.0 13.0
0 392.0 134.5 24.0 17.0
0 407.5 120.5 21.0 25.0
0 430.0 103.0 18.0 18.0
0 450.5 110.5 19.0 19.0
0 459.0 132.0 22.0 26.0
0 482.5 139.5 21.0 23.0
0 499.5 151.5 25.0 21.0
0 509.5 127.0 21.0 24.0
0 510.5 109.0 21.0 22.0
0 481.5 106.5 17.0 21.0
0 470.5 116.0 17.0 18.0
0 471.0 93.0 18.0 22.0
0 497.0 92.5 16.0 19.0
0 513.5 82.5 15.0 21.0
0 530.0 87.5 10.0 13.0
0 543.0 91.5 14.0 19.0
0 538.5 102.5 15.0 19.0
0 547.5 123.0 25.0 22.0
0 581.5 98.5 21.0 21.0
0 611.0 104.5 22.0 23.0
0 568.0 77.0 20.0 18.0
0 591.5 62.5 19.0 19.0
0 629.5 72.5 13.0 17.0
0 651.0 88.0 22.0 26.0
0 659.0 66.0 12.0 16.0
0 662.5 57.5 17.0 13.0
0 671.5 70.5 17.0 17.0
0 688.5 60.5 13.0 19.0
0 712.5 70.0 17.0 18.0
0 736.0 58.0 20.0 20.0
0 535.0 176.0 26.0 32.0
0 564.0 209.0 32.0 34.0
0 603.0 150.5 24.0 29.0
0 643.5 162.0 29.0 36.0
0 630.5 216.0 33.0 42.0
0 706.0 218.5 36.0 39.0
0 702.0 179.0 30.0 34.0
0 672.5 123.5 21.0 27.0
0 702.0 128.0 26.0 30.0
0 710.5 104.5 27.0 27.0
0 730.5 133.5 23.0 31.0
0 737.5 109.5 21.0 23.0
0 781.5 178.0 25.0 36.0
0 809.5 182.0 33.0 32.0
0 826.5 130.5 23.0 27.0
0 791.0 121.0 20.0 22.0
0 773.5 109.0 17.0 18.0
0 743.0 87.0 18.0 22.0
0 767.5 85.5 17.0 19.0
0 785.0 95.5 18.0 23.0
0 800.5 103.5 15.0 19.0
0 802.5 85.5 17.0 21.0
0 859.5 150.5 27.0 33.0
0 840.5 114.0 21.0 26.0
0 867.0 101.5 16.0 27.0
0 857.0 73.0 18.0 20.0
0 844.5 86.5 17.0 19.0
0 830.5 75.0 13.0 16.0
0 813.5 78.0 17.0 20.0
0 799.5 65.0 11.0 14.0
0 783.0 74.0 16.0 18.0
0 889.5 81.5 21.0 19.0
0 898.5 96.0 17.0 18.0
0 893.5 109.0 19.0 24.0
0 936.5 126.5 25.0 25.0
0 927.5 104.0 15.0 22.0
0 920.5 87.0 15.0 24.0
0 946.0 102.0 16.0 24.0
0 948.0 89.5 18.0 17.0
0 953.5 82.5 15.0 15.0
0 988.0 94.5 14.0 21.0
0 985.0 120.0 14.0 24.0
0 975.0 129.5 22.0 21.0
0 975.5 160.5 29.0 29.0
