0 106.5 323.5 67.0 69.0
0 225.0 169.5 24.0 29.0
0 259.5 167.5 29.0 33.0
0 311.5 141.0 21.0 26.0
0 361.0 142.0 26.0 26.0
0 361.5 123.0 23.0 22.0
0 389.5 133.5 27.0 31.0
0 415.0 123.5 22.0 21.0
0 429.5 116.0 17.0 20.0
0 465.0 111.5 18.0 21.0
0 462.0 143.5 20.0 25.0
0 437.5 155.5 23.0 33.0
0 523.5 181.0 27.0 32.0
0 519.5 111.0 23.0 24.0
0 517.5 98.5 21.0 19.0
0 545.0 95.5 16.0 21.0
0 558.5 100.0 15.0 22.0
0 565.5 144.0 27.0 36.0
0 600.5 120.0 25.0 24.0
0 576.0 102.0 22.0 26.0
0 593.5 89.0 19.0 24.0
0 624.5 98.5 21.0 23.0
0 665.5 128.5 21.0 27.0
0 667.5 78.5 17.0 25.0
0 676.5 90.0 19.0 20.0
0 695.5 77.0 19.0 22.0
0 703.0 116.5 24.0 25.0
0 703.0 102.0 22.0 22.0
0 719.5 72.5 19.0 19.0
0 729.5 110.5 19.0 23.0
0 753.0 116.0 20.0 24.0
0 732.5 89.0 21.0 20.0
0 760.5 74.5 17.0 21.0
0 797.0 83.0 18.0 22.0
0 796.5 104.5 13.0 21.0
0 807.0 76.0 14.0 18.0
0 835.0 94.5 22.0 23.0
0 837.5 79.5 17.0 19.0
0 863.0 93.0 14.0 20.0
0 843.5 123.5 19.0 27.0
0 812.5 137.0 25.0 34.0
0 752.5 174.5 29.0 29.0
0 697.0 194.0 34.0 34.0
0 739.0 214.0 34.0 40.0
0 797.5 235.0 35.0 34.0
0 876.0 232.5 38.0 41.0
0 883.5 165.5 25.0 31.0
0 916.0 170.0 26.0 34.0
0 903.0 134.5 24.0 25.0
0 904.0 113.5 20.0 21.0
0 937.5 110.0 17.0 26.0
0 949.0 122.5 18.0 25.0
0 963.0 159.0 26.0 34.0
0 991.0 175.0 30.0 34.0
0 999.5 135.0 21.0 26.0
0 986.0 111.5 20.0 31.0
0 1025.0 127.5 18.0 23.0
0 1062.5 137.0 19.0 24.0
0 1070.0 133.5 18.0 21.0
0 1103.0 135.0 20.0 22.0
0 1098.0 154.0 20.0 22.0
0 1082.5 166.5 23.0 27.0
0 1052.0 200.0 22.0 30.0
0 1065.5 186.5 21.0 23.0
0 1083.0 234.0 28.0 40.0
0 1056.0 285.5 32.0 49.0
0 969.5 270.5 43.0 53.0
0 1163.5 278.0 25.0 42.0
0 1155.0 225.5 28.0 39.0
0 1128.0 195.5 26.0 35.0
0 1136.0 159.5 18.0 25.0
0 1156.5 143.0 19.0 26.0
0 1206.5 157.0 21.0 26.0
0 1188.0 180.5 16.0 19.0
0 1189.5 214.5 21.0 31.0
0 1190.0 195.0 18.0 20.0
