0 69.0 383.5 44.0 53.0
0 190.0 239.5 28.0 21.0
0 222.0 263.0 18.0 30.0
0 263.0 259.5 24.0 29.0
0 315.5 258.0 25.0 30.0
0 261.0 221.0 26.0 22.0
0 341.5 233.5 25.0 23.0
0 339.0 208.5 22.0 21.0
0 390.0 186.5 28.0 17.0
0 409.5 233.5 27.0 31.0
0 496.0 287.0 34.0 40.0
0 578.5 297.5 33.0 37.0
0 624.5 318.5 35.0 47.0
0 674.0 321.0 40.0 50.0
0 765.0 380.5 34.0 49.0
0 454.5 245.5 23.0 21.0
0 479.5 223.0 21.0 24.0
0 522.0 230.5 22.0 25.0
0 431.0 182.0 20.0 16.0
0 451.5 189.0 15.0 20.0
0 469.0 191.0 14.0 20.0
0 472.0 172.0 16.0 16.0
0 529.0 185.0 16.0 24.0
0 550.5 174.0 13.0 20.0
0 587.5 173.0 15.0 20.0
0 588.5 155.0 13.0 14.0
0 546.0 200.0 16.0 18.0
0 581.5 201.0 17.0 22.0
0 569.0 254.5 26.0 33.0
0 658.0 270.0 28.0 30.0
0 646.0 228.0 26.0 28.0
0 613.0 188.5 20.0 19.0
0 673.5 181.5 19.0 19.0
0 643.5 177.5 17.0 17.0
0 692.5 159.0 17.0 18.0
0 677.0 148.0 14.0 22.0
0 605.5 155.5 13.0 13.0
0 653.0 149.0 20.0 18.0
0 376.5 237.5 23.0 25.0
0 721.0 148.5 16.0 15.0
0 760.0 212.0 18.0 28.0
0 773.0 176.0 16.0 26.0
0 729.0 194.5 20.0 25.0
0 733.0 160.5 14.0 15.0
0 804.5 169.0 17.0 22.0
0 823.5 161.5 17.0 21.0
0 842.0 183.5 14.0 23.0
0 859.5 197.0 19.0 26.0
0 864.5 166.5 15.0 19.0
0 899.0 170.5 20.0 21.0
0 906.5 211.5 21.0 25.0
0 901.5 251.0 27.0 34.0
0 919.5 238.5 17.0 27.0
0 939.0 227.0 16.0 24.0
0 953.0 197.0 18.0 20.0
0 973.0 181.5 16.0 21.0
0 936.0 180.0 12.0 18.0
0 1004.5 197.5 15.0 25.0
0 1001.0 226.5 20.0 25.0
0 958.0 231.0 0.0 0.0
0 683.5 216.5 25.0 23.0
0 708.0 261.5 30.0 41.0
0 752.0 251.5 26.0 31.0
0 792.0 284.0 34.0 38.0
0 857.0 300.0 30.0 42.0
0 912.5 354.5 29.0 43.0
0 941.0 334.0 28.0 42.0
0 951.5 295.0 27.0 40.0
0 971.5 244.5 23.0 29.0
0 1025.5 229.5 19.0 23.0
0 1048.5 216.0 21.0 20.0
0 1039.0 256.0 22.0 28.0
0 1020.0 319.0 26.0 46.0
0 1056.0 198.5 16.0 15.0
0 816.5 182.0 15.0 24.0
0 405.5 214.0 17.0 18.0
0 402.0 199.0 18.0 18.0
0 481.5 167.0 15.0 16.0
