0 228.0 86.0 14.0 18.0
0 284.0 119.5 18.0 19.0
0 376.5 108.5 19.0 19.0
0 389.0 130.5 20.0 23.0
0 409.5 94.5 17.0 21.0
0 421.5 75.5 17.0 17.0
0 443.5 92.0 17.0 20.0
0 408.5 121.5 17.0 19.0
0 502.5 88.5 15.0 19.0
0 516.0 95.5 18.0 21.0
0 581.0 63.5 16.0 17.0
0 578.0 113.5 22.0 27.0
0 616.5 114.0 19.0 26.0
0 619.0 87.5 20.0 23.0
0 677.0 113.5 20.0 27.0
0 574.5 164.0 29.0 38.0
0 586.0 139.0 22.0 30.0
0 611.5 153.5 27.0 29.0
0 634.0 165.5 30.0 41.0
0 762.0 130.5 24.0 27.0
0 801.0 136.5 24.0 29.0
0 858.0 127.5 20.0 25.0
