0 976.0 207.0 24.0 32.0
0 1017.0 255.5 32.0 49.0
0 1069.0 256.5 32.0 47.0
0 1034.5 151.0 19.0 32.0
0 1077.0 114.5 16.0 23.0
0 1120.0 124.0 18.0 26.0
0 1091.0 154.5 24.0 33.0
0 1109.5 214.0 29.0 46.0
0 1137.5 236.0 29.0 44.0
0 1144.5 205.5 25.0 35.0
0 885.5 162.0 23.0 36.0
0 820.0 156.5 24.0 35.0
0 740.5 75.0 11.0 14.0
0 693.0 157.5 22.0 35.0
0 607.0 139.0 22.0 28.0
0 513.0 137.5 18.0 23.0
0 474.0 167.5 20.0 27.0
0 498.5 169.0 23.0 26.0
0 518.5 163.5 21.0 23.0
0 410.0 174.0 20.0 22.0
0 214.0 329.0 46.0 52.0
