0 213.5 194.5 37.0 47.0
0 170.0 113.0 18.0 22.0
0 357.5 114.0 37.0 32.0
0 402.0 102.5 22.0 35.0
0 612.5 116.5 25.0 19.0
0 426.5 78.0 13.0 12.0
0 449.0 76.5 14.0 13.0
0 475.0 76.0 12.0 14.0
0 505.5 69.5 17.0 15.0
0 438.0 93.0 14.0 12.0
0 481.0 106.5 14.0 15.0
0 465.5 104.0 17.0 16.0
0 698.5 107.5 15.0 23.0
0 678.5 94.5 15.0 19.0
0 620.5 66.5 13.0 15.0
0 636.0 69.5 12.0 19.0
0 706.0 83.5 10.0 15.0
0 716.5 99.5 19.0 15.0
0 752.0 80.5 14.0 15.0
0 788.0 78.0 14.0 18.0
0 767.5 99.0 13.0 20.0
0 803.5 98.5 15.0 15.0
0 785.5 96.0 17.0 16.0
0 843.5 157.5 17.0 25.0
0 905.0 129.0 16.0 18.0
0 873.5 92.5 13.0 17.0
0 907.5 103.0 13.0 16.0
0 947.0 98.5 18.0 23.0
