0 81.0 160.0 26.0 30.0
0 294.0 138.5 18.0 19.0
0 287.0 129.5 18.0 23.0
0 337.0 110.5 18.0 23.0
0 358.5 113.0 19.0 22.0
0 361.0 129.0 18.0 22.0
0 384.5 137.0 23.0 26.0
0 340.5 131.5 19.0 21.0
0 384.5 116.0 15.0 22.0
0 400.0 120.0 16.0 20.0
0 390.5 100.0 17.0 20.0
0 410.0 99.0 12.0 20.0
0 429.0 117.5 16.0 21.0
0 413.0 139.5 26.0 25.0
0 451.5 142.5 23.0 29.0
0 452.0 116.5 20.0 23.0
0 471.5 117.5 21.0 25.0
0 433.0 92.5 16.0 17.0
0 455.5 93.0 19.0 22.0
0 492.0 79.5 12.0 15.0
0 494.5 86.5 13.0 15.0
0 503.5 89.5 15.0 15.0
0 508.0 107.5 20.0 21.0
0 532.5 103.5 21.0 21.0
0 519.5 87.5 15.0 17.0
0 511.5 77.5 13.0 15.0
0 530.5 79.0 13.0 12.0
0 558.0 74.0 16.0 14.0
0 563.0 81.5 14.0 15.0
0 577.0 93.0 14.0 18.0
0 567.5 106.5 17.0 25.0
0 545.5 92.5 17.0 21.0
0 586.5 82.5 15.0 19.0
0 602.5 80.5 13.0 17.0
0 615.5 96.5 15.0 21.0
0 617.0 73.0 10.0 14.0
0 623.5 73.5 13.0 15.0
0 635.0 79.5 14.0 19.0
0 650.0 72.0 16.0 20.0
0 673.5 71.0 13.0 14.0
0 667.5 63.5 11.0 11.0
0 693.5 77.5 13.0 19.0
0 696.0 64.5 10.0 15.0
0 705.5 73.5 13.0 15.0
0 718.0 68.0 14.0 18.0
0 678.5 107.5 19.0 21.0
0 665.5 84.0 13.0 14.0
0 652.5 91.0 15.0 18.0
0 603.0 132.0 26.0 28.0
0 633.5 121.0 25.0 28.0
0 650.0 144.5 26.0 31.0
0 703.0 150.0 26.0 30.0
0 693.0 129.5 22.0 29.0
0 714.5 106.0 17.0 24.0
0 728.0 107.0 16.0 22.0
0 749.5 103.0 19.0 22.0
0 710.0 187.5 34.0 45.0
0 762.0 219.5 32.0 39.0
0 808.0 172.0 28.0 36.0
0 781.5 145.0 27.0 36.0
0 745.0 140.0 22.0 30.0
0 768.0 114.0 22.0 24.0
0 746.5 88.0 17.0 18.0
0 774.0 79.0 14.0 18.0
0 795.0 79.0 14.0 16.0
0 802.0 85.5 12.0 15.0
0 807.0 98.0 12.0 16.0
0 812.0 119.5 18.0 23.0
0 830.5 117.0 17.0 22.0
0 855.5 128.5 21.0 25.0
0 841.5 153.0 23.0 34.0
0 872.0 133.0 16.0 22.0
0 845.5 102.5 15.0 21.0
0 814.5 82.0 15.0 18.0
0 839.0 85.0 12.0 18.0
0 851.5 91.0 15.0 20.0
0 870.5 90.0 15.0 20.0
0 890.0 95.5 16.0 23.0
0 882.5 110.0 15.0 22.0
0 903.5 133.5 19.0 23.0
0 912.0 122.0 16.0 24.0
0 917.5 110.0 17.0 18.0
0 928.0 90.5 12.0 23.0
0 965.0 107.5 14.0 25.0
0 953.0 120.0 16.0 24.0
0 959.0 135.0 18.0 24.0
0 938.5 151.5 23.0 29.0
0 928.5 186.0 31.0 36.0
